# scale_objective=1000
type,phase,scene,name,rhs,dual,coefficients
o,50,1,sddp_fcut_0_50_36_0,6.87274e+08,,rsv_vol_1_50_50_500=-0,rsv_vol_6_50_50_500=2.32171,rsv_vol_21_50_50_500=-9000,rsv_vol_28_50_50_500=-0,rsv_vol_37_50_50_500=-0,rsv_vol_63_50_50_500=7427.31,rsv_vol_65_50_50_500=16991.9,rsv_vol_67_50_50_500=-0,sddp_alpha_0_49=1000
o,49,1,sddp_ecut_0_49_36_1,1.30923e+09,,rsv_vol_1_50_49_490=149063,rsv_vol_6_50_49_490=2.44305,rsv_vol_21_50_49_490=25304.6,rsv_vol_28_50_49_490=7.75567,rsv_vol_37_50_49_490=2.49015,rsv_vol_63_50_49_490=9466.13,rsv_vol_65_50_49_490=33895.7,rsv_vol_67_50_49_490=16582.5,sddp_alpha_0_48=1000
o,48,1,sddp_ecut_0_48_36_2,1.966e+09,,rsv_vol_1_50_48_480=149063,rsv_vol_6_50_48_480=-12.5328,rsv_vol_21_50_48_480=23391.1,rsv_vol_28_50_48_480=15.0846,rsv_vol_37_50_48_480=5.99979,rsv_vol_63_50_48_480=9230.06,rsv_vol_65_50_48_480=33895.7,rsv_vol_67_50_48_480=15454,sddp_alpha_0_47=1000
o,47,1,sddp_ecut_0_47_36_3,2.60393e+09,,rsv_vol_1_50_47_470=149063,rsv_vol_6_50_47_470=-14.8157,rsv_vol_21_50_47_470=21190.1,rsv_vol_28_50_47_470=20.0517,rsv_vol_37_50_47_470=8.56421,rsv_vol_63_50_47_470=9136.81,rsv_vol_65_50_47_470=26778.2,rsv_vol_67_50_47_470=14480.1,sddp_alpha_0_46=1000
o,46,1,sddp_ecut_0_46_36_4,3.22538e+09,,rsv_vol_1_50_46_460=153892,rsv_vol_6_50_46_460=43108.3,rsv_vol_21_50_46_460=14319.1,rsv_vol_28_50_46_460=23.5266,rsv_vol_37_50_46_460=11.1179,rsv_vol_63_50_46_460=9913.6,rsv_vol_65_50_46_460=28328.5,rsv_vol_67_50_46_460=14297,sddp_alpha_0_45=1000
o,45,1,sddp_ecut_0_45_36_5,3.91554e+09,,rsv_vol_1_50_45_450=160436,rsv_vol_6_50_45_450=85663.7,rsv_vol_21_50_45_450=23796,rsv_vol_28_50_45_450=26.5289,rsv_vol_37_50_45_450=14.2957,rsv_vol_63_50_45_450=9510.02,rsv_vol_65_50_45_450=37429.5,rsv_vol_67_50_45_450=16687.8,sddp_alpha_0_44=1000
o,44,1,sddp_ecut_0_44_36_6,4.60555e+09,,rsv_vol_1_50_44_440=162126,rsv_vol_6_50_44_440=96581.1,rsv_vol_21_50_44_440=24334.8,rsv_vol_28_50_44_440=33.59,rsv_vol_37_50_44_440=17.3171,rsv_vol_63_50_44_440=9098.48,rsv_vol_65_50_44_440=37102.3,rsv_vol_67_50_44_440=16498.2,sddp_alpha_0_43=1000
o,43,1,sddp_ecut_0_43_36_7,5.38812e+09,,rsv_vol_1_50_43_430=174035,rsv_vol_6_50_43_430=112129,rsv_vol_21_50_43_430=36516.3,rsv_vol_28_50_43_430=11544.7,rsv_vol_37_50_43_430=21.1119,rsv_vol_63_50_43_430=9359.94,rsv_vol_65_50_43_430=34408.3,rsv_vol_67_50_43_430=16583.6,sddp_alpha_0_42=1000
o,42,1,sddp_ecut_0_42_36_8,6.24165e+09,,rsv_vol_1_50_42_420=177761,rsv_vol_6_50_42_420=114467,rsv_vol_21_50_42_420=56615.6,rsv_vol_28_50_42_420=29682.7,rsv_vol_37_50_42_420=25.8751,rsv_vol_63_50_42_420=10034.7,rsv_vol_65_50_42_420=39197.2,rsv_vol_67_50_42_420=17632.2,sddp_alpha_0_41=1000
o,41,1,sddp_ecut_0_41_36_9,7.10351e+09,,rsv_vol_1_50_41_410=196412,rsv_vol_6_50_41_410=114459,rsv_vol_21_50_41_410=58490.2,rsv_vol_28_50_41_410=32406.7,rsv_vol_37_50_41_410=30.8888,rsv_vol_63_50_41_410=10350.1,rsv_vol_65_50_41_410=41585.9,rsv_vol_67_50_41_410=18783.4,sddp_alpha_0_40=1000
o,40,1,sddp_ecut_0_40_36_10,8.00862e+09,,rsv_vol_1_50_40_400=226481,rsv_vol_6_50_40_400=114456,rsv_vol_21_50_40_400=69410.2,rsv_vol_28_50_40_400=37329.6,rsv_vol_37_50_40_400=38.8665,rsv_vol_63_50_40_400=11933.5,rsv_vol_65_50_40_400=51757.2,rsv_vol_67_50_40_400=25139.1,sddp_alpha_0_39=1000
o,39,1,sddp_ecut_0_39_36_11,8.82823e+09,,rsv_vol_1_50_39_390=255507,rsv_vol_6_50_39_390=114449,rsv_vol_21_50_39_390=76341.8,rsv_vol_28_50_39_390=39697.6,rsv_vol_37_50_39_390=44.3965,rsv_vol_63_50_39_390=13611.1,rsv_vol_65_50_39_390=70934.4,rsv_vol_67_50_39_390=40458,sddp_alpha_0_38=1000
o,38,1,sddp_ecut_0_38_36_12,9.63494e+09,,rsv_vol_1_50_38_380=258608,rsv_vol_6_50_38_380=114442,rsv_vol_21_50_38_380=76848.9,rsv_vol_28_50_38_380=39706,rsv_vol_37_50_38_380=48.6601,rsv_vol_63_50_38_380=13913.8,rsv_vol_65_50_38_380=82035.6,rsv_vol_67_50_38_380=51111.5,sddp_alpha_0_37=1000
o,37,1,sddp_ecut_0_37_36_13,1.02958e+10,,rsv_vol_1_50_37_370=258608,rsv_vol_6_50_37_370=43593.2,rsv_vol_21_50_37_370=75671.8,rsv_vol_28_50_37_370=39712.7,rsv_vol_37_50_37_370=52.0582,rsv_vol_63_50_37_370=13922.4,rsv_vol_65_50_37_370=96199.7,rsv_vol_67_50_37_370=66228.7,sddp_alpha_0_36=1000
o,36,1,sddp_ecut_0_36_36_14,1.10083e+10,,rsv_vol_1_50_36_360=258608,rsv_vol_6_50_36_360=34915.1,rsv_vol_21_50_36_360=71950,rsv_vol_28_50_36_360=39440.3,rsv_vol_37_50_36_360=57.5584,rsv_vol_63_50_36_360=13774.4,rsv_vol_65_50_36_360=100572,rsv_vol_67_50_36_360=73466,sddp_alpha_0_35=1000
o,35,1,sddp_ecut_0_35_36_15,1.17084e+10,,rsv_vol_1_50_35_350=258608,rsv_vol_6_50_35_350=17908.2,rsv_vol_21_50_35_350=56325.7,rsv_vol_28_50_35_350=28944.1,rsv_vol_37_50_35_350=61.5099,rsv_vol_63_50_35_350=13588.7,rsv_vol_65_50_35_350=100572,rsv_vol_67_50_35_350=72605.9,sddp_alpha_0_34=1000
o,34,1,sddp_ecut_0_34_36_16,1.23536e+10,,rsv_vol_1_50_34_340=258608,rsv_vol_6_50_34_340=6649.4,rsv_vol_21_50_34_340=25566.7,rsv_vol_28_50_34_340=10854,rsv_vol_37_50_34_340=64.969,rsv_vol_63_50_34_340=12676.1,rsv_vol_65_50_34_340=100587,rsv_vol_67_50_34_340=56673.6,sddp_alpha_0_33=1000
o,33,1,sddp_ecut_0_33_36_17,1.30657e+10,,rsv_vol_1_50_33_330=258608,rsv_vol_6_50_33_330=6241.28,rsv_vol_21_50_33_330=20281.4,rsv_vol_28_50_33_330=3212.44,rsv_vol_37_50_33_330=68.4466,rsv_vol_63_50_33_330=11319.9,rsv_vol_65_50_33_330=68404.6,rsv_vol_67_50_33_330=43474.7,sddp_alpha_0_32=1000
o,32,1,sddp_ecut_0_32_36_18,1.38258e+10,,rsv_vol_1_50_32_320=258608,rsv_vol_6_50_32_320=6256.14,rsv_vol_21_50_32_320=29697.6,rsv_vol_28_50_32_320=1405.44,rsv_vol_37_50_32_320=71.5757,rsv_vol_63_50_32_320=10025.1,rsv_vol_65_50_32_320=56928.5,rsv_vol_67_50_32_320=32869.1,sddp_alpha_0_31=1000
o,31,1,sddp_ecut_0_31_36_19,1.46959e+10,,rsv_vol_1_50_31_310=258608,rsv_vol_6_50_31_310=6276.73,rsv_vol_21_50_31_310=31054,rsv_vol_28_50_31_310=439.201,rsv_vol_37_50_31_310=75.6827,rsv_vol_63_50_31_310=11405.8,rsv_vol_65_50_31_310=51139.8,rsv_vol_67_50_31_310=26493.8,sddp_alpha_0_30=1000
o,30,1,sddp_ecut_0_30_36_20,1.56528e+10,,rsv_vol_1_50_30_300=258608,rsv_vol_6_50_30_300=6290.78,rsv_vol_21_50_30_300=31574.4,rsv_vol_28_50_30_300=0,rsv_vol_37_50_30_300=81.631,rsv_vol_63_50_30_300=11673.7,rsv_vol_65_50_30_300=51165.5,rsv_vol_67_50_30_300=24723.3,sddp_alpha_0_29=1000
o,29,1,sddp_ecut_0_29_36_21,1.66358e+10,,rsv_vol_1_50_29_290=258608,rsv_vol_6_50_29_290=6316.67,rsv_vol_21_50_29_290=30279.7,rsv_vol_28_50_29_290=0,rsv_vol_37_50_29_290=84.2552,rsv_vol_63_50_29_290=12218.3,rsv_vol_65_50_29_290=52007.6,rsv_vol_67_50_29_290=24664.5,sddp_alpha_0_28=1000
o,28,1,sddp_ecut_0_28_36_22,1.76674e+10,,rsv_vol_1_50_28_280=258608,rsv_vol_6_50_28_280=6346.78,rsv_vol_21_50_28_280=32856,rsv_vol_28_50_28_280=28.2723,rsv_vol_37_50_28_280=91.5835,rsv_vol_63_50_28_280=12266.3,rsv_vol_65_50_28_280=52979.3,rsv_vol_67_50_28_280=25678.7,sddp_alpha_0_27=1000
o,27,1,sddp_ecut_0_27_36_23,1.86026e+10,,rsv_vol_1_50_27_270=258608,rsv_vol_6_50_27_270=945.836,rsv_vol_21_50_27_270=34311.2,rsv_vol_28_50_27_270=921.621,rsv_vol_37_50_27_270=93.1398,rsv_vol_63_50_27_270=12481,rsv_vol_65_50_27_270=63144.5,rsv_vol_67_50_27_270=35304.8,sddp_alpha_0_26=1000
o,26,1,sddp_ecut_0_26_36_24,1.95577e+10,,rsv_vol_1_50_26_260=258608,rsv_vol_6_50_26_260=555.055,rsv_vol_21_50_26_260=35777.5,rsv_vol_28_50_26_260=930.931,rsv_vol_37_50_26_260=99.5691,rsv_vol_63_50_26_260=13166.4,rsv_vol_65_50_26_260=79434,rsv_vol_67_50_26_260=50398.2,sddp_alpha_0_25=1000
o,25,1,sddp_ecut_0_25_36_25,2.03966e+10,,rsv_vol_1_50_25_250=264896,rsv_vol_6_50_25_250=303.185,rsv_vol_21_50_25_250=38903.5,rsv_vol_28_50_25_250=940.315,rsv_vol_37_50_25_250=106.15,rsv_vol_63_50_25_250=15573.3,rsv_vol_65_50_25_250=83661.4,rsv_vol_67_50_25_250=48800.9,sddp_alpha_0_24=1000
o,24,1,sddp_ecut_0_24_36_26,2.12887e+10,,rsv_vol_1_50_24_240=264896,rsv_vol_6_50_24_240=-0.308467,rsv_vol_21_50_24_240=25672.2,rsv_vol_28_50_24_240=949.183,rsv_vol_37_50_24_240=111.802,rsv_vol_63_50_24_240=14174.9,rsv_vol_65_50_24_240=83661.4,rsv_vol_67_50_24_240=54991.1,sddp_alpha_0_23=1000
o,23,1,sddp_ecut_0_23_36_27,2.21313e+10,,rsv_vol_1_50_23_230=264896,rsv_vol_6_50_23_230=-190.44,rsv_vol_21_50_23_230=22751.3,rsv_vol_28_50_23_230=836.931,rsv_vol_37_50_23_230=114.727,rsv_vol_63_50_23_230=12857.8,rsv_vol_65_50_23_230=80411.4,rsv_vol_67_50_23_230=57385.7,sddp_alpha_0_22=1000
o,22,1,sddp_ecut_0_22_36_28,2.23467e+10,,rsv_vol_1_50_22_220=264896,rsv_vol_6_50_22_220=-251.22,rsv_vol_21_50_22_220=7967.48,rsv_vol_28_50_22_220=838.733,rsv_vol_37_50_22_220=115.513,rsv_vol_63_50_22_220=12866.8,rsv_vol_65_50_22_220=80411.4,rsv_vol_67_50_22_220=56272.7,sddp_alpha_0_21=1000
o,21,1,sddp_ecut_0_21_36_29,2.25344e+10,,rsv_vol_1_50_21_210=264896,rsv_vol_6_50_21_210=-263.989,rsv_vol_21_50_21_210=4550.3,rsv_vol_28_50_21_210=839.934,rsv_vol_37_50_21_210=116.191,rsv_vol_63_50_21_210=12763.2,rsv_vol_65_50_21_210=80411.4,rsv_vol_67_50_21_210=53349.3,sddp_alpha_0_20=1000
o,20,1,sddp_ecut_0_20_36_30,2.27454e+10,,rsv_vol_1_50_20_200=264896,rsv_vol_6_50_20_200=-265.507,rsv_vol_21_50_20_200=4685.56,rsv_vol_28_50_20_200=841.135,rsv_vol_37_50_20_200=116.927,rsv_vol_63_50_20_200=12541.8,rsv_vol_65_50_20_200=80411.4,rsv_vol_67_50_20_200=48438.9,sddp_alpha_0_19=1000
o,19,1,sddp_ecut_0_19_36_31,2.29286e+10,,rsv_vol_1_50_19_190=264896,rsv_vol_6_50_19_190=-265.626,rsv_vol_21_50_19_190=4504.06,rsv_vol_28_50_19_190=842.337,rsv_vol_37_50_19_190=117.568,rsv_vol_63_50_19_190=12380,rsv_vol_65_50_19_190=80411.4,rsv_vol_67_50_19_190=50461.8,sddp_alpha_0_18=1000
o,18,1,sddp_ecut_0_18_36_32,2.31542e+10,,rsv_vol_1_50_18_180=264896,rsv_vol_6_50_18_180=-266.222,rsv_vol_21_50_18_180=4478.88,rsv_vol_28_50_18_180=843.548,rsv_vol_37_50_18_180=118.348,rsv_vol_63_50_18_180=11933,rsv_vol_65_50_18_180=80411.4,rsv_vol_67_50_18_180=51464.1,sddp_alpha_0_17=1000
o,17,1,sddp_ecut_0_17_36_33,2.33833e+10,,rsv_vol_1_50_17_170=264896,rsv_vol_6_50_17_170=-265.444,rsv_vol_21_50_17_170=4627.88,rsv_vol_28_50_17_170=844.758,rsv_vol_37_50_17_170=119.122,rsv_vol_63_50_17_170=11526.4,rsv_vol_65_50_17_170=80411.4,rsv_vol_67_50_17_170=52070.8,sddp_alpha_0_16=1000
o,16,1,sddp_ecut_0_16_36_34,2.36149e+10,,rsv_vol_1_50_16_160=264896,rsv_vol_6_50_16_160=-263.258,rsv_vol_21_50_16_160=4655.46,rsv_vol_28_50_16_160=845.969,rsv_vol_37_50_16_160=119.902,rsv_vol_63_50_16_160=11268.9,rsv_vol_65_50_16_160=80411.4,rsv_vol_67_50_16_160=54592.3,sddp_alpha_0_15=1000
o,15,1,sddp_ecut_0_15_36_35,2.38173e+10,,rsv_vol_1_50_15_150=264896,rsv_vol_6_50_15_150=-261.114,rsv_vol_21_50_15_150=15456.3,rsv_vol_28_50_15_150=847.786,rsv_vol_37_50_15_150=120.498,rsv_vol_63_50_15_150=10385.9,rsv_vol_65_50_15_150=80411.4,rsv_vol_67_50_15_150=51116.6,sddp_alpha_0_14=1000
o,14,1,sddp_ecut_0_14_36_36,2.40589e+10,,rsv_vol_1_50_14_140=264896,rsv_vol_6_50_14_140=-256.987,rsv_vol_21_50_14_140=20829.3,rsv_vol_28_50_14_140=852.668,rsv_vol_37_50_14_140=121.269,rsv_vol_63_50_14_140=9840.04,rsv_vol_65_50_14_140=80411.4,rsv_vol_67_50_14_140=50379.1,sddp_alpha_0_13=1000
o,13,1,sddp_ecut_0_13_36_37,2.42684e+10,,rsv_vol_1_50_13_130=264896,rsv_vol_6_50_13_130=-253.328,rsv_vol_21_50_13_130=16276.4,rsv_vol_28_50_13_130=859.381,rsv_vol_37_50_13_130=121.969,rsv_vol_63_50_13_130=9241.93,rsv_vol_65_50_13_130=80411.4,rsv_vol_67_50_13_130=52708.4,sddp_alpha_0_12=1000
o,12,1,sddp_ecut_0_12_36_38,2.45092e+10,,rsv_vol_1_50_12_120=264896,rsv_vol_6_50_12_120=-249.035,rsv_vol_21_50_12_120=21957,rsv_vol_28_50_12_120=866.094,rsv_vol_37_50_12_120=122.788,rsv_vol_63_50_12_120=8841.44,rsv_vol_65_50_12_120=80411.4,rsv_vol_67_50_12_120=51293.1,sddp_alpha_0_11=1000
o,11,1,sddp_ecut_0_11_36_39,2.4722e+10,,rsv_vol_1_50_11_110=264896,rsv_vol_6_50_11_110=-245.17,rsv_vol_21_50_11_110=24276.8,rsv_vol_28_50_11_110=873.418,rsv_vol_37_50_11_110=123.526,rsv_vol_63_50_11_110=8605.68,rsv_vol_65_50_11_110=80411.4,rsv_vol_67_50_11_110=54924.8,sddp_alpha_0_10=1000
o,10,1,sddp_ecut_0_10_36_40,2.4972e+10,,rsv_vol_1_50_10_100=264896,rsv_vol_6_50_10_100=-240.833,rsv_vol_21_50_10_100=27453.9,rsv_vol_28_50_10_100=882.03,rsv_vol_37_50_10_100=124.631,rsv_vol_63_50_10_100=8508.14,rsv_vol_65_50_10_100=80411.9,rsv_vol_67_50_10_100=56264.9,sddp_alpha_0_9=1000
o,9,1,sddp_ecut_0_9_36_41,2.52251e+10,,rsv_vol_1_50_9_90=264896,rsv_vol_6_50_9_90=-235.909,rsv_vol_21_50_9_90=28466.1,rsv_vol_28_50_9_90=882.03,rsv_vol_37_50_9_90=125.817,rsv_vol_63_50_9_90=9407.86,rsv_vol_65_50_9_90=80411.9,rsv_vol_67_50_9_90=50822.3,sddp_alpha_0_8=1000
o,8,1,sddp_ecut_0_8_36_42,2.54832e+10,,rsv_vol_1_50_8_80=264896,rsv_vol_6_50_8_80=-228.13,rsv_vol_21_50_8_80=31777.1,rsv_vol_28_50_8_80=882.03,rsv_vol_37_50_8_80=127.33,rsv_vol_63_50_8_80=10900.8,rsv_vol_65_50_8_80=81111.2,rsv_vol_67_50_8_80=53805.8,sddp_alpha_0_7=1000
o,7,1,sddp_ecut_0_7_36_43,2.57074e+10,,rsv_vol_1_50_7_70=264896,rsv_vol_6_50_7_70=-221.046,rsv_vol_21_50_7_70=32222.4,rsv_vol_28_50_7_70=882.03,rsv_vol_37_50_7_70=128.703,rsv_vol_63_50_7_70=11920,rsv_vol_65_50_7_70=81111.2,rsv_vol_67_50_7_70=32149.6,sddp_alpha_0_6=1000
o,6,1,sddp_ecut_0_6_36_44,2.59852e+10,,rsv_vol_1_50_6_60=264896,rsv_vol_6_50_6_60=-212.908,rsv_vol_21_50_6_60=29136.6,rsv_vol_28_50_6_60=882.03,rsv_vol_37_50_6_60=130.445,rsv_vol_63_50_6_60=10766,rsv_vol_65_50_6_60=81111.2,rsv_vol_67_50_6_60=25261.5,sddp_alpha_0_5=1000
o,5,1,sddp_ecut_0_5_36_45,2.6261e+10,,rsv_vol_1_50_5_50=264896,rsv_vol_6_50_5_50=-205.113,rsv_vol_21_50_5_50=27776.4,rsv_vol_28_50_5_50=882.03,rsv_vol_37_50_5_50=131.818,rsv_vol_63_50_5_50=8377.56,rsv_vol_65_50_5_50=81111.2,rsv_vol_67_50_5_50=21207.6,sddp_alpha_0_4=1000
o,4,1,sddp_ecut_0_4_36_46,2.65389e+10,,rsv_vol_1_50_4_40=264896,rsv_vol_6_50_4_40=-196.768,rsv_vol_21_50_4_40=29796.2,rsv_vol_28_50_4_40=882.03,rsv_vol_37_50_4_40=133.37,rsv_vol_63_50_4_40=4188.78,rsv_vol_65_50_4_40=81111.2,rsv_vol_67_50_4_40=21222.4,sddp_alpha_0_3=1000
o,3,1,sddp_ecut_0_3_36_47,2.67863e+10,,rsv_vol_1_50_3_30=264896,rsv_vol_6_50_3_30=-188.775,rsv_vol_21_50_3_30=31621.3,rsv_vol_28_50_3_30=882.03,rsv_vol_37_50_3_30=134.734,rsv_vol_63_50_3_30=2879.79,rsv_vol_65_50_3_30=81111.2,rsv_vol_67_50_3_30=23235.1,sddp_alpha_0_2=1000
o,2,1,sddp_ecut_0_2_36_48,2.70056e+10,,rsv_vol_1_50_2_20=264896,rsv_vol_6_50_2_20=-182.573,rsv_vol_21_50_2_20=26479.7,rsv_vol_28_50_2_20=882.03,rsv_vol_37_50_2_20=135.316,rsv_vol_63_50_2_20=1979.85,rsv_vol_65_50_2_20=81111.2,rsv_vol_67_50_2_20=22931.8,sddp_alpha_0_1=1000
o,1,1,sddp_ecut_0_1_36_49,2.7257e+10,,rsv_vol_1_50_1_10=264896,rsv_vol_6_50_1_10=-175.449,rsv_vol_21_50_1_10=23635.5,rsv_vol_28_50_1_10=882.03,rsv_vol_37_50_1_10=135.897,rsv_vol_63_50_1_10=1608.63,rsv_vol_65_50_1_10=78843.8,rsv_vol_67_50_1_10=20983,sddp_alpha_0_0=1000
o,50,1,sddp_ecut_0_50_37_0,7.47582e+08,,rsv_vol_1_50_50_500=0,rsv_vol_6_50_50_500=2.10279,rsv_vol_21_50_50_500=0,rsv_vol_28_50_50_500=0,rsv_vol_37_50_50_500=3.14454,rsv_vol_63_50_50_500=10440.3,rsv_vol_65_50_50_500=39566.8,rsv_vol_67_50_50_500=17753.1,sddp_alpha_0_49=1000
o,49,1,sddp_ecut_0_49_37_1,5.94245e+08,,rsv_vol_1_50_49_490=0,rsv_vol_6_50_49_490=-12.3816,rsv_vol_21_50_49_490=0,rsv_vol_28_50_49_490=0,rsv_vol_37_50_49_490=1.87958,rsv_vol_63_50_49_490=8418.64,rsv_vol_65_50_49_490=0,rsv_vol_67_50_49_490=14416.9,sddp_alpha_0_48=1000
o,48,1,sddp_ecut_0_48_37_2,6.5112e+08,,rsv_vol_1_50_48_480=0,rsv_vol_6_50_48_480=-26.4146,rsv_vol_21_50_48_480=0,rsv_vol_28_50_48_480=0,rsv_vol_37_50_48_480=2.43005,rsv_vol_63_50_48_480=7621.99,rsv_vol_65_50_48_480=0,rsv_vol_67_50_48_480=13639.3,sddp_alpha_0_47=1000
o,47,1,sddp_ecut_0_47_37_3,6.4186e+08,,rsv_vol_1_50_47_470=0,rsv_vol_6_50_47_470=-95.2668,rsv_vol_21_50_47_470=0,rsv_vol_28_50_47_470=0,rsv_vol_37_50_47_470=1.45394,rsv_vol_63_50_47_470=7678.17,rsv_vol_65_50_47_470=0,rsv_vol_67_50_47_470=9022.1,sddp_alpha_0_46=1000
o,46,1,sddp_ecut_0_46_37_4,6.21959e+08,,rsv_vol_1_50_46_460=0,rsv_vol_6_50_46_460=-123.55,rsv_vol_21_50_46_460=0,rsv_vol_28_50_46_460=0,rsv_vol_37_50_46_460=1.76338,rsv_vol_63_50_46_460=7622.2,rsv_vol_65_50_46_460=0,rsv_vol_67_50_46_460=6941.93,sddp_alpha_0_45=1000
o,45,1,sddp_ecut_0_45_37_5,6.87401e+08,,rsv_vol_1_50_45_450=0,rsv_vol_6_50_45_450=0.839902,rsv_vol_21_50_45_450=0,rsv_vol_28_50_45_450=0,rsv_vol_37_50_45_450=2.51234,rsv_vol_63_50_45_450=7123.3,rsv_vol_65_50_45_450=0,rsv_vol_67_50_45_450=11127.6,sddp_alpha_0_44=1000
o,44,1,sddp_ecut_0_44_37_6,6.90026e+08,,rsv_vol_1_50_44_440=0,rsv_vol_6_50_44_440=1.09349,rsv_vol_21_50_44_440=0,rsv_vol_28_50_44_440=0,rsv_vol_37_50_44_440=2.27898,rsv_vol_63_50_44_440=7545.16,rsv_vol_65_50_44_440=-28.0204,rsv_vol_67_50_44_440=10508.2,sddp_alpha_0_43=1000
o,43,1,sddp_ecut_0_43_37_7,7.71882e+08,,rsv_vol_1_50_43_430=0,rsv_vol_6_50_43_430=1.45338,rsv_vol_21_50_43_430=0,rsv_vol_28_50_43_430=0,rsv_vol_37_50_43_430=2.45561,rsv_vol_63_50_43_430=6525.85,rsv_vol_65_50_43_430=-28.2438,rsv_vol_67_50_43_430=12635.8,sddp_alpha_0_42=1000
o,42,1,sddp_ecut_0_42_37_8,8.26884e+08,,rsv_vol_1_50_42_420=0,rsv_vol_6_50_42_420=2.01369,rsv_vol_21_50_42_420=0,rsv_vol_28_50_42_420=0,rsv_vol_37_50_42_420=3.00551,rsv_vol_63_50_42_420=8883.06,rsv_vol_65_50_42_420=-14.2345,rsv_vol_67_50_42_420=14733.5,sddp_alpha_0_41=1000
o,41,1,sddp_ecut_0_41_37_9,8.32332e+08,,rsv_vol_1_50_41_410=0,rsv_vol_6_50_41_410=1.89132,rsv_vol_21_50_41_410=0,rsv_vol_28_50_41_410=0,rsv_vol_37_50_41_410=2.95122,rsv_vol_63_50_41_410=6677.09,rsv_vol_65_50_41_410=4962.15,rsv_vol_67_50_41_410=11700.4,sddp_alpha_0_40=1000
o,40,1,sddp_ecut_0_40_37_10,8.47719e+08,,rsv_vol_1_50_40_400=0,rsv_vol_6_50_40_400=2.03587,rsv_vol_21_50_40_400=0,rsv_vol_28_50_40_400=0,rsv_vol_37_50_40_400=4.35808,rsv_vol_63_50_40_400=8532.25,rsv_vol_65_50_40_400=4695.37,rsv_vol_67_50_40_400=14517.1,sddp_alpha_0_39=1000
o,39,1,sddp_ecut_0_39_37_11,7.73673e+08,,rsv_vol_1_50_39_390=0,rsv_vol_6_50_39_390=1.80547,rsv_vol_21_50_39_390=0,rsv_vol_28_50_39_390=0,rsv_vol_37_50_39_390=3.81567,rsv_vol_63_50_39_390=8647.2,rsv_vol_65_50_39_390=4663.56,rsv_vol_67_50_39_390=15042.9,sddp_alpha_0_38=1000
o,38,1,sddp_ecut_0_38_37_12,7.79346e+08,,rsv_vol_1_50_38_380=0,rsv_vol_6_50_38_380=-12.7532,rsv_vol_21_50_38_380=0,rsv_vol_28_50_38_380=0,rsv_vol_37_50_38_380=2.83015,rsv_vol_63_50_38_380=9549.15,rsv_vol_65_50_38_380=12661.7,rsv_vol_67_50_38_380=-235.104,sddp_alpha_0_37=1000
o,37,1,sddp_ecut_0_37_37_13,6.45813e+08,,rsv_vol_1_50_37_370=0,rsv_vol_6_50_37_370=-13.6252,rsv_vol_21_50_37_370=0,rsv_vol_28_50_37_370=0,rsv_vol_37_50_37_370=2.23528,rsv_vol_63_50_37_370=9443.88,rsv_vol_65_50_37_370=0,rsv_vol_67_50_37_370=15930,sddp_alpha_0_36=1000
o,36,1,sddp_ecut_0_36_37_14,7.0939e+08,,rsv_vol_1_50_36_360=0,rsv_vol_6_50_36_360=-29.2047,rsv_vol_21_50_36_360=0,rsv_vol_28_50_36_360=0,rsv_vol_37_50_36_360=2.77566,rsv_vol_63_50_36_360=9090.91,rsv_vol_65_50_36_360=0,rsv_vol_67_50_36_360=15229.1,sddp_alpha_0_35=1000
o,35,1,sddp_ecut_0_35_37_15,7.38236e+08,,rsv_vol_1_50_35_350=0,rsv_vol_6_50_35_350=-105.102,rsv_vol_21_50_35_350=0,rsv_vol_28_50_35_350=0,rsv_vol_37_50_35_350=0.693072,rsv_vol_63_50_35_350=8573.34,rsv_vol_65_50_35_350=0,rsv_vol_67_50_35_350=3253.05,sddp_alpha_0_34=1000
o,34,1,sddp_ecut_0_34_37_16,7.15841e+08,,rsv_vol_1_50_34_340=0,rsv_vol_6_50_34_340=-29.8209,rsv_vol_21_50_34_340=0,rsv_vol_28_50_34_340=0,rsv_vol_37_50_34_340=1.1029,rsv_vol_63_50_34_340=9189.82,rsv_vol_65_50_34_340=0,rsv_vol_67_50_34_340=1639.13,sddp_alpha_0_33=1000
o,33,1,sddp_ecut_0_33_37_17,7.85711e+08,,rsv_vol_1_50_33_330=0,rsv_vol_6_50_33_330=1.41522,rsv_vol_21_50_33_330=0,rsv_vol_28_50_33_330=0,rsv_vol_37_50_33_330=2.15555,rsv_vol_63_50_33_330=7432.22,rsv_vol_65_50_33_330=0,rsv_vol_67_50_33_330=7990.96,sddp_alpha_0_32=1000
o,32,1,sddp_ecut_0_32_37_18,7.86227e+08,,rsv_vol_1_50_32_320=0,rsv_vol_6_50_32_320=1.50884,rsv_vol_21_50_32_320=0,rsv_vol_28_50_32_320=0,rsv_vol_37_50_32_320=1.93903,rsv_vol_63_50_32_320=4402.97,rsv_vol_65_50_32_320=0,rsv_vol_67_50_32_320=8573.67,sddp_alpha_0_31=1000
o,31,1,sddp_ecut_0_31_37_19,8.80882e+08,,rsv_vol_1_50_31_310=0,rsv_vol_6_50_31_310=1.86777,rsv_vol_21_50_31_310=0,rsv_vol_28_50_31_310=0,rsv_vol_37_50_31_310=2.48662,rsv_vol_63_50_31_310=1807.29,rsv_vol_65_50_31_310=-15.5341,rsv_vol_67_50_31_310=12724.6,sddp_alpha_0_30=1000
o,30,1,sddp_ecut_0_30_37_20,9.50338e+08,,rsv_vol_1_50_30_300=0,rsv_vol_6_50_30_300=2.42933,rsv_vol_21_50_30_300=0,rsv_vol_28_50_30_300=0,rsv_vol_37_50_30_300=3.57529,rsv_vol_63_50_30_300=8717.49,rsv_vol_65_50_30_300=-31.3159,rsv_vol_67_50_30_300=16476.2,sddp_alpha_0_29=1000
o,29,1,sddp_ecut_0_29_37_21,9.75418e+08,,rsv_vol_1_50_29_290=0,rsv_vol_6_50_29_290=3.07721,rsv_vol_21_50_29_290=0,rsv_vol_28_50_29_290=0,rsv_vol_37_50_29_290=2.22383,rsv_vol_63_50_29_290=8648.77,rsv_vol_65_50_29_290=15585.7,rsv_vol_67_50_29_290=3619.72,sddp_alpha_0_28=1000
o,28,1,sddp_ecut_0_28_37_22,1.03339e+09,,rsv_vol_1_50_28_280=0,rsv_vol_6_50_28_280=3.41761,rsv_vol_21_50_28_280=0,rsv_vol_28_50_28_280=0,rsv_vol_37_50_28_280=6.63199,rsv_vol_63_50_28_280=10199,rsv_vol_65_50_28_280=23688.4,rsv_vol_67_50_28_280=1852.15,sddp_alpha_0_27=1000
o,27,1,sddp_ecut_0_27_37_23,9.23448e+08,,rsv_vol_1_50_27_270=0,rsv_vol_6_50_27_270=-30.9372,rsv_vol_21_50_27_270=0,rsv_vol_28_50_27_270=0,rsv_vol_37_50_27_270=1.23183,rsv_vol_63_50_27_270=9289.17,rsv_vol_65_50_27_270=4392.88,rsv_vol_67_50_27_270=-256.569,sddp_alpha_0_26=1000
o,26,1,sddp_ecut_0_26_37_24,9.38607e+08,,rsv_vol_1_50_26_260=0,rsv_vol_6_50_26_260=-47.1974,rsv_vol_21_50_26_260=0,rsv_vol_28_50_26_260=0,rsv_vol_37_50_26_260=5.18722,rsv_vol_63_50_26_260=10361.7,rsv_vol_65_50_26_260=0,rsv_vol_67_50_26_260=17207.8,sddp_alpha_0_25=1000
o,25,1,sddp_ecut_0_25_37_25,8.2928e+08,,rsv_vol_1_50_25_250=0,rsv_vol_6_50_25_250=-63.968,rsv_vol_21_50_25_250=0,rsv_vol_28_50_25_250=0,rsv_vol_37_50_25_250=4.78176,rsv_vol_63_50_25_250=11019,rsv_vol_65_50_25_250=0,rsv_vol_67_50_25_250=18631.8,sddp_alpha_0_24=1000
o,24,1,sddp_ecut_0_24_37_26,9.00769e+08,,rsv_vol_1_50_24_240=0,rsv_vol_6_50_24_240=-146.75,rsv_vol_21_50_24_240=0,rsv_vol_28_50_24_240=0,rsv_vol_37_50_24_240=3.85428,rsv_vol_63_50_24_240=10337,rsv_vol_65_50_24_240=0,rsv_vol_67_50_24_240=17158.7,sddp_alpha_0_23=1000
o,23,1,sddp_ecut_0_23_37_27,8.7139e+08,,rsv_vol_1_50_23_230=0,rsv_vol_6_50_23_230=-115.323,rsv_vol_21_50_23_230=0,rsv_vol_28_50_23_230=0,rsv_vol_37_50_23_230=1.29822,rsv_vol_63_50_23_230=8882.42,rsv_vol_65_50_23_230=0,rsv_vol_67_50_23_230=6594.82,sddp_alpha_0_22=1000
o,22,1,sddp_ecut_0_22_37_28,2.25306e+08,,rsv_vol_1_50_22_220=0,rsv_vol_6_50_22_220=0.3573,rsv_vol_21_50_22_220=0,rsv_vol_28_50_22_220=0,rsv_vol_37_50_22_220=0.483474,rsv_vol_63_50_22_220=7.80866,rsv_vol_65_50_22_220=-16.6852,rsv_vol_67_50_22_220=2751.78,sddp_alpha_0_21=1000
o,21,1,sddp_ecut_0_21_37_29,1.97243e+08,,rsv_vol_1_50_21_210=0,rsv_vol_6_50_21_210=0.327868,rsv_vol_21_50_21_210=0,rsv_vol_28_50_21_210=0,rsv_vol_37_50_21_210=0.353737,rsv_vol_63_50_21_210=7.20799,rsv_vol_65_50_21_210=-16.6852,rsv_vol_67_50_21_210=1323.9,sddp_alpha_0_20=1000
o,20,1,sddp_ecut_0_20_37_30,2.24944e+08,,rsv_vol_1_50_20_200=0,rsv_vol_6_50_20_200=0.396313,rsv_vol_21_50_20_200=0,rsv_vol_28_50_20_200=0,rsv_vol_37_50_20_200=0.345962,rsv_vol_63_50_20_200=6.00666,rsv_vol_65_50_20_200=-50.0555,rsv_vol_67_50_20_200=1140.36,sddp_alpha_0_19=1000
o,19,1,sddp_ecut_0_19_37_31,1.9615e+08,,rsv_vol_1_50_19_190=0,rsv_vol_6_50_19_190=0.358616,rsv_vol_21_50_19_190=0,rsv_vol_28_50_19_190=0,rsv_vol_37_50_19_190=0.248175,rsv_vol_63_50_19_190=7.20799,rsv_vol_65_50_19_190=-50.0555,rsv_vol_67_50_19_190=392.776,sddp_alpha_0_18=1000
o,18,1,sddp_ecut_0_18_37_32,2.4088e+08,,rsv_vol_1_50_18_180=0,rsv_vol_6_50_18_180=0.402678,rsv_vol_21_50_18_180=0,rsv_vol_28_50_18_180=0,rsv_vol_37_50_18_180=0.414202,rsv_vol_63_50_18_180=7.26547,rsv_vol_65_50_18_180=-50.4547,rsv_vol_67_50_18_180=2041.26,sddp_alpha_0_17=1000
o,17,1,sddp_ecut_0_17_37_33,2.42099e+08,,rsv_vol_1_50_17_170=0,rsv_vol_6_50_17_170=0.412814,rsv_vol_21_50_17_170=0,rsv_vol_28_50_17_170=0,rsv_vol_37_50_17_170=0.503725,rsv_vol_63_50_17_170=7.26547,rsv_vol_65_50_17_170=-33.6364,rsv_vol_67_50_17_170=1572.26,sddp_alpha_0_16=1000
o,16,1,sddp_ecut_0_16_37_34,2.42624e+08,,rsv_vol_1_50_16_160=0,rsv_vol_6_50_16_160=0.418494,rsv_vol_21_50_16_160=0,rsv_vol_28_50_16_160=0,rsv_vol_37_50_16_160=0.488897,rsv_vol_63_50_16_160=6.66001,rsv_vol_65_50_16_160=0,rsv_vol_67_50_16_160=3249.37,sddp_alpha_0_15=1000
o,15,1,sddp_ecut_0_15_37_35,2.12073e+08,,rsv_vol_1_50_15_150=0,rsv_vol_6_50_15_150=0.375323,rsv_vol_21_50_15_150=0,rsv_vol_28_50_15_150=0,rsv_vol_37_50_15_150=0.336979,rsv_vol_63_50_15_150=4.23819,rsv_vol_65_50_15_150=-16.8182,rsv_vol_67_50_15_150=772.609,sddp_alpha_0_14=1000
o,14,1,sddp_ecut_0_14_37_36,2.51893e+08,,rsv_vol_1_50_14_140=0,rsv_vol_6_50_14_140=0.486347,rsv_vol_21_50_14_140=0,rsv_vol_28_50_14_140=0,rsv_vol_37_50_14_140=0.585543,rsv_vol_63_50_14_140=4.88227,rsv_vol_65_50_14_140=-16.9523,rsv_vol_67_50_14_140=5388.82,sddp_alpha_0_13=1000
o,13,1,sddp_ecut_0_13_37_37,2.17886e+08,,rsv_vol_1_50_13_130=0,rsv_vol_6_50_13_130=0.381142,rsv_vol_21_50_13_130=0,rsv_vol_28_50_13_130=0,rsv_vol_37_50_13_130=0.384669,rsv_vol_63_50_13_130=3.0545,rsv_vol_65_50_13_130=-16.9523,rsv_vol_67_50_13_130=1364.34,sddp_alpha_0_12=1000
o,12,1,sddp_ecut_0_12_37_38,2.49692e+08,,rsv_vol_1_50_12_120=0,rsv_vol_6_50_12_120=0.463542,rsv_vol_21_50_12_120=0,rsv_vol_28_50_12_120=0,rsv_vol_37_50_12_120=0.569366,rsv_vol_63_50_12_120=3.66341,rsv_vol_65_50_12_120=-33.9046,rsv_vol_67_50_12_120=4862.43,sddp_alpha_0_11=1000
o,11,1,sddp_ecut_0_11_37_39,2.19629e+08,,rsv_vol_1_50_11_110=0,rsv_vol_6_50_11_110=0.422289,rsv_vol_21_50_11_110=0,rsv_vol_28_50_11_110=0,rsv_vol_37_50_11_110=0.549519,rsv_vol_63_50_11_110=1.22057,rsv_vol_65_50_11_110=0,rsv_vol_67_50_11_110=1867.99,sddp_alpha_0_10=1000
o,10,1,sddp_ecut_0_10_37_40,2.60918e+08,,rsv_vol_1_50_10_100=0,rsv_vol_6_50_10_100=0.460434,rsv_vol_21_50_10_100=0,rsv_vol_28_50_10_100=0,rsv_vol_37_50_10_100=0.520056,rsv_vol_63_50_10_100=1.2303,rsv_vol_65_50_10_100=-34.175,rsv_vol_67_50_10_100=2725.03,sddp_alpha_0_9=1000
o,9,1,sddp_ecut_0_9_37_41,2.6257e+08,,rsv_vol_1_50_9_90=0,rsv_vol_6_50_9_90=0.471838,rsv_vol_21_50_9_90=0,rsv_vol_28_50_9_90=0,rsv_vol_37_50_9_90=0.533764,rsv_vol_63_50_9_90=0,rsv_vol_65_50_9_90=-17.0875,rsv_vol_67_50_9_90=2030.46,sddp_alpha_0_8=1000
o,8,1,sddp_ecut_0_8_37_42,2.63448e+08,,rsv_vol_1_50_8_80=0,rsv_vol_6_50_8_80=0.479546,rsv_vol_21_50_8_80=0,rsv_vol_28_50_8_80=0,rsv_vol_37_50_8_80=0.774691,rsv_vol_63_50_8_80=0.00579216,rsv_vol_65_50_8_80=-17.0875,rsv_vol_67_50_8_80=4295.42,sddp_alpha_0_7=1000
o,7,1,sddp_ecut_0_7_37_43,2.31658e+08,,rsv_vol_1_50_7_70=0,rsv_vol_6_50_7_70=0.434487,rsv_vol_21_50_7_70=0,rsv_vol_28_50_7_70=0,rsv_vol_37_50_7_70=0.680909,rsv_vol_63_50_7_70=0.00517157,rsv_vol_65_50_7_70=-17.0875,rsv_vol_67_50_7_70=3123.81,sddp_alpha_0_6=1000
o,6,1,sddp_ecut_0_6_37_44,2.81814e+08,,rsv_vol_1_50_6_60=0,rsv_vol_6_50_6_60=0.528607,rsv_vol_21_50_6_60=0,rsv_vol_28_50_6_60=0,rsv_vol_37_50_6_60=0.936707,rsv_vol_63_50_6_60=0.00756966,rsv_vol_65_50_6_60=0,rsv_vol_67_50_6_60=5943.57,sddp_alpha_0_5=1000
o,5,1,sddp_ecut_0_5_37_45,2.81885e+08,,rsv_vol_1_50_5_50=0,rsv_vol_6_50_5_50=0.554327,rsv_vol_21_50_5_50=0,rsv_vol_28_50_5_50=0,rsv_vol_37_50_5_50=0.73746,rsv_vol_63_50_5_50=0.00649041,rsv_vol_65_50_5_50=0,rsv_vol_67_50_5_50=4823.92,sddp_alpha_0_4=1000
o,4,1,sddp_ecut_0_4_37_46,2.83267e+08,,rsv_vol_1_50_4_40=0,rsv_vol_6_50_4_40=0.554263,rsv_vol_21_50_4_40=0,rsv_vol_28_50_4_40=0,rsv_vol_37_50_4_40=0.812836,rsv_vol_63_50_4_40=0,rsv_vol_65_50_4_40=0,rsv_vol_67_50_4_40=2573.44,sddp_alpha_0_3=1000
o,3,1,sddp_ecut_0_3_37_47,2.50811e+08,,rsv_vol_1_50_3_30=0,rsv_vol_6_50_3_30=0.545396,rsv_vol_21_50_3_30=0,rsv_vol_28_50_3_30=0,rsv_vol_37_50_3_30=0.744395,rsv_vol_63_50_3_30=0,rsv_vol_65_50_3_30=-34.4475,rsv_vol_67_50_3_30=2830.48,sddp_alpha_0_2=1000
o,2,1,sddp_ecut_0_2_37_48,2.25338e+08,,rsv_vol_1_50_2_20=0,rsv_vol_6_50_2_20=0.707866,rsv_vol_21_50_2_20=0,rsv_vol_28_50_2_20=0,rsv_vol_37_50_2_20=0.488828,rsv_vol_63_50_2_20=0,rsv_vol_65_50_2_20=-69.4444,rsv_vol_67_50_2_20=6213.54,sddp_alpha_0_1=1000
o,1,1,sddp_ecut_0_1_37_49,2.65508e+08,,rsv_vol_1_50_1_10=0,rsv_vol_6_50_1_10=0.843154,rsv_vol_21_50_1_10=0,rsv_vol_28_50_1_10=0,rsv_vol_37_50_1_10=0.507562,rsv_vol_63_50_1_10=0,rsv_vol_65_50_1_10=-17.3611,rsv_vol_67_50_1_10=9920.79,sddp_alpha_0_0=1000
o,50,1,sddp_ecut_0_50_38_0,7.41645e+08,,rsv_vol_1_50_50_500=0,rsv_vol_6_50_50_500=1.94291,rsv_vol_21_50_50_500=0,rsv_vol_28_50_50_500=0,rsv_vol_37_50_50_500=2.89574,rsv_vol_63_50_50_500=9329.85,rsv_vol_65_50_50_500=34759.7,rsv_vol_67_50_50_500=14729.4,sddp_alpha_0_49=1000
o,49,1,sddp_ecut_0_49_38_1,5.94245e+08,,rsv_vol_1_50_49_490=0,rsv_vol_6_50_49_490=-12.3816,rsv_vol_21_50_49_490=0,rsv_vol_28_50_49_490=0,rsv_vol_37_50_49_490=1.87958,rsv_vol_63_50_49_490=8418.64,rsv_vol_65_50_49_490=0,rsv_vol_67_50_49_490=14416.9,sddp_alpha_0_48=1000
o,48,1,sddp_ecut_0_48_38_2,6.5112e+08,,rsv_vol_1_50_48_480=0,rsv_vol_6_50_48_480=-26.4146,rsv_vol_21_50_48_480=0,rsv_vol_28_50_48_480=0,rsv_vol_37_50_48_480=2.43005,rsv_vol_63_50_48_480=7621.99,rsv_vol_65_50_48_480=0,rsv_vol_67_50_48_480=13639.3,sddp_alpha_0_47=1000
o,47,1,sddp_ecut_0_47_38_3,6.4186e+08,,rsv_vol_1_50_47_470=0,rsv_vol_6_50_47_470=-95.2668,rsv_vol_21_50_47_470=0,rsv_vol_28_50_47_470=0,rsv_vol_37_50_47_470=1.45394,rsv_vol_63_50_47_470=7678.17,rsv_vol_65_50_47_470=0,rsv_vol_67_50_47_470=9022.1,sddp_alpha_0_46=1000
o,46,1,sddp_ecut_0_46_38_4,6.21959e+08,,rsv_vol_1_50_46_460=0,rsv_vol_6_50_46_460=-123.55,rsv_vol_21_50_46_460=0,rsv_vol_28_50_46_460=0,rsv_vol_37_50_46_460=1.76338,rsv_vol_63_50_46_460=7622.2,rsv_vol_65_50_46_460=0,rsv_vol_67_50_46_460=6941.93,sddp_alpha_0_45=1000
o,45,1,sddp_ecut_0_45_38_5,6.87401e+08,,rsv_vol_1_50_45_450=0,rsv_vol_6_50_45_450=0.839902,rsv_vol_21_50_45_450=0,rsv_vol_28_50_45_450=0,rsv_vol_37_50_45_450=2.51234,rsv_vol_63_50_45_450=7123.3,rsv_vol_65_50_45_450=0,rsv_vol_67_50_45_450=11127.6,sddp_alpha_0_44=1000
o,44,1,sddp_ecut_0_44_38_6,6.90026e+08,,rsv_vol_1_50_44_440=0,rsv_vol_6_50_44_440=1.09349,rsv_vol_21_50_44_440=0,rsv_vol_28_50_44_440=0,rsv_vol_37_50_44_440=2.27898,rsv_vol_63_50_44_440=7545.16,rsv_vol_65_50_44_440=-28.0204,rsv_vol_67_50_44_440=10508.2,sddp_alpha_0_43=1000
o,43,1,sddp_ecut_0_43_38_7,7.71882e+08,,rsv_vol_1_50_43_430=0,rsv_vol_6_50_43_430=1.45338,rsv_vol_21_50_43_430=0,rsv_vol_28_50_43_430=0,rsv_vol_37_50_43_430=2.45561,rsv_vol_63_50_43_430=6525.85,rsv_vol_65_50_43_430=-28.2438,rsv_vol_67_50_43_430=12635.8,sddp_alpha_0_42=1000
o,42,1,sddp_ecut_0_42_38_8,8.26884e+08,,rsv_vol_1_50_42_420=0,rsv_vol_6_50_42_420=2.01369,rsv_vol_21_50_42_420=0,rsv_vol_28_50_42_420=0,rsv_vol_37_50_42_420=3.00551,rsv_vol_63_50_42_420=8883.06,rsv_vol_65_50_42_420=-14.2345,rsv_vol_67_50_42_420=14733.5,sddp_alpha_0_41=1000
o,41,1,sddp_ecut_0_41_38_9,8.32332e+08,,rsv_vol_1_50_41_410=0,rsv_vol_6_50_41_410=1.89132,rsv_vol_21_50_41_410=0,rsv_vol_28_50_41_410=0,rsv_vol_37_50_41_410=2.95122,rsv_vol_63_50_41_410=6677.09,rsv_vol_65_50_41_410=4962.15,rsv_vol_67_50_41_410=11700.4,sddp_alpha_0_40=1000
o,40,1,sddp_ecut_0_40_38_10,8.47719e+08,,rsv_vol_1_50_40_400=0,rsv_vol_6_50_40_400=2.03587,rsv_vol_21_50_40_400=0,rsv_vol_28_50_40_400=0,rsv_vol_37_50_40_400=4.35808,rsv_vol_63_50_40_400=8532.25,rsv_vol_65_50_40_400=4695.37,rsv_vol_67_50_40_400=14517.1,sddp_alpha_0_39=1000
o,39,1,sddp_ecut_0_39_38_11,7.73673e+08,,rsv_vol_1_50_39_390=0,rsv_vol_6_50_39_390=1.80547,rsv_vol_21_50_39_390=0,rsv_vol_28_50_39_390=0,rsv_vol_37_50_39_390=3.81567,rsv_vol_63_50_39_390=8647.2,rsv_vol_65_50_39_390=4663.56,rsv_vol_67_50_39_390=15042.9,sddp_alpha_0_38=1000
o,38,1,sddp_ecut_0_38_38_12,7.79346e+08,,rsv_vol_1_50_38_380=0,rsv_vol_6_50_38_380=-12.7532,rsv_vol_21_50_38_380=0,rsv_vol_28_50_38_380=0,rsv_vol_37_50_38_380=2.83015,rsv_vol_63_50_38_380=9549.15,rsv_vol_65_50_38_380=12661.7,rsv_vol_67_50_38_380=-235.104,sddp_alpha_0_37=1000
o,37,1,sddp_ecut_0_37_38_13,6.45813e+08,,rsv_vol_1_50_37_370=0,rsv_vol_6_50_37_370=-13.6252,rsv_vol_21_50_37_370=0,rsv_vol_28_50_37_370=0,rsv_vol_37_50_37_370=2.23528,rsv_vol_63_50_37_370=9443.88,rsv_vol_65_50_37_370=0,rsv_vol_67_50_37_370=15930,sddp_alpha_0_36=1000
o,36,1,sddp_ecut_0_36_38_14,7.0939e+08,,rsv_vol_1_50_36_360=0,rsv_vol_6_50_36_360=-29.2047,rsv_vol_21_50_36_360=0,rsv_vol_28_50_36_360=0,rsv_vol_37_50_36_360=2.77566,rsv_vol_63_50_36_360=9090.91,rsv_vol_65_50_36_360=0,rsv_vol_67_50_36_360=15229.1,sddp_alpha_0_35=1000
o,35,1,sddp_ecut_0_35_38_15,7.38236e+08,,rsv_vol_1_50_35_350=0,rsv_vol_6_50_35_350=-105.102,rsv_vol_21_50_35_350=0,rsv_vol_28_50_35_350=0,rsv_vol_37_50_35_350=0.693072,rsv_vol_63_50_35_350=8573.34,rsv_vol_65_50_35_350=0,rsv_vol_67_50_35_350=3253.05,sddp_alpha_0_34=1000
o,34,1,sddp_ecut_0_34_38_16,7.15841e+08,,rsv_vol_1_50_34_340=0,rsv_vol_6_50_34_340=-29.8209,rsv_vol_21_50_34_340=0,rsv_vol_28_50_34_340=0,rsv_vol_37_50_34_340=1.1029,rsv_vol_63_50_34_340=9189.82,rsv_vol_65_50_34_340=0,rsv_vol_67_50_34_340=1639.13,sddp_alpha_0_33=1000
o,33,1,sddp_ecut_0_33_38_17,7.85711e+08,,rsv_vol_1_50_33_330=0,rsv_vol_6_50_33_330=1.41522,rsv_vol_21_50_33_330=0,rsv_vol_28_50_33_330=0,rsv_vol_37_50_33_330=2.15555,rsv_vol_63_50_33_330=7432.22,rsv_vol_65_50_33_330=0,rsv_vol_67_50_33_330=7990.96,sddp_alpha_0_32=1000
o,32,1,sddp_ecut_0_32_38_18,7.86227e+08,,rsv_vol_1_50_32_320=0,rsv_vol_6_50_32_320=1.50884,rsv_vol_21_50_32_320=0,rsv_vol_28_50_32_320=0,rsv_vol_37_50_32_320=1.93903,rsv_vol_63_50_32_320=4402.97,rsv_vol_65_50_32_320=0,rsv_vol_67_50_32_320=8573.67,sddp_alpha_0_31=1000
o,31,1,sddp_ecut_0_31_38_19,8.80882e+08,,rsv_vol_1_50_31_310=0,rsv_vol_6_50_31_310=1.86777,rsv_vol_21_50_31_310=0,rsv_vol_28_50_31_310=0,rsv_vol_37_50_31_310=2.48662,rsv_vol_63_50_31_310=1807.29,rsv_vol_65_50_31_310=-15.5341,rsv_vol_67_50_31_310=12724.6,sddp_alpha_0_30=1000
o,30,1,sddp_ecut_0_30_38_20,9.50338e+08,,rsv_vol_1_50_30_300=0,rsv_vol_6_50_30_300=2.42933,rsv_vol_21_50_30_300=0,rsv_vol_28_50_30_300=0,rsv_vol_37_50_30_300=3.57529,rsv_vol_63_50_30_300=8717.49,rsv_vol_65_50_30_300=-31.3159,rsv_vol_67_50_30_300=16476.2,sddp_alpha_0_29=1000
o,29,1,sddp_ecut_0_29_38_21,9.75418e+08,,rsv_vol_1_50_29_290=0,rsv_vol_6_50_29_290=3.07721,rsv_vol_21_50_29_290=0,rsv_vol_28_50_29_290=0,rsv_vol_37_50_29_290=2.22383,rsv_vol_63_50_29_290=8648.77,rsv_vol_65_50_29_290=15585.7,rsv_vol_67_50_29_290=3619.72,sddp_alpha_0_28=1000
o,28,1,sddp_ecut_0_28_38_22,1.03339e+09,,rsv_vol_1_50_28_280=0,rsv_vol_6_50_28_280=3.41761,rsv_vol_21_50_28_280=0,rsv_vol_28_50_28_280=0,rsv_vol_37_50_28_280=6.63199,rsv_vol_63_50_28_280=10199,rsv_vol_65_50_28_280=23688.4,rsv_vol_67_50_28_280=1852.15,sddp_alpha_0_27=1000
o,27,1,sddp_ecut_0_27_38_23,9.23448e+08,,rsv_vol_1_50_27_270=0,rsv_vol_6_50_27_270=-30.9372,rsv_vol_21_50_27_270=0,rsv_vol_28_50_27_270=0,rsv_vol_37_50_27_270=1.23183,rsv_vol_63_50_27_270=9289.17,rsv_vol_65_50_27_270=4392.88,rsv_vol_67_50_27_270=-256.569,sddp_alpha_0_26=1000
o,26,1,sddp_ecut_0_26_38_24,9.38607e+08,,rsv_vol_1_50_26_260=0,rsv_vol_6_50_26_260=-47.1974,rsv_vol_21_50_26_260=0,rsv_vol_28_50_26_260=0,rsv_vol_37_50_26_260=5.18722,rsv_vol_63_50_26_260=10361.7,rsv_vol_65_50_26_260=0,rsv_vol_67_50_26_260=17207.8,sddp_alpha_0_25=1000
o,25,1,sddp_ecut_0_25_38_25,8.2928e+08,,rsv_vol_1_50_25_250=0,rsv_vol_6_50_25_250=-63.968,rsv_vol_21_50_25_250=0,rsv_vol_28_50_25_250=0,rsv_vol_37_50_25_250=4.78176,rsv_vol_63_50_25_250=11019,rsv_vol_65_50_25_250=0,rsv_vol_67_50_25_250=18631.8,sddp_alpha_0_24=1000
o,24,1,sddp_ecut_0_24_38_26,9.00769e+08,,rsv_vol_1_50_24_240=0,rsv_vol_6_50_24_240=-146.75,rsv_vol_21_50_24_240=0,rsv_vol_28_50_24_240=0,rsv_vol_37_50_24_240=3.85428,rsv_vol_63_50_24_240=10337,rsv_vol_65_50_24_240=0,rsv_vol_67_50_24_240=17158.7,sddp_alpha_0_23=1000
o,23,1,sddp_ecut_0_23_38_27,8.7139e+08,,rsv_vol_1_50_23_230=0,rsv_vol_6_50_23_230=-115.323,rsv_vol_21_50_23_230=0,rsv_vol_28_50_23_230=0,rsv_vol_37_50_23_230=1.29822,rsv_vol_63_50_23_230=8882.42,rsv_vol_65_50_23_230=0,rsv_vol_67_50_23_230=6594.82,sddp_alpha_0_22=1000
o,22,1,sddp_ecut_0_22_38_28,2.25306e+08,,rsv_vol_1_50_22_220=0,rsv_vol_6_50_22_220=0.3573,rsv_vol_21_50_22_220=0,rsv_vol_28_50_22_220=0,rsv_vol_37_50_22_220=0.483474,rsv_vol_63_50_22_220=7.80866,rsv_vol_65_50_22_220=-16.6852,rsv_vol_67_50_22_220=2751.78,sddp_alpha_0_21=1000
o,21,1,sddp_ecut_0_21_38_29,1.97243e+08,,rsv_vol_1_50_21_210=0,rsv_vol_6_50_21_210=0.327868,rsv_vol_21_50_21_210=0,rsv_vol_28_50_21_210=0,rsv_vol_37_50_21_210=0.353737,rsv_vol_63_50_21_210=7.20799,rsv_vol_65_50_21_210=-16.6852,rsv_vol_67_50_21_210=1323.9,sddp_alpha_0_20=1000
o,20,1,sddp_ecut_0_20_38_30,2.24944e+08,,rsv_vol_1_50_20_200=0,rsv_vol_6_50_20_200=0.396313,rsv_vol_21_50_20_200=0,rsv_vol_28_50_20_200=0,rsv_vol_37_50_20_200=0.345962,rsv_vol_63_50_20_200=6.00666,rsv_vol_65_50_20_200=-50.0555,rsv_vol_67_50_20_200=1140.36,sddp_alpha_0_19=1000
o,19,1,sddp_ecut_0_19_38_31,1.9615e+08,,rsv_vol_1_50_19_190=0,rsv_vol_6_50_19_190=0.358616,rsv_vol_21_50_19_190=0,rsv_vol_28_50_19_190=0,rsv_vol_37_50_19_190=0.248175,rsv_vol_63_50_19_190=7.20799,rsv_vol_65_50_19_190=-50.0555,rsv_vol_67_50_19_190=392.776,sddp_alpha_0_18=1000
o,18,1,sddp_ecut_0_18_38_32,2.4088e+08,,rsv_vol_1_50_18_180=0,rsv_vol_6_50_18_180=0.402678,rsv_vol_21_50_18_180=0,rsv_vol_28_50_18_180=0,rsv_vol_37_50_18_180=0.414202,rsv_vol_63_50_18_180=7.26547,rsv_vol_65_50_18_180=-50.4547,rsv_vol_67_50_18_180=2041.26,sddp_alpha_0_17=1000
o,17,1,sddp_ecut_0_17_38_33,2.42099e+08,,rsv_vol_1_50_17_170=0,rsv_vol_6_50_17_170=0.412814,rsv_vol_21_50_17_170=0,rsv_vol_28_50_17_170=0,rsv_vol_37_50_17_170=0.503725,rsv_vol_63_50_17_170=7.26547,rsv_vol_65_50_17_170=-33.6364,rsv_vol_67_50_17_170=1572.26,sddp_alpha_0_16=1000
o,16,1,sddp_ecut_0_16_38_34,2.42624e+08,,rsv_vol_1_50_16_160=0,rsv_vol_6_50_16_160=0.418494,rsv_vol_21_50_16_160=0,rsv_vol_28_50_16_160=0,rsv_vol_37_50_16_160=0.488897,rsv_vol_63_50_16_160=6.66001,rsv_vol_65_50_16_160=0,rsv_vol_67_50_16_160=3249.37,sddp_alpha_0_15=1000
o,15,1,sddp_ecut_0_15_38_35,2.12073e+08,,rsv_vol_1_50_15_150=0,rsv_vol_6_50_15_150=0.375323,rsv_vol_21_50_15_150=0,rsv_vol_28_50_15_150=0,rsv_vol_37_50_15_150=0.336979,rsv_vol_63_50_15_150=4.23819,rsv_vol_65_50_15_150=-16.8182,rsv_vol_67_50_15_150=772.609,sddp_alpha_0_14=1000
o,14,1,sddp_ecut_0_14_38_36,2.51893e+08,,rsv_vol_1_50_14_140=0,rsv_vol_6_50_14_140=0.486347,rsv_vol_21_50_14_140=0,rsv_vol_28_50_14_140=0,rsv_vol_37_50_14_140=0.585543,rsv_vol_63_50_14_140=4.88227,rsv_vol_65_50_14_140=-16.9523,rsv_vol_67_50_14_140=5388.82,sddp_alpha_0_13=1000
o,13,1,sddp_ecut_0_13_38_37,2.17886e+08,,rsv_vol_1_50_13_130=0,rsv_vol_6_50_13_130=0.381142,rsv_vol_21_50_13_130=0,rsv_vol_28_50_13_130=0,rsv_vol_37_50_13_130=0.384669,rsv_vol_63_50_13_130=3.05446,rsv_vol_65_50_13_130=-16.9523,rsv_vol_67_50_13_130=1364.34,sddp_alpha_0_12=1000
o,12,1,sddp_ecut_0_12_38_38,2.49692e+08,,rsv_vol_1_50_12_120=0,rsv_vol_6_50_12_120=0.463542,rsv_vol_21_50_12_120=0,rsv_vol_28_50_12_120=0,rsv_vol_37_50_12_120=0.569366,rsv_vol_63_50_12_120=3.66342,rsv_vol_65_50_12_120=-33.9046,rsv_vol_67_50_12_120=4862.43,sddp_alpha_0_11=1000
o,11,1,sddp_ecut_0_11_38_39,2.19629e+08,,rsv_vol_1_50_11_110=0,rsv_vol_6_50_11_110=0.422289,rsv_vol_21_50_11_110=0,rsv_vol_28_50_11_110=0,rsv_vol_37_50_11_110=0.549519,rsv_vol_63_50_11_110=1.22057,rsv_vol_65_50_11_110=0,rsv_vol_67_50_11_110=1867.99,sddp_alpha_0_10=1000
o,10,1,sddp_ecut_0_10_38_40,2.60918e+08,,rsv_vol_1_50_10_100=0,rsv_vol_6_50_10_100=0.460434,rsv_vol_21_50_10_100=0,rsv_vol_28_50_10_100=0,rsv_vol_37_50_10_100=0.520056,rsv_vol_63_50_10_100=1.2303,rsv_vol_65_50_10_100=-34.175,rsv_vol_67_50_10_100=2725.03,sddp_alpha_0_9=1000
o,9,1,sddp_ecut_0_9_38_41,2.6257e+08,,rsv_vol_1_50_9_90=0,rsv_vol_6_50_9_90=0.471838,rsv_vol_21_50_9_90=0,rsv_vol_28_50_9_90=0,rsv_vol_37_50_9_90=0.533764,rsv_vol_63_50_9_90=0,rsv_vol_65_50_9_90=-17.0875,rsv_vol_67_50_9_90=2030.46,sddp_alpha_0_8=1000
o,8,1,sddp_ecut_0_8_38_42,2.63448e+08,,rsv_vol_1_50_8_80=0,rsv_vol_6_50_8_80=0.479546,rsv_vol_21_50_8_80=0,rsv_vol_28_50_8_80=0,rsv_vol_37_50_8_80=0.774691,rsv_vol_63_50_8_80=0.00579216,rsv_vol_65_50_8_80=-17.0875,rsv_vol_67_50_8_80=4295.42,sddp_alpha_0_7=1000
o,7,1,sddp_ecut_0_7_38_43,2.31658e+08,,rsv_vol_1_50_7_70=0,rsv_vol_6_50_7_70=0.434487,rsv_vol_21_50_7_70=0,rsv_vol_28_50_7_70=0,rsv_vol_37_50_7_70=0.680909,rsv_vol_63_50_7_70=0.00517157,rsv_vol_65_50_7_70=-17.0875,rsv_vol_67_50_7_70=3123.81,sddp_alpha_0_6=1000
o,6,1,sddp_ecut_0_6_38_44,2.81814e+08,,rsv_vol_1_50_6_60=0,rsv_vol_6_50_6_60=0.528607,rsv_vol_21_50_6_60=0,rsv_vol_28_50_6_60=0,rsv_vol_37_50_6_60=0.936707,rsv_vol_63_50_6_60=0.00756529,rsv_vol_65_50_6_60=0,rsv_vol_67_50_6_60=5943.57,sddp_alpha_0_5=1000
o,5,1,sddp_ecut_0_5_38_45,2.81885e+08,,rsv_vol_1_50_5_50=0,rsv_vol_6_50_5_50=0.554327,rsv_vol_21_50_5_50=0,rsv_vol_28_50_5_50=0,rsv_vol_37_50_5_50=0.73746,rsv_vol_63_50_5_50=0.00649041,rsv_vol_65_50_5_50=0,rsv_vol_67_50_5_50=4823.92,sddp_alpha_0_4=1000
o,4,1,sddp_ecut_0_4_38_46,2.83267e+08,,rsv_vol_1_50_4_40=0,rsv_vol_6_50_4_40=0.554263,rsv_vol_21_50_4_40=0,rsv_vol_28_50_4_40=0,rsv_vol_37_50_4_40=0.812836,rsv_vol_63_50_4_40=0,rsv_vol_65_50_4_40=0,rsv_vol_67_50_4_40=2573.44,sddp_alpha_0_3=1000
o,3,1,sddp_ecut_0_3_38_47,2.50811e+08,,rsv_vol_1_50_3_30=0,rsv_vol_6_50_3_30=0.545396,rsv_vol_21_50_3_30=0,rsv_vol_28_50_3_30=0,rsv_vol_37_50_3_30=0.744395,rsv_vol_63_50_3_30=0,rsv_vol_65_50_3_30=-34.4475,rsv_vol_67_50_3_30=2830.48,sddp_alpha_0_2=1000
o,2,1,sddp_ecut_0_2_38_48,2.25338e+08,,rsv_vol_1_50_2_20=0,rsv_vol_6_50_2_20=0.707866,rsv_vol_21_50_2_20=0,rsv_vol_28_50_2_20=0,rsv_vol_37_50_2_20=0.488828,rsv_vol_63_50_2_20=0,rsv_vol_65_50_2_20=-69.4444,rsv_vol_67_50_2_20=6213.54,sddp_alpha_0_1=1000
o,1,1,sddp_ecut_0_1_38_49,2.65508e+08,,rsv_vol_1_50_1_10=0,rsv_vol_6_50_1_10=0.843154,rsv_vol_21_50_1_10=0,rsv_vol_28_50_1_10=0,rsv_vol_37_50_1_10=0.507562,rsv_vol_63_50_1_10=0,rsv_vol_65_50_1_10=-17.3611,rsv_vol_67_50_1_10=9920.79,sddp_alpha_0_0=1000
o,50,1,sddp_ecut_0_50_39_0,7.42053e+08,,rsv_vol_1_50_50_500=0,rsv_vol_6_50_50_500=1.94992,rsv_vol_21_50_50_500=0,rsv_vol_28_50_50_500=0,rsv_vol_37_50_50_500=2.90804,rsv_vol_63_50_50_500=9351.34,rsv_vol_65_50_50_500=35075.6,rsv_vol_67_50_50_500=15159.2,sddp_alpha_0_49=1000
o,49,1,sddp_ecut_0_49_39_1,5.94245e+08,,rsv_vol_1_50_49_490=0,rsv_vol_6_50_49_490=-12.3816,rsv_vol_21_50_49_490=0,rsv_vol_28_50_49_490=0,rsv_vol_37_50_49_490=1.87958,rsv_vol_63_50_49_490=8418.64,rsv_vol_65_50_49_490=0,rsv_vol_67_50_49_490=14416.9,sddp_alpha_0_48=1000
o,48,1,sddp_ecut_0_48_39_2,6.5112e+08,,rsv_vol_1_50_48_480=0,rsv_vol_6_50_48_480=-26.4146,rsv_vol_21_50_48_480=0,rsv_vol_28_50_48_480=0,rsv_vol_37_50_48_480=2.43005,rsv_vol_63_50_48_480=7621.99,rsv_vol_65_50_48_480=0,rsv_vol_67_50_48_480=13639.3,sddp_alpha_0_47=1000
o,47,1,sddp_ecut_0_47_39_3,6.4186e+08,,rsv_vol_1_50_47_470=0,rsv_vol_6_50_47_470=-95.2668,rsv_vol_21_50_47_470=0,rsv_vol_28_50_47_470=0,rsv_vol_37_50_47_470=1.45394,rsv_vol_63_50_47_470=7678.17,rsv_vol_65_50_47_470=0,rsv_vol_67_50_47_470=9022.1,sddp_alpha_0_46=1000
o,46,1,sddp_ecut_0_46_39_4,6.21959e+08,,rsv_vol_1_50_46_460=0,rsv_vol_6_50_46_460=-123.55,rsv_vol_21_50_46_460=0,rsv_vol_28_50_46_460=0,rsv_vol_37_50_46_460=1.76338,rsv_vol_63_50_46_460=7622.2,rsv_vol_65_50_46_460=0,rsv_vol_67_50_46_460=6941.93,sddp_alpha_0_45=1000
o,45,1,sddp_ecut_0_45_39_5,6.87401e+08,,rsv_vol_1_50_45_450=0,rsv_vol_6_50_45_450=0.839902,rsv_vol_21_50_45_450=0,rsv_vol_28_50_45_450=0,rsv_vol_37_50_45_450=2.51234,rsv_vol_63_50_45_450=7123.3,rsv_vol_65_50_45_450=0,rsv_vol_67_50_45_450=11127.6,sddp_alpha_0_44=1000
o,44,1,sddp_ecut_0_44_39_6,6.90026e+08,,rsv_vol_1_50_44_440=0,rsv_vol_6_50_44_440=1.09349,rsv_vol_21_50_44_440=0,rsv_vol_28_50_44_440=0,rsv_vol_37_50_44_440=2.27898,rsv_vol_63_50_44_440=7545.16,rsv_vol_65_50_44_440=-28.0204,rsv_vol_67_50_44_440=10508.2,sddp_alpha_0_43=1000
o,43,1,sddp_ecut_0_43_39_7,7.71882e+08,,rsv_vol_1_50_43_430=0,rsv_vol_6_50_43_430=1.45338,rsv_vol_21_50_43_430=0,rsv_vol_28_50_43_430=0,rsv_vol_37_50_43_430=2.45561,rsv_vol_63_50_43_430=6525.85,rsv_vol_65_50_43_430=-28.2438,rsv_vol_67_50_43_430=12635.8,sddp_alpha_0_42=1000
o,42,1,sddp_ecut_0_42_39_8,8.26884e+08,,rsv_vol_1_50_42_420=0,rsv_vol_6_50_42_420=2.01369,rsv_vol_21_50_42_420=0,rsv_vol_28_50_42_420=0,rsv_vol_37_50_42_420=3.00551,rsv_vol_63_50_42_420=8883.06,rsv_vol_65_50_42_420=-14.2345,rsv_vol_67_50_42_420=14733.5,sddp_alpha_0_41=1000
o,41,1,sddp_ecut_0_41_39_9,8.32332e+08,,rsv_vol_1_50_41_410=0,rsv_vol_6_50_41_410=1.89132,rsv_vol_21_50_41_410=0,rsv_vol_28_50_41_410=0,rsv_vol_37_50_41_410=2.95122,rsv_vol_63_50_41_410=6677.09,rsv_vol_65_50_41_410=4962.15,rsv_vol_67_50_41_410=11700.4,sddp_alpha_0_40=1000
o,40,1,sddp_ecut_0_40_39_10,8.47719e+08,,rsv_vol_1_50_40_400=0,rsv_vol_6_50_40_400=2.03587,rsv_vol_21_50_40_400=0,rsv_vol_28_50_40_400=0,rsv_vol_37_50_40_400=4.35808,rsv_vol_63_50_40_400=8532.25,rsv_vol_65_50_40_400=4695.37,rsv_vol_67_50_40_400=14517.1,sddp_alpha_0_39=1000
o,39,1,sddp_ecut_0_39_39_11,7.73673e+08,,rsv_vol_1_50_39_390=0,rsv_vol_6_50_39_390=1.80547,rsv_vol_21_50_39_390=0,rsv_vol_28_50_39_390=0,rsv_vol_37_50_39_390=3.81567,rsv_vol_63_50_39_390=8647.2,rsv_vol_65_50_39_390=4663.56,rsv_vol_67_50_39_390=15042.9,sddp_alpha_0_38=1000
o,38,1,sddp_ecut_0_38_39_12,7.79346e+08,,rsv_vol_1_50_38_380=0,rsv_vol_6_50_38_380=-12.7532,rsv_vol_21_50_38_380=0,rsv_vol_28_50_38_380=0,rsv_vol_37_50_38_380=2.83015,rsv_vol_63_50_38_380=9549.15,rsv_vol_65_50_38_380=12661.7,rsv_vol_67_50_38_380=-235.104,sddp_alpha_0_37=1000
o,37,1,sddp_ecut_0_37_39_13,6.45813e+08,,rsv_vol_1_50_37_370=0,rsv_vol_6_50_37_370=-13.6252,rsv_vol_21_50_37_370=0,rsv_vol_28_50_37_370=0,rsv_vol_37_50_37_370=2.23528,rsv_vol_63_50_37_370=9443.88,rsv_vol_65_50_37_370=0,rsv_vol_67_50_37_370=15930,sddp_alpha_0_36=1000
o,36,1,sddp_ecut_0_36_39_14,7.0939e+08,,rsv_vol_1_50_36_360=0,rsv_vol_6_50_36_360=-29.2047,rsv_vol_21_50_36_360=0,rsv_vol_28_50_36_360=0,rsv_vol_37_50_36_360=2.77566,rsv_vol_63_50_36_360=9090.91,rsv_vol_65_50_36_360=0,rsv_vol_67_50_36_360=15229.1,sddp_alpha_0_35=1000
o,35,1,sddp_ecut_0_35_39_15,7.38236e+08,,rsv_vol_1_50_35_350=0,rsv_vol_6_50_35_350=-105.102,rsv_vol_21_50_35_350=0,rsv_vol_28_50_35_350=0,rsv_vol_37_50_35_350=0.693072,rsv_vol_63_50_35_350=8573.34,rsv_vol_65_50_35_350=0,rsv_vol_67_50_35_350=3253.05,sddp_alpha_0_34=1000
o,34,1,sddp_ecut_0_34_39_16,7.15841e+08,,rsv_vol_1_50_34_340=0,rsv_vol_6_50_34_340=-29.8209,rsv_vol_21_50_34_340=0,rsv_vol_28_50_34_340=0,rsv_vol_37_50_34_340=1.1029,rsv_vol_63_50_34_340=9189.82,rsv_vol_65_50_34_340=0,rsv_vol_67_50_34_340=1639.13,sddp_alpha_0_33=1000
o,33,1,sddp_ecut_0_33_39_17,7.85711e+08,,rsv_vol_1_50_33_330=0,rsv_vol_6_50_33_330=1.41522,rsv_vol_21_50_33_330=0,rsv_vol_28_50_33_330=0,rsv_vol_37_50_33_330=2.15555,rsv_vol_63_50_33_330=7432.22,rsv_vol_65_50_33_330=0,rsv_vol_67_50_33_330=7990.96,sddp_alpha_0_32=1000
o,32,1,sddp_ecut_0_32_39_18,7.86227e+08,,rsv_vol_1_50_32_320=0,rsv_vol_6_50_32_320=1.50884,rsv_vol_21_50_32_320=0,rsv_vol_28_50_32_320=0,rsv_vol_37_50_32_320=1.93903,rsv_vol_63_50_32_320=4402.97,rsv_vol_65_50_32_320=0,rsv_vol_67_50_32_320=8573.67,sddp_alpha_0_31=1000
o,31,1,sddp_ecut_0_31_39_19,8.80882e+08,,rsv_vol_1_50_31_310=0,rsv_vol_6_50_31_310=1.86777,rsv_vol_21_50_31_310=0,rsv_vol_28_50_31_310=0,rsv_vol_37_50_31_310=2.48662,rsv_vol_63_50_31_310=1807.29,rsv_vol_65_50_31_310=-15.5341,rsv_vol_67_50_31_310=12724.6,sddp_alpha_0_30=1000
o,30,1,sddp_ecut_0_30_39_20,9.50338e+08,,rsv_vol_1_50_30_300=0,rsv_vol_6_50_30_300=2.42933,rsv_vol_21_50_30_300=0,rsv_vol_28_50_30_300=0,rsv_vol_37_50_30_300=3.57529,rsv_vol_63_50_30_300=8717.49,rsv_vol_65_50_30_300=-31.3159,rsv_vol_67_50_30_300=16476.2,sddp_alpha_0_29=1000
o,29,1,sddp_ecut_0_29_39_21,9.75418e+08,,rsv_vol_1_50_29_290=0,rsv_vol_6_50_29_290=3.07721,rsv_vol_21_50_29_290=0,rsv_vol_28_50_29_290=0,rsv_vol_37_50_29_290=2.22383,rsv_vol_63_50_29_290=8648.77,rsv_vol_65_50_29_290=15585.7,rsv_vol_67_50_29_290=3619.72,sddp_alpha_0_28=1000
o,28,1,sddp_ecut_0_28_39_22,1.03339e+09,,rsv_vol_1_50_28_280=0,rsv_vol_6_50_28_280=3.41761,rsv_vol_21_50_28_280=0,rsv_vol_28_50_28_280=0,rsv_vol_37_50_28_280=6.63199,rsv_vol_63_50_28_280=10199,rsv_vol_65_50_28_280=23688.4,rsv_vol_67_50_28_280=1852.15,sddp_alpha_0_27=1000
o,27,1,sddp_ecut_0_27_39_23,9.23448e+08,,rsv_vol_1_50_27_270=0,rsv_vol_6_50_27_270=-30.9372,rsv_vol_21_50_27_270=0,rsv_vol_28_50_27_270=0,rsv_vol_37_50_27_270=1.23183,rsv_vol_63_50_27_270=9289.17,rsv_vol_65_50_27_270=4392.88,rsv_vol_67_50_27_270=-256.569,sddp_alpha_0_26=1000
o,26,1,sddp_ecut_0_26_39_24,9.38607e+08,,rsv_vol_1_50_26_260=0,rsv_vol_6_50_26_260=-47.1974,rsv_vol_21_50_26_260=0,rsv_vol_28_50_26_260=0,rsv_vol_37_50_26_260=5.18722,rsv_vol_63_50_26_260=10361.7,rsv_vol_65_50_26_260=0,rsv_vol_67_50_26_260=17207.8,sddp_alpha_0_25=1000
o,25,1,sddp_ecut_0_25_39_25,8.2928e+08,,rsv_vol_1_50_25_250=0,rsv_vol_6_50_25_250=-63.968,rsv_vol_21_50_25_250=0,rsv_vol_28_50_25_250=0,rsv_vol_37_50_25_250=4.78176,rsv_vol_63_50_25_250=11019,rsv_vol_65_50_25_250=0,rsv_vol_67_50_25_250=18631.8,sddp_alpha_0_24=1000
o,24,1,sddp_ecut_0_24_39_26,9.00769e+08,,rsv_vol_1_50_24_240=0,rsv_vol_6_50_24_240=-146.75,rsv_vol_21_50_24_240=0,rsv_vol_28_50_24_240=0,rsv_vol_37_50_24_240=3.85428,rsv_vol_63_50_24_240=10337,rsv_vol_65_50_24_240=0,rsv_vol_67_50_24_240=17158.7,sddp_alpha_0_23=1000
o,23,1,sddp_ecut_0_23_39_27,8.7139e+08,,rsv_vol_1_50_23_230=0,rsv_vol_6_50_23_230=-115.323,rsv_vol_21_50_23_230=0,rsv_vol_28_50_23_230=0,rsv_vol_37_50_23_230=1.29822,rsv_vol_63_50_23_230=8882.42,rsv_vol_65_50_23_230=0,rsv_vol_67_50_23_230=6594.82,sddp_alpha_0_22=1000
o,22,1,sddp_ecut_0_22_39_28,2.25306e+08,,rsv_vol_1_50_22_220=0,rsv_vol_6_50_22_220=0.3573,rsv_vol_21_50_22_220=0,rsv_vol_28_50_22_220=0,rsv_vol_37_50_22_220=0.483474,rsv_vol_63_50_22_220=7.80866,rsv_vol_65_50_22_220=-16.6852,rsv_vol_67_50_22_220=2751.78,sddp_alpha_0_21=1000
o,21,1,sddp_ecut_0_21_39_29,1.97243e+08,,rsv_vol_1_50_21_210=0,rsv_vol_6_50_21_210=0.327868,rsv_vol_21_50_21_210=0,rsv_vol_28_50_21_210=0,rsv_vol_37_50_21_210=0.353737,rsv_vol_63_50_21_210=7.20799,rsv_vol_65_50_21_210=-16.6852,rsv_vol_67_50_21_210=1323.9,sddp_alpha_0_20=1000
o,20,1,sddp_ecut_0_20_39_30,2.24944e+08,,rsv_vol_1_50_20_200=0,rsv_vol_6_50_20_200=0.396313,rsv_vol_21_50_20_200=0,rsv_vol_28_50_20_200=0,rsv_vol_37_50_20_200=0.345962,rsv_vol_63_50_20_200=6.00666,rsv_vol_65_50_20_200=-50.0555,rsv_vol_67_50_20_200=1140.36,sddp_alpha_0_19=1000
o,19,1,sddp_ecut_0_19_39_31,1.9615e+08,,rsv_vol_1_50_19_190=0,rsv_vol_6_50_19_190=0.358616,rsv_vol_21_50_19_190=0,rsv_vol_28_50_19_190=0,rsv_vol_37_50_19_190=0.248175,rsv_vol_63_50_19_190=7.20799,rsv_vol_65_50_19_190=-50.0555,rsv_vol_67_50_19_190=392.776,sddp_alpha_0_18=1000
o,18,1,sddp_ecut_0_18_39_32,2.4088e+08,,rsv_vol_1_50_18_180=0,rsv_vol_6_50_18_180=0.402678,rsv_vol_21_50_18_180=0,rsv_vol_28_50_18_180=0,rsv_vol_37_50_18_180=0.414202,rsv_vol_63_50_18_180=7.26547,rsv_vol_65_50_18_180=-50.4547,rsv_vol_67_50_18_180=2041.26,sddp_alpha_0_17=1000
o,17,1,sddp_ecut_0_17_39_33,2.42099e+08,,rsv_vol_1_50_17_170=0,rsv_vol_6_50_17_170=0.412814,rsv_vol_21_50_17_170=0,rsv_vol_28_50_17_170=0,rsv_vol_37_50_17_170=0.503725,rsv_vol_63_50_17_170=7.26547,rsv_vol_65_50_17_170=-33.6364,rsv_vol_67_50_17_170=1572.26,sddp_alpha_0_16=1000
o,16,1,sddp_ecut_0_16_39_34,2.42624e+08,,rsv_vol_1_50_16_160=0,rsv_vol_6_50_16_160=0.418494,rsv_vol_21_50_16_160=0,rsv_vol_28_50_16_160=0,rsv_vol_37_50_16_160=0.488897,rsv_vol_63_50_16_160=6.66001,rsv_vol_65_50_16_160=0,rsv_vol_67_50_16_160=3249.37,sddp_alpha_0_15=1000
o,15,1,sddp_ecut_0_15_39_35,2.12073e+08,,rsv_vol_1_50_15_150=0,rsv_vol_6_50_15_150=0.375323,rsv_vol_21_50_15_150=0,rsv_vol_28_50_15_150=0,rsv_vol_37_50_15_150=0.336979,rsv_vol_63_50_15_150=4.23819,rsv_vol_65_50_15_150=-16.8182,rsv_vol_67_50_15_150=772.609,sddp_alpha_0_14=1000
o,14,1,sddp_ecut_0_14_39_36,2.51893e+08,,rsv_vol_1_50_14_140=0,rsv_vol_6_50_14_140=0.486347,rsv_vol_21_50_14_140=0,rsv_vol_28_50_14_140=0,rsv_vol_37_50_14_140=0.585543,rsv_vol_63_50_14_140=4.88227,rsv_vol_65_50_14_140=-16.9523,rsv_vol_67_50_14_140=5388.82,sddp_alpha_0_13=1000
o,13,1,sddp_ecut_0_13_39_37,2.17886e+08,,rsv_vol_1_50_13_130=0,rsv_vol_6_50_13_130=0.381142,rsv_vol_21_50_13_130=0,rsv_vol_28_50_13_130=0,rsv_vol_37_50_13_130=0.384669,rsv_vol_63_50_13_130=3.05446,rsv_vol_65_50_13_130=-16.9523,rsv_vol_67_50_13_130=1364.34,sddp_alpha_0_12=1000
o,12,1,sddp_ecut_0_12_39_38,2.49692e+08,,rsv_vol_1_50_12_120=0,rsv_vol_6_50_12_120=0.463542,rsv_vol_21_50_12_120=0,rsv_vol_28_50_12_120=0,rsv_vol_37_50_12_120=0.569366,rsv_vol_63_50_12_120=3.66342,rsv_vol_65_50_12_120=-33.9046,rsv_vol_67_50_12_120=4862.43,sddp_alpha_0_11=1000
o,11,1,sddp_ecut_0_11_39_39,2.19629e+08,,rsv_vol_1_50_11_110=0,rsv_vol_6_50_11_110=0.422289,rsv_vol_21_50_11_110=0,rsv_vol_28_50_11_110=0,rsv_vol_37_50_11_110=0.549519,rsv_vol_63_50_11_110=1.22057,rsv_vol_65_50_11_110=0,rsv_vol_67_50_11_110=1867.99,sddp_alpha_0_10=1000
o,10,1,sddp_ecut_0_10_39_40,2.60918e+08,,rsv_vol_1_50_10_100=0,rsv_vol_6_50_10_100=0.460434,rsv_vol_21_50_10_100=0,rsv_vol_28_50_10_100=0,rsv_vol_37_50_10_100=0.520056,rsv_vol_63_50_10_100=1.2303,rsv_vol_65_50_10_100=-34.175,rsv_vol_67_50_10_100=2725.03,sddp_alpha_0_9=1000
o,9,1,sddp_ecut_0_9_39_41,2.6257e+08,,rsv_vol_1_50_9_90=0,rsv_vol_6_50_9_90=0.471838,rsv_vol_21_50_9_90=0,rsv_vol_28_50_9_90=0,rsv_vol_37_50_9_90=0.533764,rsv_vol_63_50_9_90=0,rsv_vol_65_50_9_90=-17.0875,rsv_vol_67_50_9_90=2030.46,sddp_alpha_0_8=1000
o,8,1,sddp_ecut_0_8_39_42,2.63448e+08,,rsv_vol_1_50_8_80=0,rsv_vol_6_50_8_80=0.479546,rsv_vol_21_50_8_80=0,rsv_vol_28_50_8_80=0,rsv_vol_37_50_8_80=0.774691,rsv_vol_63_50_8_80=0.00579216,rsv_vol_65_50_8_80=-17.0875,rsv_vol_67_50_8_80=4295.42,sddp_alpha_0_7=1000
o,7,1,sddp_ecut_0_7_39_43,2.31658e+08,,rsv_vol_1_50_7_70=0,rsv_vol_6_50_7_70=0.434487,rsv_vol_21_50_7_70=0,rsv_vol_28_50_7_70=0,rsv_vol_37_50_7_70=0.680909,rsv_vol_63_50_7_70=0.00517157,rsv_vol_65_50_7_70=-17.0875,rsv_vol_67_50_7_70=3123.81,sddp_alpha_0_6=1000
o,6,1,sddp_ecut_0_6_39_44,2.81814e+08,,rsv_vol_1_50_6_60=0,rsv_vol_6_50_6_60=0.528607,rsv_vol_21_50_6_60=0,rsv_vol_28_50_6_60=0,rsv_vol_37_50_6_60=0.936707,rsv_vol_63_50_6_60=0.00757623,rsv_vol_65_50_6_60=0,rsv_vol_67_50_6_60=5943.57,sddp_alpha_0_5=1000
o,5,1,sddp_ecut_0_5_39_45,2.81885e+08,,rsv_vol_1_50_5_50=0,rsv_vol_6_50_5_50=0.554327,rsv_vol_21_50_5_50=0,rsv_vol_28_50_5_50=0,rsv_vol_37_50_5_50=0.73746,rsv_vol_63_50_5_50=0.00649041,rsv_vol_65_50_5_50=0,rsv_vol_67_50_5_50=4823.92,sddp_alpha_0_4=1000
o,4,1,sddp_ecut_0_4_39_46,2.83267e+08,,rsv_vol_1_50_4_40=0,rsv_vol_6_50_4_40=0.554263,rsv_vol_21_50_4_40=0,rsv_vol_28_50_4_40=0,rsv_vol_37_50_4_40=0.812836,rsv_vol_63_50_4_40=0,rsv_vol_65_50_4_40=0,rsv_vol_67_50_4_40=2573.44,sddp_alpha_0_3=1000
o,3,1,sddp_ecut_0_3_39_47,2.50811e+08,,rsv_vol_1_50_3_30=0,rsv_vol_6_50_3_30=0.545396,rsv_vol_21_50_3_30=0,rsv_vol_28_50_3_30=0,rsv_vol_37_50_3_30=0.744395,rsv_vol_63_50_3_30=0,rsv_vol_65_50_3_30=-34.4475,rsv_vol_67_50_3_30=2830.48,sddp_alpha_0_2=1000
o,2,1,sddp_ecut_0_2_39_48,2.25338e+08,,rsv_vol_1_50_2_20=0,rsv_vol_6_50_2_20=0.707866,rsv_vol_21_50_2_20=0,rsv_vol_28_50_2_20=0,rsv_vol_37_50_2_20=0.488828,rsv_vol_63_50_2_20=0,rsv_vol_65_50_2_20=-69.4444,rsv_vol_67_50_2_20=6213.54,sddp_alpha_0_1=1000
o,1,1,sddp_ecut_0_1_39_49,2.65508e+08,,rsv_vol_1_50_1_10=0,rsv_vol_6_50_1_10=0.843154,rsv_vol_21_50_1_10=0,rsv_vol_28_50_1_10=0,rsv_vol_37_50_1_10=0.507562,rsv_vol_63_50_1_10=0,rsv_vol_65_50_1_10=-17.3611,rsv_vol_67_50_1_10=9920.79,sddp_alpha_0_0=1000
o,50,1,sddp_ecut_0_50_40_0,7.41931e+08,,rsv_vol_1_50_50_500=0,rsv_vol_6_50_50_500=1.94663,rsv_vol_21_50_50_500=0,rsv_vol_28_50_50_500=0,rsv_vol_37_50_50_500=2.9028,rsv_vol_63_50_50_500=9336.49,rsv_vol_65_50_50_500=34981,rsv_vol_67_50_50_500=15113.6,sddp_alpha_0_49=1000
o,49,1,sddp_ecut_0_49_40_1,5.94245e+08,,rsv_vol_1_50_49_490=0,rsv_vol_6_50_49_490=-12.3816,rsv_vol_21_50_49_490=0,rsv_vol_28_50_49_490=0,rsv_vol_37_50_49_490=1.87958,rsv_vol_63_50_49_490=8418.64,rsv_vol_65_50_49_490=0,rsv_vol_67_50_49_490=14416.9,sddp_alpha_0_48=1000
o,48,1,sddp_ecut_0_48_40_2,6.5112e+08,,rsv_vol_1_50_48_480=0,rsv_vol_6_50_48_480=-26.4146,rsv_vol_21_50_48_480=0,rsv_vol_28_50_48_480=0,rsv_vol_37_50_48_480=2.43005,rsv_vol_63_50_48_480=7621.99,rsv_vol_65_50_48_480=0,rsv_vol_67_50_48_480=13639.3,sddp_alpha_0_47=1000
o,47,1,sddp_ecut_0_47_40_3,6.4186e+08,,rsv_vol_1_50_47_470=0,rsv_vol_6_50_47_470=-95.2668,rsv_vol_21_50_47_470=0,rsv_vol_28_50_47_470=0,rsv_vol_37_50_47_470=1.45394,rsv_vol_63_50_47_470=7678.17,rsv_vol_65_50_47_470=0,rsv_vol_67_50_47_470=9022.1,sddp_alpha_0_46=1000
o,46,1,sddp_ecut_0_46_40_4,6.21959e+08,,rsv_vol_1_50_46_460=0,rsv_vol_6_50_46_460=-123.55,rsv_vol_21_50_46_460=0,rsv_vol_28_50_46_460=0,rsv_vol_37_50_46_460=1.76338,rsv_vol_63_50_46_460=7622.2,rsv_vol_65_50_46_460=0,rsv_vol_67_50_46_460=6941.93,sddp_alpha_0_45=1000
o,45,1,sddp_ecut_0_45_40_5,6.87401e+08,,rsv_vol_1_50_45_450=0,rsv_vol_6_50_45_450=0.839902,rsv_vol_21_50_45_450=0,rsv_vol_28_50_45_450=0,rsv_vol_37_50_45_450=2.51234,rsv_vol_63_50_45_450=7123.3,rsv_vol_65_50_45_450=0,rsv_vol_67_50_45_450=11127.6,sddp_alpha_0_44=1000
o,44,1,sddp_ecut_0_44_40_6,6.90026e+08,,rsv_vol_1_50_44_440=0,rsv_vol_6_50_44_440=1.09349,rsv_vol_21_50_44_440=0,rsv_vol_28_50_44_440=0,rsv_vol_37_50_44_440=2.27898,rsv_vol_63_50_44_440=7545.16,rsv_vol_65_50_44_440=-28.0204,rsv_vol_67_50_44_440=10508.2,sddp_alpha_0_43=1000
o,43,1,sddp_ecut_0_43_40_7,7.71882e+08,,rsv_vol_1_50_43_430=0,rsv_vol_6_50_43_430=1.45338,rsv_vol_21_50_43_430=0,rsv_vol_28_50_43_430=0,rsv_vol_37_50_43_430=2.45561,rsv_vol_63_50_43_430=6525.85,rsv_vol_65_50_43_430=-28.2438,rsv_vol_67_50_43_430=12635.8,sddp_alpha_0_42=1000
o,42,1,sddp_ecut_0_42_40_8,8.26884e+08,,rsv_vol_1_50_42_420=0,rsv_vol_6_50_42_420=2.01369,rsv_vol_21_50_42_420=0,rsv_vol_28_50_42_420=0,rsv_vol_37_50_42_420=3.00551,rsv_vol_63_50_42_420=8883.06,rsv_vol_65_50_42_420=-14.2345,rsv_vol_67_50_42_420=14733.5,sddp_alpha_0_41=1000
o,41,1,sddp_ecut_0_41_40_9,8.32332e+08,,rsv_vol_1_50_41_410=0,rsv_vol_6_50_41_410=1.89132,rsv_vol_21_50_41_410=0,rsv_vol_28_50_41_410=0,rsv_vol_37_50_41_410=2.95122,rsv_vol_63_50_41_410=6677.09,rsv_vol_65_50_41_410=4962.15,rsv_vol_67_50_41_410=11700.4,sddp_alpha_0_40=1000
o,40,1,sddp_ecut_0_40_40_10,8.47719e+08,,rsv_vol_1_50_40_400=0,rsv_vol_6_50_40_400=2.03587,rsv_vol_21_50_40_400=0,rsv_vol_28_50_40_400=0,rsv_vol_37_50_40_400=4.35808,rsv_vol_63_50_40_400=8532.25,rsv_vol_65_50_40_400=4695.37,rsv_vol_67_50_40_400=14517.1,sddp_alpha_0_39=1000
o,39,1,sddp_ecut_0_39_40_11,7.73673e+08,,rsv_vol_1_50_39_390=0,rsv_vol_6_50_39_390=1.80547,rsv_vol_21_50_39_390=0,rsv_vol_28_50_39_390=0,rsv_vol_37_50_39_390=3.81567,rsv_vol_63_50_39_390=8647.2,rsv_vol_65_50_39_390=4663.56,rsv_vol_67_50_39_390=15042.9,sddp_alpha_0_38=1000
o,38,1,sddp_ecut_0_38_40_12,7.79346e+08,,rsv_vol_1_50_38_380=0,rsv_vol_6_50_38_380=-12.7532,rsv_vol_21_50_38_380=0,rsv_vol_28_50_38_380=0,rsv_vol_37_50_38_380=2.83015,rsv_vol_63_50_38_380=9549.15,rsv_vol_65_50_38_380=12661.7,rsv_vol_67_50_38_380=-235.104,sddp_alpha_0_37=1000
o,37,1,sddp_ecut_0_37_40_13,6.45813e+08,,rsv_vol_1_50_37_370=0,rsv_vol_6_50_37_370=-13.6252,rsv_vol_21_50_37_370=0,rsv_vol_28_50_37_370=0,rsv_vol_37_50_37_370=2.23528,rsv_vol_63_50_37_370=9443.88,rsv_vol_65_50_37_370=0,rsv_vol_67_50_37_370=15930,sddp_alpha_0_36=1000
o,36,1,sddp_ecut_0_36_40_14,7.0939e+08,,rsv_vol_1_50_36_360=0,rsv_vol_6_50_36_360=-29.2047,rsv_vol_21_50_36_360=0,rsv_vol_28_50_36_360=0,rsv_vol_37_50_36_360=2.77566,rsv_vol_63_50_36_360=9090.91,rsv_vol_65_50_36_360=0,rsv_vol_67_50_36_360=15229.1,sddp_alpha_0_35=1000
o,35,1,sddp_ecut_0_35_40_15,7.38236e+08,,rsv_vol_1_50_35_350=0,rsv_vol_6_50_35_350=-105.102,rsv_vol_21_50_35_350=0,rsv_vol_28_50_35_350=0,rsv_vol_37_50_35_350=0.693072,rsv_vol_63_50_35_350=8573.34,rsv_vol_65_50_35_350=0,rsv_vol_67_50_35_350=3253.05,sddp_alpha_0_34=1000
o,34,1,sddp_ecut_0_34_40_16,7.15841e+08,,rsv_vol_1_50_34_340=0,rsv_vol_6_50_34_340=-29.8209,rsv_vol_21_50_34_340=0,rsv_vol_28_50_34_340=0,rsv_vol_37_50_34_340=1.1029,rsv_vol_63_50_34_340=9189.82,rsv_vol_65_50_34_340=0,rsv_vol_67_50_34_340=1639.13,sddp_alpha_0_33=1000
o,33,1,sddp_ecut_0_33_40_17,7.85711e+08,,rsv_vol_1_50_33_330=0,rsv_vol_6_50_33_330=1.41522,rsv_vol_21_50_33_330=0,rsv_vol_28_50_33_330=0,rsv_vol_37_50_33_330=2.15555,rsv_vol_63_50_33_330=7432.22,rsv_vol_65_50_33_330=0,rsv_vol_67_50_33_330=7990.96,sddp_alpha_0_32=1000
o,32,1,sddp_ecut_0_32_40_18,7.86227e+08,,rsv_vol_1_50_32_320=0,rsv_vol_6_50_32_320=1.50884,rsv_vol_21_50_32_320=0,rsv_vol_28_50_32_320=0,rsv_vol_37_50_32_320=1.93903,rsv_vol_63_50_32_320=4402.97,rsv_vol_65_50_32_320=0,rsv_vol_67_50_32_320=8573.67,sddp_alpha_0_31=1000
o,31,1,sddp_ecut_0_31_40_19,8.80882e+08,,rsv_vol_1_50_31_310=0,rsv_vol_6_50_31_310=1.86777,rsv_vol_21_50_31_310=0,rsv_vol_28_50_31_310=0,rsv_vol_37_50_31_310=2.48662,rsv_vol_63_50_31_310=1807.29,rsv_vol_65_50_31_310=-15.5341,rsv_vol_67_50_31_310=12724.6,sddp_alpha_0_30=1000
o,30,1,sddp_ecut_0_30_40_20,9.50338e+08,,rsv_vol_1_50_30_300=0,rsv_vol_6_50_30_300=2.42933,rsv_vol_21_50_30_300=0,rsv_vol_28_50_30_300=0,rsv_vol_37_50_30_300=3.57529,rsv_vol_63_50_30_300=8717.49,rsv_vol_65_50_30_300=-31.3159,rsv_vol_67_50_30_300=16476.2,sddp_alpha_0_29=1000
o,29,1,sddp_ecut_0_29_40_21,9.75418e+08,,rsv_vol_1_50_29_290=0,rsv_vol_6_50_29_290=3.07721,rsv_vol_21_50_29_290=0,rsv_vol_28_50_29_290=0,rsv_vol_37_50_29_290=2.22383,rsv_vol_63_50_29_290=8648.77,rsv_vol_65_50_29_290=15585.7,rsv_vol_67_50_29_290=3619.72,sddp_alpha_0_28=1000
o,28,1,sddp_ecut_0_28_40_22,1.03339e+09,,rsv_vol_1_50_28_280=0,rsv_vol_6_50_28_280=3.41761,rsv_vol_21_50_28_280=0,rsv_vol_28_50_28_280=0,rsv_vol_37_50_28_280=6.63199,rsv_vol_63_50_28_280=10199,rsv_vol_65_50_28_280=23688.4,rsv_vol_67_50_28_280=1852.15,sddp_alpha_0_27=1000
o,27,1,sddp_ecut_0_27_40_23,9.23448e+08,,rsv_vol_1_50_27_270=0,rsv_vol_6_50_27_270=-30.9372,rsv_vol_21_50_27_270=0,rsv_vol_28_50_27_270=0,rsv_vol_37_50_27_270=1.23183,rsv_vol_63_50_27_270=9289.17,rsv_vol_65_50_27_270=4392.88,rsv_vol_67_50_27_270=-256.569,sddp_alpha_0_26=1000
o,26,1,sddp_ecut_0_26_40_24,9.38607e+08,,rsv_vol_1_50_26_260=0,rsv_vol_6_50_26_260=-47.1974,rsv_vol_21_50_26_260=0,rsv_vol_28_50_26_260=0,rsv_vol_37_50_26_260=5.18722,rsv_vol_63_50_26_260=10361.7,rsv_vol_65_50_26_260=0,rsv_vol_67_50_26_260=17207.8,sddp_alpha_0_25=1000
o,25,1,sddp_ecut_0_25_40_25,8.2928e+08,,rsv_vol_1_50_25_250=0,rsv_vol_6_50_25_250=-63.968,rsv_vol_21_50_25_250=0,rsv_vol_28_50_25_250=0,rsv_vol_37_50_25_250=4.78176,rsv_vol_63_50_25_250=11019,rsv_vol_65_50_25_250=0,rsv_vol_67_50_25_250=18631.8,sddp_alpha_0_24=1000
o,24,1,sddp_ecut_0_24_40_26,9.00769e+08,,rsv_vol_1_50_24_240=0,rsv_vol_6_50_24_240=-146.75,rsv_vol_21_50_24_240=0,rsv_vol_28_50_24_240=0,rsv_vol_37_50_24_240=3.85428,rsv_vol_63_50_24_240=10337,rsv_vol_65_50_24_240=0,rsv_vol_67_50_24_240=17158.7,sddp_alpha_0_23=1000
o,23,1,sddp_ecut_0_23_40_27,8.7139e+08,,rsv_vol_1_50_23_230=0,rsv_vol_6_50_23_230=-115.323,rsv_vol_21_50_23_230=0,rsv_vol_28_50_23_230=0,rsv_vol_37_50_23_230=1.29822,rsv_vol_63_50_23_230=8882.42,rsv_vol_65_50_23_230=0,rsv_vol_67_50_23_230=6594.82,sddp_alpha_0_22=1000
o,22,1,sddp_ecut_0_22_40_28,2.25306e+08,,rsv_vol_1_50_22_220=0,rsv_vol_6_50_22_220=0.3573,rsv_vol_21_50_22_220=0,rsv_vol_28_50_22_220=0,rsv_vol_37_50_22_220=0.483474,rsv_vol_63_50_22_220=7.80866,rsv_vol_65_50_22_220=-16.6852,rsv_vol_67_50_22_220=2751.78,sddp_alpha_0_21=1000
o,21,1,sddp_ecut_0_21_40_29,1.97243e+08,,rsv_vol_1_50_21_210=0,rsv_vol_6_50_21_210=0.327868,rsv_vol_21_50_21_210=0,rsv_vol_28_50_21_210=0,rsv_vol_37_50_21_210=0.353737,rsv_vol_63_50_21_210=7.20799,rsv_vol_65_50_21_210=-16.6852,rsv_vol_67_50_21_210=1323.9,sddp_alpha_0_20=1000
o,20,1,sddp_ecut_0_20_40_30,2.24944e+08,,rsv_vol_1_50_20_200=0,rsv_vol_6_50_20_200=0.396313,rsv_vol_21_50_20_200=0,rsv_vol_28_50_20_200=0,rsv_vol_37_50_20_200=0.345962,rsv_vol_63_50_20_200=6.00666,rsv_vol_65_50_20_200=-50.0555,rsv_vol_67_50_20_200=1140.36,sddp_alpha_0_19=1000
o,19,1,sddp_ecut_0_19_40_31,1.9615e+08,,rsv_vol_1_50_19_190=0,rsv_vol_6_50_19_190=0.358616,rsv_vol_21_50_19_190=0,rsv_vol_28_50_19_190=0,rsv_vol_37_50_19_190=0.248175,rsv_vol_63_50_19_190=7.20799,rsv_vol_65_50_19_190=-50.0555,rsv_vol_67_50_19_190=392.776,sddp_alpha_0_18=1000
o,18,1,sddp_ecut_0_18_40_32,2.4088e+08,,rsv_vol_1_50_18_180=0,rsv_vol_6_50_18_180=0.402678,rsv_vol_21_50_18_180=0,rsv_vol_28_50_18_180=0,rsv_vol_37_50_18_180=0.414202,rsv_vol_63_50_18_180=7.26547,rsv_vol_65_50_18_180=-50.4547,rsv_vol_67_50_18_180=2041.26,sddp_alpha_0_17=1000
o,17,1,sddp_ecut_0_17_40_33,2.42099e+08,,rsv_vol_1_50_17_170=0,rsv_vol_6_50_17_170=0.412814,rsv_vol_21_50_17_170=0,rsv_vol_28_50_17_170=0,rsv_vol_37_50_17_170=0.503725,rsv_vol_63_50_17_170=7.26547,rsv_vol_65_50_17_170=-33.6364,rsv_vol_67_50_17_170=1572.26,sddp_alpha_0_16=1000
o,16,1,sddp_ecut_0_16_40_34,2.42624e+08,,rsv_vol_1_50_16_160=0,rsv_vol_6_50_16_160=0.418494,rsv_vol_21_50_16_160=0,rsv_vol_28_50_16_160=0,rsv_vol_37_50_16_160=0.488897,rsv_vol_63_50_16_160=6.66001,rsv_vol_65_50_16_160=0,rsv_vol_67_50_16_160=3249.37,sddp_alpha_0_15=1000
o,15,1,sddp_ecut_0_15_40_35,2.12073e+08,,rsv_vol_1_50_15_150=0,rsv_vol_6_50_15_150=0.375323,rsv_vol_21_50_15_150=0,rsv_vol_28_50_15_150=0,rsv_vol_37_50_15_150=0.336979,rsv_vol_63_50_15_150=4.23819,rsv_vol_65_50_15_150=-16.8182,rsv_vol_67_50_15_150=772.609,sddp_alpha_0_14=1000
o,14,1,sddp_ecut_0_14_40_36,2.51893e+08,,rsv_vol_1_50_14_140=0,rsv_vol_6_50_14_140=0.486347,rsv_vol_21_50_14_140=0,rsv_vol_28_50_14_140=0,rsv_vol_37_50_14_140=0.585543,rsv_vol_63_50_14_140=4.88227,rsv_vol_65_50_14_140=-16.9523,rsv_vol_67_50_14_140=5388.82,sddp_alpha_0_13=1000
o,13,1,sddp_ecut_0_13_40_37,2.17886e+08,,rsv_vol_1_50_13_130=0,rsv_vol_6_50_13_130=0.381142,rsv_vol_21_50_13_130=0,rsv_vol_28_50_13_130=0,rsv_vol_37_50_13_130=0.384669,rsv_vol_63_50_13_130=3.05451,rsv_vol_65_50_13_130=-16.9523,rsv_vol_67_50_13_130=1364.34,sddp_alpha_0_12=1000
o,12,1,sddp_ecut_0_12_40_38,2.49692e+08,,rsv_vol_1_50_12_120=0,rsv_vol_6_50_12_120=0.463542,rsv_vol_21_50_12_120=0,rsv_vol_28_50_12_120=0,rsv_vol_37_50_12_120=0.569366,rsv_vol_63_50_12_120=3.66342,rsv_vol_65_50_12_120=-33.9046,rsv_vol_67_50_12_120=4862.43,sddp_alpha_0_11=1000
o,11,1,sddp_ecut_0_11_40_39,2.19629e+08,,rsv_vol_1_50_11_110=0,rsv_vol_6_50_11_110=0.422289,rsv_vol_21_50_11_110=0,rsv_vol_28_50_11_110=0,rsv_vol_37_50_11_110=0.549519,rsv_vol_63_50_11_110=1.22057,rsv_vol_65_50_11_110=0,rsv_vol_67_50_11_110=1867.99,sddp_alpha_0_10=1000
o,10,1,sddp_ecut_0_10_40_40,2.60918e+08,,rsv_vol_1_50_10_100=0,rsv_vol_6_50_10_100=0.460434,rsv_vol_21_50_10_100=0,rsv_vol_28_50_10_100=0,rsv_vol_37_50_10_100=0.520056,rsv_vol_63_50_10_100=1.2303,rsv_vol_65_50_10_100=-34.175,rsv_vol_67_50_10_100=2725.03,sddp_alpha_0_9=1000
o,9,1,sddp_ecut_0_9_40_41,2.6257e+08,,rsv_vol_1_50_9_90=0,rsv_vol_6_50_9_90=0.471838,rsv_vol_21_50_9_90=0,rsv_vol_28_50_9_90=0,rsv_vol_37_50_9_90=0.533764,rsv_vol_63_50_9_90=0,rsv_vol_65_50_9_90=-17.0875,rsv_vol_67_50_9_90=2030.46,sddp_alpha_0_8=1000
o,8,1,sddp_ecut_0_8_40_42,2.63448e+08,,rsv_vol_1_50_8_80=0,rsv_vol_6_50_8_80=0.479546,rsv_vol_21_50_8_80=0,rsv_vol_28_50_8_80=0,rsv_vol_37_50_8_80=0.774691,rsv_vol_63_50_8_80=0.00579216,rsv_vol_65_50_8_80=-17.0875,rsv_vol_67_50_8_80=4295.42,sddp_alpha_0_7=1000
o,7,1,sddp_ecut_0_7_40_43,2.31658e+08,,rsv_vol_1_50_7_70=0,rsv_vol_6_50_7_70=0.434487,rsv_vol_21_50_7_70=0,rsv_vol_28_50_7_70=0,rsv_vol_37_50_7_70=0.680909,rsv_vol_63_50_7_70=0.00517157,rsv_vol_65_50_7_70=-17.0875,rsv_vol_67_50_7_70=3123.81,sddp_alpha_0_6=1000
o,6,1,sddp_ecut_0_6_40_44,2.81814e+08,,rsv_vol_1_50_6_60=0,rsv_vol_6_50_6_60=0.528607,rsv_vol_21_50_6_60=0,rsv_vol_28_50_6_60=0,rsv_vol_37_50_6_60=0.936707,rsv_vol_63_50_6_60=0.0075777,rsv_vol_65_50_6_60=0,rsv_vol_67_50_6_60=5943.57,sddp_alpha_0_5=1000
o,5,1,sddp_ecut_0_5_40_45,2.81885e+08,,rsv_vol_1_50_5_50=0,rsv_vol_6_50_5_50=0.554327,rsv_vol_21_50_5_50=0,rsv_vol_28_50_5_50=0,rsv_vol_37_50_5_50=0.73746,rsv_vol_63_50_5_50=0.00649041,rsv_vol_65_50_5_50=0,rsv_vol_67_50_5_50=4823.92,sddp_alpha_0_4=1000
o,4,1,sddp_ecut_0_4_40_46,2.83267e+08,,rsv_vol_1_50_4_40=0,rsv_vol_6_50_4_40=0.554263,rsv_vol_21_50_4_40=0,rsv_vol_28_50_4_40=0,rsv_vol_37_50_4_40=0.812836,rsv_vol_63_50_4_40=0,rsv_vol_65_50_4_40=0,rsv_vol_67_50_4_40=2573.44,sddp_alpha_0_3=1000
o,3,1,sddp_ecut_0_3_40_47,2.50811e+08,,rsv_vol_1_50_3_30=0,rsv_vol_6_50_3_30=0.545396,rsv_vol_21_50_3_30=0,rsv_vol_28_50_3_30=0,rsv_vol_37_50_3_30=0.744395,rsv_vol_63_50_3_30=0,rsv_vol_65_50_3_30=-34.4475,rsv_vol_67_50_3_30=2830.48,sddp_alpha_0_2=1000
o,2,1,sddp_ecut_0_2_40_48,2.25338e+08,,rsv_vol_1_50_2_20=0,rsv_vol_6_50_2_20=0.707866,rsv_vol_21_50_2_20=0,rsv_vol_28_50_2_20=0,rsv_vol_37_50_2_20=0.488828,rsv_vol_63_50_2_20=0,rsv_vol_65_50_2_20=-69.4444,rsv_vol_67_50_2_20=6213.54,sddp_alpha_0_1=1000
o,1,1,sddp_ecut_0_1_40_49,2.65508e+08,,rsv_vol_1_50_1_10=0,rsv_vol_6_50_1_10=0.843154,rsv_vol_21_50_1_10=0,rsv_vol_28_50_1_10=0,rsv_vol_37_50_1_10=0.507562,rsv_vol_63_50_1_10=0,rsv_vol_65_50_1_10=-17.3611,rsv_vol_67_50_1_10=9920.79,sddp_alpha_0_0=1000
o,50,1,sddp_ecut_0_50_41_0,7.41996e+08,,rsv_vol_1_50_50_500=0,rsv_vol_6_50_50_500=1.94858,rsv_vol_21_50_50_500=0,rsv_vol_28_50_50_500=0,rsv_vol_37_50_50_500=2.90578,rsv_vol_63_50_50_500=9345.75,rsv_vol_65_50_50_500=35030.7,rsv_vol_67_50_50_500=15138.6,sddp_alpha_0_49=1000
o,49,1,sddp_ecut_0_49_41_1,5.94245e+08,,rsv_vol_1_50_49_490=0,rsv_vol_6_50_49_490=-12.3816,rsv_vol_21_50_49_490=0,rsv_vol_28_50_49_490=0,rsv_vol_37_50_49_490=1.87958,rsv_vol_63_50_49_490=8418.64,rsv_vol_65_50_49_490=0,rsv_vol_67_50_49_490=14416.9,sddp_alpha_0_48=1000
o,48,1,sddp_ecut_0_48_41_2,6.5112e+08,,rsv_vol_1_50_48_480=0,rsv_vol_6_50_48_480=-26.4146,rsv_vol_21_50_48_480=0,rsv_vol_28_50_48_480=0,rsv_vol_37_50_48_480=2.43005,rsv_vol_63_50_48_480=7621.99,rsv_vol_65_50_48_480=0,rsv_vol_67_50_48_480=13639.3,sddp_alpha_0_47=1000
o,47,1,sddp_ecut_0_47_41_3,6.4186e+08,,rsv_vol_1_50_47_470=0,rsv_vol_6_50_47_470=-95.2668,rsv_vol_21_50_47_470=0,rsv_vol_28_50_47_470=0,rsv_vol_37_50_47_470=1.45394,rsv_vol_63_50_47_470=7678.17,rsv_vol_65_50_47_470=0,rsv_vol_67_50_47_470=9022.1,sddp_alpha_0_46=1000
o,46,1,sddp_ecut_0_46_41_4,6.21959e+08,,rsv_vol_1_50_46_460=0,rsv_vol_6_50_46_460=-123.55,rsv_vol_21_50_46_460=0,rsv_vol_28_50_46_460=0,rsv_vol_37_50_46_460=1.76338,rsv_vol_63_50_46_460=7622.2,rsv_vol_65_50_46_460=0,rsv_vol_67_50_46_460=6941.93,sddp_alpha_0_45=1000
o,45,1,sddp_ecut_0_45_41_5,6.87401e+08,,rsv_vol_1_50_45_450=0,rsv_vol_6_50_45_450=0.839902,rsv_vol_21_50_45_450=0,rsv_vol_28_50_45_450=0,rsv_vol_37_50_45_450=2.51234,rsv_vol_63_50_45_450=7123.3,rsv_vol_65_50_45_450=0,rsv_vol_67_50_45_450=11127.6,sddp_alpha_0_44=1000
o,44,1,sddp_ecut_0_44_41_6,6.90026e+08,,rsv_vol_1_50_44_440=0,rsv_vol_6_50_44_440=1.09349,rsv_vol_21_50_44_440=0,rsv_vol_28_50_44_440=0,rsv_vol_37_50_44_440=2.27898,rsv_vol_63_50_44_440=7545.16,rsv_vol_65_50_44_440=-28.0204,rsv_vol_67_50_44_440=10508.2,sddp_alpha_0_43=1000
o,43,1,sddp_ecut_0_43_41_7,7.71882e+08,,rsv_vol_1_50_43_430=0,rsv_vol_6_50_43_430=1.45338,rsv_vol_21_50_43_430=0,rsv_vol_28_50_43_430=0,rsv_vol_37_50_43_430=2.45561,rsv_vol_63_50_43_430=6525.85,rsv_vol_65_50_43_430=-28.2438,rsv_vol_67_50_43_430=12635.8,sddp_alpha_0_42=1000
o,42,1,sddp_ecut_0_42_41_8,8.26884e+08,,rsv_vol_1_50_42_420=0,rsv_vol_6_50_42_420=2.01369,rsv_vol_21_50_42_420=0,rsv_vol_28_50_42_420=0,rsv_vol_37_50_42_420=3.00551,rsv_vol_63_50_42_420=8883.06,rsv_vol_65_50_42_420=-14.2345,rsv_vol_67_50_42_420=14733.5,sddp_alpha_0_41=1000
o,41,1,sddp_ecut_0_41_41_9,8.32332e+08,,rsv_vol_1_50_41_410=0,rsv_vol_6_50_41_410=1.89132,rsv_vol_21_50_41_410=0,rsv_vol_28_50_41_410=0,rsv_vol_37_50_41_410=2.95122,rsv_vol_63_50_41_410=6677.09,rsv_vol_65_50_41_410=4962.15,rsv_vol_67_50_41_410=11700.4,sddp_alpha_0_40=1000
o,40,1,sddp_ecut_0_40_41_10,8.47719e+08,,rsv_vol_1_50_40_400=0,rsv_vol_6_50_40_400=2.03587,rsv_vol_21_50_40_400=0,rsv_vol_28_50_40_400=0,rsv_vol_37_50_40_400=4.35808,rsv_vol_63_50_40_400=8532.25,rsv_vol_65_50_40_400=4695.37,rsv_vol_67_50_40_400=14517.1,sddp_alpha_0_39=1000
o,39,1,sddp_ecut_0_39_41_11,7.73673e+08,,rsv_vol_1_50_39_390=0,rsv_vol_6_50_39_390=1.80547,rsv_vol_21_50_39_390=0,rsv_vol_28_50_39_390=0,rsv_vol_37_50_39_390=3.81567,rsv_vol_63_50_39_390=8647.2,rsv_vol_65_50_39_390=4663.56,rsv_vol_67_50_39_390=15042.9,sddp_alpha_0_38=1000
o,38,1,sddp_ecut_0_38_41_12,7.79346e+08,,rsv_vol_1_50_38_380=0,rsv_vol_6_50_38_380=-12.7532,rsv_vol_21_50_38_380=0,rsv_vol_28_50_38_380=0,rsv_vol_37_50_38_380=2.83015,rsv_vol_63_50_38_380=9549.15,rsv_vol_65_50_38_380=12661.7,rsv_vol_67_50_38_380=-235.104,sddp_alpha_0_37=1000
o,37,1,sddp_ecut_0_37_41_13,6.45813e+08,,rsv_vol_1_50_37_370=0,rsv_vol_6_50_37_370=-13.6252,rsv_vol_21_50_37_370=0,rsv_vol_28_50_37_370=0,rsv_vol_37_50_37_370=2.23528,rsv_vol_63_50_37_370=9443.88,rsv_vol_65_50_37_370=0,rsv_vol_67_50_37_370=15930,sddp_alpha_0_36=1000
o,36,1,sddp_ecut_0_36_41_14,7.0939e+08,,rsv_vol_1_50_36_360=0,rsv_vol_6_50_36_360=-29.2047,rsv_vol_21_50_36_360=0,rsv_vol_28_50_36_360=0,rsv_vol_37_50_36_360=2.77566,rsv_vol_63_50_36_360=9090.91,rsv_vol_65_50_36_360=0,rsv_vol_67_50_36_360=15229.1,sddp_alpha_0_35=1000
o,35,1,sddp_ecut_0_35_41_15,7.38236e+08,,rsv_vol_1_50_35_350=0,rsv_vol_6_50_35_350=-105.102,rsv_vol_21_50_35_350=0,rsv_vol_28_50_35_350=0,rsv_vol_37_50_35_350=0.693072,rsv_vol_63_50_35_350=8573.34,rsv_vol_65_50_35_350=0,rsv_vol_67_50_35_350=3253.05,sddp_alpha_0_34=1000
o,34,1,sddp_ecut_0_34_41_16,7.15841e+08,,rsv_vol_1_50_34_340=0,rsv_vol_6_50_34_340=-29.8209,rsv_vol_21_50_34_340=0,rsv_vol_28_50_34_340=0,rsv_vol_37_50_34_340=1.1029,rsv_vol_63_50_34_340=9189.82,rsv_vol_65_50_34_340=0,rsv_vol_67_50_34_340=1639.13,sddp_alpha_0_33=1000
o,33,1,sddp_ecut_0_33_41_17,7.85711e+08,,rsv_vol_1_50_33_330=0,rsv_vol_6_50_33_330=1.41522,rsv_vol_21_50_33_330=0,rsv_vol_28_50_33_330=0,rsv_vol_37_50_33_330=2.15555,rsv_vol_63_50_33_330=7432.22,rsv_vol_65_50_33_330=0,rsv_vol_67_50_33_330=7990.96,sddp_alpha_0_32=1000
o,32,1,sddp_ecut_0_32_41_18,7.86227e+08,,rsv_vol_1_50_32_320=0,rsv_vol_6_50_32_320=1.50884,rsv_vol_21_50_32_320=0,rsv_vol_28_50_32_320=0,rsv_vol_37_50_32_320=1.93903,rsv_vol_63_50_32_320=4402.97,rsv_vol_65_50_32_320=0,rsv_vol_67_50_32_320=8573.67,sddp_alpha_0_31=1000
o,31,1,sddp_ecut_0_31_41_19,8.80882e+08,,rsv_vol_1_50_31_310=0,rsv_vol_6_50_31_310=1.86777,rsv_vol_21_50_31_310=0,rsv_vol_28_50_31_310=0,rsv_vol_37_50_31_310=2.48662,rsv_vol_63_50_31_310=1807.29,rsv_vol_65_50_31_310=-15.5341,rsv_vol_67_50_31_310=12724.6,sddp_alpha_0_30=1000
o,30,1,sddp_ecut_0_30_41_20,9.50338e+08,,rsv_vol_1_50_30_300=0,rsv_vol_6_50_30_300=2.42933,rsv_vol_21_50_30_300=0,rsv_vol_28_50_30_300=0,rsv_vol_37_50_30_300=3.57529,rsv_vol_63_50_30_300=8717.49,rsv_vol_65_50_30_300=-31.3159,rsv_vol_67_50_30_300=16476.2,sddp_alpha_0_29=1000
o,29,1,sddp_ecut_0_29_41_21,9.75418e+08,,rsv_vol_1_50_29_290=0,rsv_vol_6_50_29_290=3.07721,rsv_vol_21_50_29_290=0,rsv_vol_28_50_29_290=0,rsv_vol_37_50_29_290=2.22383,rsv_vol_63_50_29_290=8648.77,rsv_vol_65_50_29_290=15585.7,rsv_vol_67_50_29_290=3619.72,sddp_alpha_0_28=1000
o,28,1,sddp_ecut_0_28_41_22,1.03339e+09,,rsv_vol_1_50_28_280=0,rsv_vol_6_50_28_280=3.41761,rsv_vol_21_50_28_280=0,rsv_vol_28_50_28_280=0,rsv_vol_37_50_28_280=6.63199,rsv_vol_63_50_28_280=10199,rsv_vol_65_50_28_280=23688.4,rsv_vol_67_50_28_280=1852.15,sddp_alpha_0_27=1000
o,27,1,sddp_ecut_0_27_41_23,9.23448e+08,,rsv_vol_1_50_27_270=0,rsv_vol_6_50_27_270=-30.9372,rsv_vol_21_50_27_270=0,rsv_vol_28_50_27_270=0,rsv_vol_37_50_27_270=1.23183,rsv_vol_63_50_27_270=9289.17,rsv_vol_65_50_27_270=4392.88,rsv_vol_67_50_27_270=-256.569,sddp_alpha_0_26=1000
o,26,1,sddp_ecut_0_26_41_24,9.38607e+08,,rsv_vol_1_50_26_260=0,rsv_vol_6_50_26_260=-47.1974,rsv_vol_21_50_26_260=0,rsv_vol_28_50_26_260=0,rsv_vol_37_50_26_260=5.18722,rsv_vol_63_50_26_260=10361.7,rsv_vol_65_50_26_260=0,rsv_vol_67_50_26_260=17207.8,sddp_alpha_0_25=1000
o,25,1,sddp_ecut_0_25_41_25,8.2928e+08,,rsv_vol_1_50_25_250=0,rsv_vol_6_50_25_250=-63.968,rsv_vol_21_50_25_250=0,rsv_vol_28_50_25_250=0,rsv_vol_37_50_25_250=4.78176,rsv_vol_63_50_25_250=11019,rsv_vol_65_50_25_250=0,rsv_vol_67_50_25_250=18631.8,sddp_alpha_0_24=1000
o,24,1,sddp_ecut_0_24_41_26,9.00769e+08,,rsv_vol_1_50_24_240=0,rsv_vol_6_50_24_240=-146.75,rsv_vol_21_50_24_240=0,rsv_vol_28_50_24_240=0,rsv_vol_37_50_24_240=3.85428,rsv_vol_63_50_24_240=10337,rsv_vol_65_50_24_240=0,rsv_vol_67_50_24_240=17158.7,sddp_alpha_0_23=1000
o,23,1,sddp_ecut_0_23_41_27,8.7139e+08,,rsv_vol_1_50_23_230=0,rsv_vol_6_50_23_230=-115.323,rsv_vol_21_50_23_230=0,rsv_vol_28_50_23_230=0,rsv_vol_37_50_23_230=1.29822,rsv_vol_63_50_23_230=8882.42,rsv_vol_65_50_23_230=0,rsv_vol_67_50_23_230=6594.82,sddp_alpha_0_22=1000
o,22,1,sddp_ecut_0_22_41_28,2.25306e+08,,rsv_vol_1_50_22_220=0,rsv_vol_6_50_22_220=0.3573,rsv_vol_21_50_22_220=0,rsv_vol_28_50_22_220=0,rsv_vol_37_50_22_220=0.483474,rsv_vol_63_50_22_220=7.80866,rsv_vol_65_50_22_220=-16.6852,rsv_vol_67_50_22_220=2751.78,sddp_alpha_0_21=1000
o,21,1,sddp_ecut_0_21_41_29,1.97243e+08,,rsv_vol_1_50_21_210=0,rsv_vol_6_50_21_210=0.327868,rsv_vol_21_50_21_210=0,rsv_vol_28_50_21_210=0,rsv_vol_37_50_21_210=0.353737,rsv_vol_63_50_21_210=7.20799,rsv_vol_65_50_21_210=-16.6852,rsv_vol_67_50_21_210=1323.9,sddp_alpha_0_20=1000
o,20,1,sddp_ecut_0_20_41_30,2.24944e+08,,rsv_vol_1_50_20_200=0,rsv_vol_6_50_20_200=0.396313,rsv_vol_21_50_20_200=0,rsv_vol_28_50_20_200=0,rsv_vol_37_50_20_200=0.345962,rsv_vol_63_50_20_200=6.00666,rsv_vol_65_50_20_200=-50.0555,rsv_vol_67_50_20_200=1140.36,sddp_alpha_0_19=1000
o,19,1,sddp_ecut_0_19_41_31,1.9615e+08,,rsv_vol_1_50_19_190=0,rsv_vol_6_50_19_190=0.358616,rsv_vol_21_50_19_190=0,rsv_vol_28_50_19_190=0,rsv_vol_37_50_19_190=0.248175,rsv_vol_63_50_19_190=7.20799,rsv_vol_65_50_19_190=-50.0555,rsv_vol_67_50_19_190=392.776,sddp_alpha_0_18=1000
o,18,1,sddp_ecut_0_18_41_32,2.4088e+08,,rsv_vol_1_50_18_180=0,rsv_vol_6_50_18_180=0.402678,rsv_vol_21_50_18_180=0,rsv_vol_28_50_18_180=0,rsv_vol_37_50_18_180=0.414202,rsv_vol_63_50_18_180=7.26547,rsv_vol_65_50_18_180=-50.4547,rsv_vol_67_50_18_180=2041.26,sddp_alpha_0_17=1000
o,17,1,sddp_ecut_0_17_41_33,2.42099e+08,,rsv_vol_1_50_17_170=0,rsv_vol_6_50_17_170=0.412814,rsv_vol_21_50_17_170=0,rsv_vol_28_50_17_170=0,rsv_vol_37_50_17_170=0.503725,rsv_vol_63_50_17_170=7.26547,rsv_vol_65_50_17_170=-33.6364,rsv_vol_67_50_17_170=1572.26,sddp_alpha_0_16=1000
o,16,1,sddp_ecut_0_16_41_34,2.42624e+08,,rsv_vol_1_50_16_160=0,rsv_vol_6_50_16_160=0.418494,rsv_vol_21_50_16_160=0,rsv_vol_28_50_16_160=0,rsv_vol_37_50_16_160=0.488897,rsv_vol_63_50_16_160=6.66001,rsv_vol_65_50_16_160=0,rsv_vol_67_50_16_160=3249.37,sddp_alpha_0_15=1000
o,15,1,sddp_ecut_0_15_41_35,2.12073e+08,,rsv_vol_1_50_15_150=0,rsv_vol_6_50_15_150=0.375323,rsv_vol_21_50_15_150=0,rsv_vol_28_50_15_150=0,rsv_vol_37_50_15_150=0.336979,rsv_vol_63_50_15_150=4.23819,rsv_vol_65_50_15_150=-16.8182,rsv_vol_67_50_15_150=772.609,sddp_alpha_0_14=1000
o,14,1,sddp_ecut_0_14_41_36,2.51893e+08,,rsv_vol_1_50_14_140=0,rsv_vol_6_50_14_140=0.486347,rsv_vol_21_50_14_140=0,rsv_vol_28_50_14_140=0,rsv_vol_37_50_14_140=0.585543,rsv_vol_63_50_14_140=4.88227,rsv_vol_65_50_14_140=-16.9523,rsv_vol_67_50_14_140=5388.82,sddp_alpha_0_13=1000
o,13,1,sddp_ecut_0_13_41_37,2.17886e+08,,rsv_vol_1_50_13_130=0,rsv_vol_6_50_13_130=0.381142,rsv_vol_21_50_13_130=0,rsv_vol_28_50_13_130=0,rsv_vol_37_50_13_130=0.384669,rsv_vol_63_50_13_130=3.0545,rsv_vol_65_50_13_130=-16.9523,rsv_vol_67_50_13_130=1364.34,sddp_alpha_0_12=1000
o,12,1,sddp_ecut_0_12_41_38,2.49692e+08,,rsv_vol_1_50_12_120=0,rsv_vol_6_50_12_120=0.463542,rsv_vol_21_50_12_120=0,rsv_vol_28_50_12_120=0,rsv_vol_37_50_12_120=0.569366,rsv_vol_63_50_12_120=3.66342,rsv_vol_65_50_12_120=-33.9046,rsv_vol_67_50_12_120=4862.43,sddp_alpha_0_11=1000
o,11,1,sddp_ecut_0_11_41_39,2.19629e+08,,rsv_vol_1_50_11_110=0,rsv_vol_6_50_11_110=0.422289,rsv_vol_21_50_11_110=0,rsv_vol_28_50_11_110=0,rsv_vol_37_50_11_110=0.549519,rsv_vol_63_50_11_110=1.22057,rsv_vol_65_50_11_110=0,rsv_vol_67_50_11_110=1867.99,sddp_alpha_0_10=1000
o,10,1,sddp_ecut_0_10_41_40,2.60918e+08,,rsv_vol_1_50_10_100=0,rsv_vol_6_50_10_100=0.460434,rsv_vol_21_50_10_100=0,rsv_vol_28_50_10_100=0,rsv_vol_37_50_10_100=0.520056,rsv_vol_63_50_10_100=1.2303,rsv_vol_65_50_10_100=-34.175,rsv_vol_67_50_10_100=2725.03,sddp_alpha_0_9=1000
o,9,1,sddp_ecut_0_9_41_41,2.6257e+08,,rsv_vol_1_50_9_90=0,rsv_vol_6_50_9_90=0.471838,rsv_vol_21_50_9_90=0,rsv_vol_28_50_9_90=0,rsv_vol_37_50_9_90=0.533764,rsv_vol_63_50_9_90=0,rsv_vol_65_50_9_90=-17.0875,rsv_vol_67_50_9_90=2030.46,sddp_alpha_0_8=1000
o,8,1,sddp_ecut_0_8_41_42,2.63448e+08,,rsv_vol_1_50_8_80=0,rsv_vol_6_50_8_80=0.479546,rsv_vol_21_50_8_80=0,rsv_vol_28_50_8_80=0,rsv_vol_37_50_8_80=0.774691,rsv_vol_63_50_8_80=0.00579216,rsv_vol_65_50_8_80=-17.0875,rsv_vol_67_50_8_80=4295.42,sddp_alpha_0_7=1000
o,7,1,sddp_ecut_0_7_41_43,2.31658e+08,,rsv_vol_1_50_7_70=0,rsv_vol_6_50_7_70=0.434487,rsv_vol_21_50_7_70=0,rsv_vol_28_50_7_70=0,rsv_vol_37_50_7_70=0.680909,rsv_vol_63_50_7_70=0.00517157,rsv_vol_65_50_7_70=-17.0875,rsv_vol_67_50_7_70=3123.81,sddp_alpha_0_6=1000
o,6,1,sddp_ecut_0_6_41_44,2.81814e+08,,rsv_vol_1_50_6_60=0,rsv_vol_6_50_6_60=0.528607,rsv_vol_21_50_6_60=0,rsv_vol_28_50_6_60=0,rsv_vol_37_50_6_60=0.936707,rsv_vol_63_50_6_60=0.00755999,rsv_vol_65_50_6_60=0,rsv_vol_67_50_6_60=5943.57,sddp_alpha_0_5=1000
o,5,1,sddp_ecut_0_5_41_45,2.81885e+08,,rsv_vol_1_50_5_50=0,rsv_vol_6_50_5_50=0.554327,rsv_vol_21_50_5_50=0,rsv_vol_28_50_5_50=0,rsv_vol_37_50_5_50=0.73746,rsv_vol_63_50_5_50=0.00649041,rsv_vol_65_50_5_50=0,rsv_vol_67_50_5_50=4823.92,sddp_alpha_0_4=1000
o,4,1,sddp_ecut_0_4_41_46,2.83267e+08,,rsv_vol_1_50_4_40=0,rsv_vol_6_50_4_40=0.554263,rsv_vol_21_50_4_40=0,rsv_vol_28_50_4_40=0,rsv_vol_37_50_4_40=0.812836,rsv_vol_63_50_4_40=0,rsv_vol_65_50_4_40=0,rsv_vol_67_50_4_40=2573.44,sddp_alpha_0_3=1000
o,3,1,sddp_ecut_0_3_41_47,2.50811e+08,,rsv_vol_1_50_3_30=0,rsv_vol_6_50_3_30=0.545396,rsv_vol_21_50_3_30=0,rsv_vol_28_50_3_30=0,rsv_vol_37_50_3_30=0.744395,rsv_vol_63_50_3_30=0,rsv_vol_65_50_3_30=-34.4475,rsv_vol_67_50_3_30=2830.48,sddp_alpha_0_2=1000
o,2,1,sddp_ecut_0_2_41_48,2.25338e+08,,rsv_vol_1_50_2_20=0,rsv_vol_6_50_2_20=0.707866,rsv_vol_21_50_2_20=0,rsv_vol_28_50_2_20=0,rsv_vol_37_50_2_20=0.488828,rsv_vol_63_50_2_20=0,rsv_vol_65_50_2_20=-69.4444,rsv_vol_67_50_2_20=6213.54,sddp_alpha_0_1=1000
o,1,1,sddp_ecut_0_1_41_49,2.65508e+08,,rsv_vol_1_50_1_10=0,rsv_vol_6_50_1_10=0.843154,rsv_vol_21_50_1_10=0,rsv_vol_28_50_1_10=0,rsv_vol_37_50_1_10=0.507562,rsv_vol_63_50_1_10=0,rsv_vol_65_50_1_10=-17.3611,rsv_vol_67_50_1_10=9920.79,sddp_alpha_0_0=1000
o,50,1,sddp_ecut_0_50_42_0,7.4196e+08,,rsv_vol_1_50_50_500=0,rsv_vol_6_50_50_500=1.94752,rsv_vol_21_50_50_500=0,rsv_vol_28_50_50_500=0,rsv_vol_37_50_50_500=2.90421,rsv_vol_63_50_50_500=9341.26,rsv_vol_65_50_50_500=35003,rsv_vol_67_50_50_500=15124.1,sddp_alpha_0_49=1000
o,49,1,sddp_ecut_0_49_42_1,5.94245e+08,,rsv_vol_1_50_49_490=0,rsv_vol_6_50_49_490=-12.3816,rsv_vol_21_50_49_490=0,rsv_vol_28_50_49_490=0,rsv_vol_37_50_49_490=1.87958,rsv_vol_63_50_49_490=8418.64,rsv_vol_65_50_49_490=0,rsv_vol_67_50_49_490=14416.9,sddp_alpha_0_48=1000
o,48,1,sddp_ecut_0_48_42_2,6.5112e+08,,rsv_vol_1_50_48_480=0,rsv_vol_6_50_48_480=-26.4146,rsv_vol_21_50_48_480=0,rsv_vol_28_50_48_480=0,rsv_vol_37_50_48_480=2.43005,rsv_vol_63_50_48_480=7621.99,rsv_vol_65_50_48_480=0,rsv_vol_67_50_48_480=13639.3,sddp_alpha_0_47=1000
o,47,1,sddp_ecut_0_47_42_3,6.4186e+08,,rsv_vol_1_50_47_470=0,rsv_vol_6_50_47_470=-95.2668,rsv_vol_21_50_47_470=0,rsv_vol_28_50_47_470=0,rsv_vol_37_50_47_470=1.45394,rsv_vol_63_50_47_470=7678.17,rsv_vol_65_50_47_470=0,rsv_vol_67_50_47_470=9022.1,sddp_alpha_0_46=1000
o,46,1,sddp_ecut_0_46_42_4,6.21959e+08,,rsv_vol_1_50_46_460=0,rsv_vol_6_50_46_460=-123.55,rsv_vol_21_50_46_460=0,rsv_vol_28_50_46_460=0,rsv_vol_37_50_46_460=1.76338,rsv_vol_63_50_46_460=7622.2,rsv_vol_65_50_46_460=0,rsv_vol_67_50_46_460=6941.93,sddp_alpha_0_45=1000
o,45,1,sddp_ecut_0_45_42_5,6.87401e+08,,rsv_vol_1_50_45_450=0,rsv_vol_6_50_45_450=0.839902,rsv_vol_21_50_45_450=0,rsv_vol_28_50_45_450=0,rsv_vol_37_50_45_450=2.51234,rsv_vol_63_50_45_450=7123.3,rsv_vol_65_50_45_450=0,rsv_vol_67_50_45_450=11127.6,sddp_alpha_0_44=1000
o,44,1,sddp_ecut_0_44_42_6,6.90026e+08,,rsv_vol_1_50_44_440=0,rsv_vol_6_50_44_440=1.09349,rsv_vol_21_50_44_440=0,rsv_vol_28_50_44_440=0,rsv_vol_37_50_44_440=2.27898,rsv_vol_63_50_44_440=7545.16,rsv_vol_65_50_44_440=-28.0204,rsv_vol_67_50_44_440=10508.2,sddp_alpha_0_43=1000
o,43,1,sddp_ecut_0_43_42_7,7.71882e+08,,rsv_vol_1_50_43_430=0,rsv_vol_6_50_43_430=1.45338,rsv_vol_21_50_43_430=0,rsv_vol_28_50_43_430=0,rsv_vol_37_50_43_430=2.45561,rsv_vol_63_50_43_430=6525.85,rsv_vol_65_50_43_430=-28.2438,rsv_vol_67_50_43_430=12635.8,sddp_alpha_0_42=1000
o,42,1,sddp_ecut_0_42_42_8,8.26884e+08,,rsv_vol_1_50_42_420=0,rsv_vol_6_50_42_420=2.01369,rsv_vol_21_50_42_420=0,rsv_vol_28_50_42_420=0,rsv_vol_37_50_42_420=3.00551,rsv_vol_63_50_42_420=8883.06,rsv_vol_65_50_42_420=-14.2345,rsv_vol_67_50_42_420=14733.5,sddp_alpha_0_41=1000
o,41,1,sddp_ecut_0_41_42_9,8.32332e+08,,rsv_vol_1_50_41_410=0,rsv_vol_6_50_41_410=1.89132,rsv_vol_21_50_41_410=0,rsv_vol_28_50_41_410=0,rsv_vol_37_50_41_410=2.95122,rsv_vol_63_50_41_410=6677.09,rsv_vol_65_50_41_410=4962.15,rsv_vol_67_50_41_410=11700.4,sddp_alpha_0_40=1000
o,40,1,sddp_ecut_0_40_42_10,8.47719e+08,,rsv_vol_1_50_40_400=0,rsv_vol_6_50_40_400=2.03587,rsv_vol_21_50_40_400=0,rsv_vol_28_50_40_400=0,rsv_vol_37_50_40_400=4.35808,rsv_vol_63_50_40_400=8532.25,rsv_vol_65_50_40_400=4695.37,rsv_vol_67_50_40_400=14517.1,sddp_alpha_0_39=1000
o,39,1,sddp_ecut_0_39_42_11,7.73673e+08,,rsv_vol_1_50_39_390=0,rsv_vol_6_50_39_390=1.80547,rsv_vol_21_50_39_390=0,rsv_vol_28_50_39_390=0,rsv_vol_37_50_39_390=3.81567,rsv_vol_63_50_39_390=8647.2,rsv_vol_65_50_39_390=4663.56,rsv_vol_67_50_39_390=15042.9,sddp_alpha_0_38=1000
o,38,1,sddp_ecut_0_38_42_12,7.79346e+08,,rsv_vol_1_50_38_380=0,rsv_vol_6_50_38_380=-12.7532,rsv_vol_21_50_38_380=0,rsv_vol_28_50_38_380=0,rsv_vol_37_50_38_380=2.83015,rsv_vol_63_50_38_380=9549.15,rsv_vol_65_50_38_380=12661.7,rsv_vol_67_50_38_380=-235.104,sddp_alpha_0_37=1000
o,37,1,sddp_ecut_0_37_42_13,6.45813e+08,,rsv_vol_1_50_37_370=0,rsv_vol_6_50_37_370=-13.6252,rsv_vol_21_50_37_370=0,rsv_vol_28_50_37_370=0,rsv_vol_37_50_37_370=2.23528,rsv_vol_63_50_37_370=9443.88,rsv_vol_65_50_37_370=0,rsv_vol_67_50_37_370=15930,sddp_alpha_0_36=1000
o,36,1,sddp_ecut_0_36_42_14,7.0939e+08,,rsv_vol_1_50_36_360=0,rsv_vol_6_50_36_360=-29.2047,rsv_vol_21_50_36_360=0,rsv_vol_28_50_36_360=0,rsv_vol_37_50_36_360=2.77566,rsv_vol_63_50_36_360=9090.91,rsv_vol_65_50_36_360=0,rsv_vol_67_50_36_360=15229.1,sddp_alpha_0_35=1000
o,35,1,sddp_ecut_0_35_42_15,7.38236e+08,,rsv_vol_1_50_35_350=0,rsv_vol_6_50_35_350=-105.102,rsv_vol_21_50_35_350=0,rsv_vol_28_50_35_350=0,rsv_vol_37_50_35_350=0.693072,rsv_vol_63_50_35_350=8573.34,rsv_vol_65_50_35_350=0,rsv_vol_67_50_35_350=3253.05,sddp_alpha_0_34=1000
o,34,1,sddp_ecut_0_34_42_16,7.15841e+08,,rsv_vol_1_50_34_340=0,rsv_vol_6_50_34_340=-29.8209,rsv_vol_21_50_34_340=0,rsv_vol_28_50_34_340=0,rsv_vol_37_50_34_340=1.1029,rsv_vol_63_50_34_340=9189.82,rsv_vol_65_50_34_340=0,rsv_vol_67_50_34_340=1639.13,sddp_alpha_0_33=1000
o,33,1,sddp_ecut_0_33_42_17,7.85711e+08,,rsv_vol_1_50_33_330=0,rsv_vol_6_50_33_330=1.41522,rsv_vol_21_50_33_330=0,rsv_vol_28_50_33_330=0,rsv_vol_37_50_33_330=2.15555,rsv_vol_63_50_33_330=7432.22,rsv_vol_65_50_33_330=0,rsv_vol_67_50_33_330=7990.96,sddp_alpha_0_32=1000
o,32,1,sddp_ecut_0_32_42_18,7.86227e+08,,rsv_vol_1_50_32_320=0,rsv_vol_6_50_32_320=1.50884,rsv_vol_21_50_32_320=0,rsv_vol_28_50_32_320=0,rsv_vol_37_50_32_320=1.93903,rsv_vol_63_50_32_320=4402.97,rsv_vol_65_50_32_320=0,rsv_vol_67_50_32_320=8573.67,sddp_alpha_0_31=1000
o,31,1,sddp_ecut_0_31_42_19,8.80882e+08,,rsv_vol_1_50_31_310=0,rsv_vol_6_50_31_310=1.86777,rsv_vol_21_50_31_310=0,rsv_vol_28_50_31_310=0,rsv_vol_37_50_31_310=2.48662,rsv_vol_63_50_31_310=1807.29,rsv_vol_65_50_31_310=-15.5341,rsv_vol_67_50_31_310=12724.6,sddp_alpha_0_30=1000
o,30,1,sddp_ecut_0_30_42_20,9.50338e+08,,rsv_vol_1_50_30_300=0,rsv_vol_6_50_30_300=2.42933,rsv_vol_21_50_30_300=0,rsv_vol_28_50_30_300=0,rsv_vol_37_50_30_300=3.57529,rsv_vol_63_50_30_300=8717.49,rsv_vol_65_50_30_300=-31.3159,rsv_vol_67_50_30_300=16476.2,sddp_alpha_0_29=1000
o,29,1,sddp_ecut_0_29_42_21,9.75418e+08,,rsv_vol_1_50_29_290=0,rsv_vol_6_50_29_290=3.07721,rsv_vol_21_50_29_290=0,rsv_vol_28_50_29_290=0,rsv_vol_37_50_29_290=2.22383,rsv_vol_63_50_29_290=8648.77,rsv_vol_65_50_29_290=15585.7,rsv_vol_67_50_29_290=3619.72,sddp_alpha_0_28=1000
o,28,1,sddp_ecut_0_28_42_22,1.03339e+09,,rsv_vol_1_50_28_280=0,rsv_vol_6_50_28_280=3.41761,rsv_vol_21_50_28_280=0,rsv_vol_28_50_28_280=0,rsv_vol_37_50_28_280=6.63199,rsv_vol_63_50_28_280=10199,rsv_vol_65_50_28_280=23688.4,rsv_vol_67_50_28_280=1852.15,sddp_alpha_0_27=1000
o,27,1,sddp_ecut_0_27_42_23,9.23448e+08,,rsv_vol_1_50_27_270=0,rsv_vol_6_50_27_270=-30.9372,rsv_vol_21_50_27_270=0,rsv_vol_28_50_27_270=0,rsv_vol_37_50_27_270=1.23183,rsv_vol_63_50_27_270=9289.17,rsv_vol_65_50_27_270=4392.88,rsv_vol_67_50_27_270=-256.569,sddp_alpha_0_26=1000
o,26,1,sddp_ecut_0_26_42_24,9.38607e+08,,rsv_vol_1_50_26_260=0,rsv_vol_6_50_26_260=-47.1974,rsv_vol_21_50_26_260=0,rsv_vol_28_50_26_260=0,rsv_vol_37_50_26_260=5.18722,rsv_vol_63_50_26_260=10361.7,rsv_vol_65_50_26_260=0,rsv_vol_67_50_26_260=17207.8,sddp_alpha_0_25=1000
o,25,1,sddp_ecut_0_25_42_25,8.2928e+08,,rsv_vol_1_50_25_250=0,rsv_vol_6_50_25_250=-63.968,rsv_vol_21_50_25_250=0,rsv_vol_28_50_25_250=0,rsv_vol_37_50_25_250=4.78176,rsv_vol_63_50_25_250=11019,rsv_vol_65_50_25_250=0,rsv_vol_67_50_25_250=18631.8,sddp_alpha_0_24=1000
o,24,1,sddp_ecut_0_24_42_26,9.00769e+08,,rsv_vol_1_50_24_240=0,rsv_vol_6_50_24_240=-146.75,rsv_vol_21_50_24_240=0,rsv_vol_28_50_24_240=0,rsv_vol_37_50_24_240=3.85428,rsv_vol_63_50_24_240=10337,rsv_vol_65_50_24_240=0,rsv_vol_67_50_24_240=17158.7,sddp_alpha_0_23=1000
o,23,1,sddp_ecut_0_23_42_27,8.7139e+08,,rsv_vol_1_50_23_230=0,rsv_vol_6_50_23_230=-115.323,rsv_vol_21_50_23_230=0,rsv_vol_28_50_23_230=0,rsv_vol_37_50_23_230=1.29822,rsv_vol_63_50_23_230=8882.42,rsv_vol_65_50_23_230=0,rsv_vol_67_50_23_230=6594.82,sddp_alpha_0_22=1000
o,22,1,sddp_ecut_0_22_42_28,2.25306e+08,,rsv_vol_1_50_22_220=0,rsv_vol_6_50_22_220=0.3573,rsv_vol_21_50_22_220=0,rsv_vol_28_50_22_220=0,rsv_vol_37_50_22_220=0.483474,rsv_vol_63_50_22_220=7.80866,rsv_vol_65_50_22_220=-16.6852,rsv_vol_67_50_22_220=2751.78,sddp_alpha_0_21=1000
o,21,1,sddp_ecut_0_21_42_29,1.97243e+08,,rsv_vol_1_50_21_210=0,rsv_vol_6_50_21_210=0.327868,rsv_vol_21_50_21_210=0,rsv_vol_28_50_21_210=0,rsv_vol_37_50_21_210=0.353737,rsv_vol_63_50_21_210=7.20799,rsv_vol_65_50_21_210=-16.6852,rsv_vol_67_50_21_210=1323.9,sddp_alpha_0_20=1000
o,20,1,sddp_ecut_0_20_42_30,2.24944e+08,,rsv_vol_1_50_20_200=0,rsv_vol_6_50_20_200=0.396313,rsv_vol_21_50_20_200=0,rsv_vol_28_50_20_200=0,rsv_vol_37_50_20_200=0.345962,rsv_vol_63_50_20_200=6.00666,rsv_vol_65_50_20_200=-50.0555,rsv_vol_67_50_20_200=1140.36,sddp_alpha_0_19=1000
o,19,1,sddp_ecut_0_19_42_31,1.9615e+08,,rsv_vol_1_50_19_190=0,rsv_vol_6_50_19_190=0.358616,rsv_vol_21_50_19_190=0,rsv_vol_28_50_19_190=0,rsv_vol_37_50_19_190=0.248175,rsv_vol_63_50_19_190=7.20799,rsv_vol_65_50_19_190=-50.0555,rsv_vol_67_50_19_190=392.776,sddp_alpha_0_18=1000
o,18,1,sddp_ecut_0_18_42_32,2.4088e+08,,rsv_vol_1_50_18_180=0,rsv_vol_6_50_18_180=0.402678,rsv_vol_21_50_18_180=0,rsv_vol_28_50_18_180=0,rsv_vol_37_50_18_180=0.414202,rsv_vol_63_50_18_180=7.26547,rsv_vol_65_50_18_180=-50.4547,rsv_vol_67_50_18_180=2041.26,sddp_alpha_0_17=1000
o,17,1,sddp_ecut_0_17_42_33,2.42099e+08,,rsv_vol_1_50_17_170=0,rsv_vol_6_50_17_170=0.412814,rsv_vol_21_50_17_170=0,rsv_vol_28_50_17_170=0,rsv_vol_37_50_17_170=0.503725,rsv_vol_63_50_17_170=7.26547,rsv_vol_65_50_17_170=-33.6364,rsv_vol_67_50_17_170=1572.26,sddp_alpha_0_16=1000
o,16,1,sddp_ecut_0_16_42_34,2.42624e+08,,rsv_vol_1_50_16_160=0,rsv_vol_6_50_16_160=0.418494,rsv_vol_21_50_16_160=0,rsv_vol_28_50_16_160=0,rsv_vol_37_50_16_160=0.488897,rsv_vol_63_50_16_160=6.66001,rsv_vol_65_50_16_160=0,rsv_vol_67_50_16_160=3249.37,sddp_alpha_0_15=1000
o,15,1,sddp_ecut_0_15_42_35,2.12073e+08,,rsv_vol_1_50_15_150=0,rsv_vol_6_50_15_150=0.375323,rsv_vol_21_50_15_150=0,rsv_vol_28_50_15_150=0,rsv_vol_37_50_15_150=0.336979,rsv_vol_63_50_15_150=4.23819,rsv_vol_65_50_15_150=-16.8182,rsv_vol_67_50_15_150=772.609,sddp_alpha_0_14=1000
o,14,1,sddp_ecut_0_14_42_36,2.51893e+08,,rsv_vol_1_50_14_140=0,rsv_vol_6_50_14_140=0.486347,rsv_vol_21_50_14_140=0,rsv_vol_28_50_14_140=0,rsv_vol_37_50_14_140=0.585543,rsv_vol_63_50_14_140=4.88227,rsv_vol_65_50_14_140=-16.9523,rsv_vol_67_50_14_140=5388.82,sddp_alpha_0_13=1000
o,13,1,sddp_ecut_0_13_42_37,2.17886e+08,,rsv_vol_1_50_13_130=0,rsv_vol_6_50_13_130=0.381142,rsv_vol_21_50_13_130=0,rsv_vol_28_50_13_130=0,rsv_vol_37_50_13_130=0.384669,rsv_vol_63_50_13_130=3.05443,rsv_vol_65_50_13_130=-16.9523,rsv_vol_67_50_13_130=1364.34,sddp_alpha_0_12=1000
o,12,1,sddp_ecut_0_12_42_38,2.49692e+08,,rsv_vol_1_50_12_120=0,rsv_vol_6_50_12_120=0.463542,rsv_vol_21_50_12_120=0,rsv_vol_28_50_12_120=0,rsv_vol_37_50_12_120=0.569366,rsv_vol_63_50_12_120=3.66341,rsv_vol_65_50_12_120=-33.9046,rsv_vol_67_50_12_120=4862.43,sddp_alpha_0_11=1000
o,11,1,sddp_ecut_0_11_42_39,2.19629e+08,,rsv_vol_1_50_11_110=0,rsv_vol_6_50_11_110=0.422289,rsv_vol_21_50_11_110=0,rsv_vol_28_50_11_110=0,rsv_vol_37_50_11_110=0.549519,rsv_vol_63_50_11_110=1.22057,rsv_vol_65_50_11_110=0,rsv_vol_67_50_11_110=1867.99,sddp_alpha_0_10=1000
o,10,1,sddp_ecut_0_10_42_40,2.60918e+08,,rsv_vol_1_50_10_100=0,rsv_vol_6_50_10_100=0.460434,rsv_vol_21_50_10_100=0,rsv_vol_28_50_10_100=0,rsv_vol_37_50_10_100=0.520056,rsv_vol_63_50_10_100=1.2303,rsv_vol_65_50_10_100=-34.175,rsv_vol_67_50_10_100=2725.03,sddp_alpha_0_9=1000
o,9,1,sddp_ecut_0_9_42_41,2.6257e+08,,rsv_vol_1_50_9_90=0,rsv_vol_6_50_9_90=0.471838,rsv_vol_21_50_9_90=0,rsv_vol_28_50_9_90=0,rsv_vol_37_50_9_90=0.533764,rsv_vol_63_50_9_90=0,rsv_vol_65_50_9_90=-17.0875,rsv_vol_67_50_9_90=2030.46,sddp_alpha_0_8=1000
o,8,1,sddp_ecut_0_8_42_42,2.63448e+08,,rsv_vol_1_50_8_80=0,rsv_vol_6_50_8_80=0.479546,rsv_vol_21_50_8_80=0,rsv_vol_28_50_8_80=0,rsv_vol_37_50_8_80=0.774691,rsv_vol_63_50_8_80=0.00579216,rsv_vol_65_50_8_80=-17.0875,rsv_vol_67_50_8_80=4295.42,sddp_alpha_0_7=1000
o,7,1,sddp_ecut_0_7_42_43,2.31658e+08,,rsv_vol_1_50_7_70=0,rsv_vol_6_50_7_70=0.434487,rsv_vol_21_50_7_70=0,rsv_vol_28_50_7_70=0,rsv_vol_37_50_7_70=0.680909,rsv_vol_63_50_7_70=0.00517157,rsv_vol_65_50_7_70=-17.0875,rsv_vol_67_50_7_70=3123.81,sddp_alpha_0_6=1000
o,6,1,sddp_ecut_0_6_42_44,2.81814e+08,,rsv_vol_1_50_6_60=0,rsv_vol_6_50_6_60=0.528607,rsv_vol_21_50_6_60=0,rsv_vol_28_50_6_60=0,rsv_vol_37_50_6_60=0.936707,rsv_vol_63_50_6_60=0.00756697,rsv_vol_65_50_6_60=0,rsv_vol_67_50_6_60=5943.57,sddp_alpha_0_5=1000
o,5,1,sddp_ecut_0_5_42_45,2.81885e+08,,rsv_vol_1_50_5_50=0,rsv_vol_6_50_5_50=0.554327,rsv_vol_21_50_5_50=0,rsv_vol_28_50_5_50=0,rsv_vol_37_50_5_50=0.73746,rsv_vol_63_50_5_50=0.00649041,rsv_vol_65_50_5_50=0,rsv_vol_67_50_5_50=4823.92,sddp_alpha_0_4=1000
o,4,1,sddp_ecut_0_4_42_46,2.83267e+08,,rsv_vol_1_50_4_40=0,rsv_vol_6_50_4_40=0.554263,rsv_vol_21_50_4_40=0,rsv_vol_28_50_4_40=0,rsv_vol_37_50_4_40=0.812836,rsv_vol_63_50_4_40=0,rsv_vol_65_50_4_40=0,rsv_vol_67_50_4_40=2573.44,sddp_alpha_0_3=1000
o,3,1,sddp_ecut_0_3_42_47,2.50811e+08,,rsv_vol_1_50_3_30=0,rsv_vol_6_50_3_30=0.545396,rsv_vol_21_50_3_30=0,rsv_vol_28_50_3_30=0,rsv_vol_37_50_3_30=0.744395,rsv_vol_63_50_3_30=0,rsv_vol_65_50_3_30=-34.4475,rsv_vol_67_50_3_30=2830.48,sddp_alpha_0_2=1000
o,2,1,sddp_ecut_0_2_42_48,2.25338e+08,,rsv_vol_1_50_2_20=0,rsv_vol_6_50_2_20=0.707866,rsv_vol_21_50_2_20=0,rsv_vol_28_50_2_20=0,rsv_vol_37_50_2_20=0.488828,rsv_vol_63_50_2_20=0,rsv_vol_65_50_2_20=-69.4444,rsv_vol_67_50_2_20=6213.54,sddp_alpha_0_1=1000
o,1,1,sddp_ecut_0_1_42_49,2.65508e+08,,rsv_vol_1_50_1_10=0,rsv_vol_6_50_1_10=0.843154,rsv_vol_21_50_1_10=0,rsv_vol_28_50_1_10=0,rsv_vol_37_50_1_10=0.507562,rsv_vol_63_50_1_10=0,rsv_vol_65_50_1_10=-17.3611,rsv_vol_67_50_1_10=9920.79,sddp_alpha_0_0=1000
o,50,1,sddp_ecut_0_50_43_0,7.4198e+08,,rsv_vol_1_50_50_500=0,rsv_vol_6_50_50_500=1.94807,rsv_vol_21_50_50_500=0,rsv_vol_28_50_50_500=0,rsv_vol_37_50_50_500=2.905,rsv_vol_63_50_50_500=9343.61,rsv_vol_65_50_50_500=35018.2,rsv_vol_67_50_50_500=15131,sddp_alpha_0_49=1000
o,49,1,sddp_ecut_0_49_43_1,5.94245e+08,,rsv_vol_1_50_49_490=0,rsv_vol_6_50_49_490=-12.3816,rsv_vol_21_50_49_490=0,rsv_vol_28_50_49_490=0,rsv_vol_37_50_49_490=1.87958,rsv_vol_63_50_49_490=8418.64,rsv_vol_65_50_49_490=0,rsv_vol_67_50_49_490=14416.9,sddp_alpha_0_48=1000
o,48,1,sddp_ecut_0_48_43_2,6.5112e+08,,rsv_vol_1_50_48_480=0,rsv_vol_6_50_48_480=-26.4146,rsv_vol_21_50_48_480=0,rsv_vol_28_50_48_480=0,rsv_vol_37_50_48_480=2.43005,rsv_vol_63_50_48_480=7621.99,rsv_vol_65_50_48_480=0,rsv_vol_67_50_48_480=13639.3,sddp_alpha_0_47=1000
o,47,1,sddp_ecut_0_47_43_3,6.4186e+08,,rsv_vol_1_50_47_470=0,rsv_vol_6_50_47_470=-95.2668,rsv_vol_21_50_47_470=0,rsv_vol_28_50_47_470=0,rsv_vol_37_50_47_470=1.45394,rsv_vol_63_50_47_470=7678.17,rsv_vol_65_50_47_470=0,rsv_vol_67_50_47_470=9022.1,sddp_alpha_0_46=1000
o,46,1,sddp_ecut_0_46_43_4,6.21959e+08,,rsv_vol_1_50_46_460=0,rsv_vol_6_50_46_460=-123.55,rsv_vol_21_50_46_460=0,rsv_vol_28_50_46_460=0,rsv_vol_37_50_46_460=1.76338,rsv_vol_63_50_46_460=7622.2,rsv_vol_65_50_46_460=0,rsv_vol_67_50_46_460=6941.93,sddp_alpha_0_45=1000
o,45,1,sddp_ecut_0_45_43_5,6.87401e+08,,rsv_vol_1_50_45_450=0,rsv_vol_6_50_45_450=0.839902,rsv_vol_21_50_45_450=0,rsv_vol_28_50_45_450=0,rsv_vol_37_50_45_450=2.51234,rsv_vol_63_50_45_450=7123.3,rsv_vol_65_50_45_450=0,rsv_vol_67_50_45_450=11127.6,sddp_alpha_0_44=1000
o,44,1,sddp_ecut_0_44_43_6,6.90026e+08,,rsv_vol_1_50_44_440=0,rsv_vol_6_50_44_440=1.09349,rsv_vol_21_50_44_440=0,rsv_vol_28_50_44_440=0,rsv_vol_37_50_44_440=2.27898,rsv_vol_63_50_44_440=7545.16,rsv_vol_65_50_44_440=-28.0204,rsv_vol_67_50_44_440=10508.2,sddp_alpha_0_43=1000
o,43,1,sddp_ecut_0_43_43_7,7.71882e+08,,rsv_vol_1_50_43_430=0,rsv_vol_6_50_43_430=1.45338,rsv_vol_21_50_43_430=0,rsv_vol_28_50_43_430=0,rsv_vol_37_50_43_430=2.45561,rsv_vol_63_50_43_430=6525.85,rsv_vol_65_50_43_430=-28.2438,rsv_vol_67_50_43_430=12635.8,sddp_alpha_0_42=1000
o,42,1,sddp_ecut_0_42_43_8,8.26884e+08,,rsv_vol_1_50_42_420=0,rsv_vol_6_50_42_420=2.01369,rsv_vol_21_50_42_420=0,rsv_vol_28_50_42_420=0,rsv_vol_37_50_42_420=3.00551,rsv_vol_63_50_42_420=8883.06,rsv_vol_65_50_42_420=-14.2345,rsv_vol_67_50_42_420=14733.5,sddp_alpha_0_41=1000
o,41,1,sddp_ecut_0_41_43_9,8.32332e+08,,rsv_vol_1_50_41_410=0,rsv_vol_6_50_41_410=1.89132,rsv_vol_21_50_41_410=0,rsv_vol_28_50_41_410=0,rsv_vol_37_50_41_410=2.95122,rsv_vol_63_50_41_410=6677.09,rsv_vol_65_50_41_410=4962.15,rsv_vol_67_50_41_410=11700.4,sddp_alpha_0_40=1000
o,40,1,sddp_ecut_0_40_43_10,8.47719e+08,,rsv_vol_1_50_40_400=0,rsv_vol_6_50_40_400=2.03587,rsv_vol_21_50_40_400=0,rsv_vol_28_50_40_400=0,rsv_vol_37_50_40_400=4.35808,rsv_vol_63_50_40_400=8532.25,rsv_vol_65_50_40_400=4695.37,rsv_vol_67_50_40_400=14517.1,sddp_alpha_0_39=1000
o,39,1,sddp_ecut_0_39_43_11,7.73673e+08,,rsv_vol_1_50_39_390=0,rsv_vol_6_50_39_390=1.80547,rsv_vol_21_50_39_390=0,rsv_vol_28_50_39_390=0,rsv_vol_37_50_39_390=3.81567,rsv_vol_63_50_39_390=8647.2,rsv_vol_65_50_39_390=4663.56,rsv_vol_67_50_39_390=15042.9,sddp_alpha_0_38=1000
o,38,1,sddp_ecut_0_38_43_12,7.79346e+08,,rsv_vol_1_50_38_380=0,rsv_vol_6_50_38_380=-12.7532,rsv_vol_21_50_38_380=0,rsv_vol_28_50_38_380=0,rsv_vol_37_50_38_380=2.83015,rsv_vol_63_50_38_380=9549.15,rsv_vol_65_50_38_380=12661.7,rsv_vol_67_50_38_380=-235.104,sddp_alpha_0_37=1000
o,37,1,sddp_ecut_0_37_43_13,6.45813e+08,,rsv_vol_1_50_37_370=0,rsv_vol_6_50_37_370=-13.6252,rsv_vol_21_50_37_370=0,rsv_vol_28_50_37_370=0,rsv_vol_37_50_37_370=2.23528,rsv_vol_63_50_37_370=9443.88,rsv_vol_65_50_37_370=0,rsv_vol_67_50_37_370=15930,sddp_alpha_0_36=1000
o,36,1,sddp_ecut_0_36_43_14,7.0939e+08,,rsv_vol_1_50_36_360=0,rsv_vol_6_50_36_360=-29.2047,rsv_vol_21_50_36_360=0,rsv_vol_28_50_36_360=0,rsv_vol_37_50_36_360=2.77566,rsv_vol_63_50_36_360=9090.91,rsv_vol_65_50_36_360=0,rsv_vol_67_50_36_360=15229.1,sddp_alpha_0_35=1000
o,35,1,sddp_ecut_0_35_43_15,7.38236e+08,,rsv_vol_1_50_35_350=0,rsv_vol_6_50_35_350=-105.102,rsv_vol_21_50_35_350=0,rsv_vol_28_50_35_350=0,rsv_vol_37_50_35_350=0.693072,rsv_vol_63_50_35_350=8573.34,rsv_vol_65_50_35_350=0,rsv_vol_67_50_35_350=3253.05,sddp_alpha_0_34=1000
o,34,1,sddp_ecut_0_34_43_16,7.15841e+08,,rsv_vol_1_50_34_340=0,rsv_vol_6_50_34_340=-29.8209,rsv_vol_21_50_34_340=0,rsv_vol_28_50_34_340=0,rsv_vol_37_50_34_340=1.1029,rsv_vol_63_50_34_340=9189.82,rsv_vol_65_50_34_340=0,rsv_vol_67_50_34_340=1639.13,sddp_alpha_0_33=1000
o,33,1,sddp_ecut_0_33_43_17,7.85711e+08,,rsv_vol_1_50_33_330=0,rsv_vol_6_50_33_330=1.41522,rsv_vol_21_50_33_330=0,rsv_vol_28_50_33_330=0,rsv_vol_37_50_33_330=2.15555,rsv_vol_63_50_33_330=7432.22,rsv_vol_65_50_33_330=0,rsv_vol_67_50_33_330=7990.96,sddp_alpha_0_32=1000
o,32,1,sddp_ecut_0_32_43_18,7.86227e+08,,rsv_vol_1_50_32_320=0,rsv_vol_6_50_32_320=1.50884,rsv_vol_21_50_32_320=0,rsv_vol_28_50_32_320=0,rsv_vol_37_50_32_320=1.93903,rsv_vol_63_50_32_320=4402.97,rsv_vol_65_50_32_320=0,rsv_vol_67_50_32_320=8573.67,sddp_alpha_0_31=1000
o,31,1,sddp_ecut_0_31_43_19,8.80882e+08,,rsv_vol_1_50_31_310=0,rsv_vol_6_50_31_310=1.86777,rsv_vol_21_50_31_310=0,rsv_vol_28_50_31_310=0,rsv_vol_37_50_31_310=2.48662,rsv_vol_63_50_31_310=1807.29,rsv_vol_65_50_31_310=-15.5341,rsv_vol_67_50_31_310=12724.6,sddp_alpha_0_30=1000
o,30,1,sddp_ecut_0_30_43_20,9.50338e+08,,rsv_vol_1_50_30_300=0,rsv_vol_6_50_30_300=2.42933,rsv_vol_21_50_30_300=0,rsv_vol_28_50_30_300=0,rsv_vol_37_50_30_300=3.57529,rsv_vol_63_50_30_300=8717.49,rsv_vol_65_50_30_300=-31.3159,rsv_vol_67_50_30_300=16476.2,sddp_alpha_0_29=1000
o,29,1,sddp_ecut_0_29_43_21,9.75418e+08,,rsv_vol_1_50_29_290=0,rsv_vol_6_50_29_290=3.07721,rsv_vol_21_50_29_290=0,rsv_vol_28_50_29_290=0,rsv_vol_37_50_29_290=2.22383,rsv_vol_63_50_29_290=8648.77,rsv_vol_65_50_29_290=15585.7,rsv_vol_67_50_29_290=3619.72,sddp_alpha_0_28=1000
o,28,1,sddp_ecut_0_28_43_22,1.03339e+09,,rsv_vol_1_50_28_280=0,rsv_vol_6_50_28_280=3.41761,rsv_vol_21_50_28_280=0,rsv_vol_28_50_28_280=0,rsv_vol_37_50_28_280=6.63199,rsv_vol_63_50_28_280=10199,rsv_vol_65_50_28_280=23688.4,rsv_vol_67_50_28_280=1852.15,sddp_alpha_0_27=1000
o,27,1,sddp_ecut_0_27_43_23,9.23448e+08,,rsv_vol_1_50_27_270=0,rsv_vol_6_50_27_270=-30.9372,rsv_vol_21_50_27_270=0,rsv_vol_28_50_27_270=0,rsv_vol_37_50_27_270=1.23183,rsv_vol_63_50_27_270=9289.17,rsv_vol_65_50_27_270=4392.88,rsv_vol_67_50_27_270=-256.569,sddp_alpha_0_26=1000
o,26,1,sddp_ecut_0_26_43_24,9.38607e+08,,rsv_vol_1_50_26_260=0,rsv_vol_6_50_26_260=-47.1974,rsv_vol_21_50_26_260=0,rsv_vol_28_50_26_260=0,rsv_vol_37_50_26_260=5.18722,rsv_vol_63_50_26_260=10361.7,rsv_vol_65_50_26_260=0,rsv_vol_67_50_26_260=17207.8,sddp_alpha_0_25=1000
o,25,1,sddp_ecut_0_25_43_25,8.2928e+08,,rsv_vol_1_50_25_250=0,rsv_vol_6_50_25_250=-63.968,rsv_vol_21_50_25_250=0,rsv_vol_28_50_25_250=0,rsv_vol_37_50_25_250=4.78176,rsv_vol_63_50_25_250=11019,rsv_vol_65_50_25_250=0,rsv_vol_67_50_25_250=18631.8,sddp_alpha_0_24=1000
o,24,1,sddp_ecut_0_24_43_26,9.00769e+08,,rsv_vol_1_50_24_240=0,rsv_vol_6_50_24_240=-146.75,rsv_vol_21_50_24_240=0,rsv_vol_28_50_24_240=0,rsv_vol_37_50_24_240=3.85428,rsv_vol_63_50_24_240=10337,rsv_vol_65_50_24_240=0,rsv_vol_67_50_24_240=17158.7,sddp_alpha_0_23=1000
o,23,1,sddp_ecut_0_23_43_27,8.7139e+08,,rsv_vol_1_50_23_230=0,rsv_vol_6_50_23_230=-115.323,rsv_vol_21_50_23_230=0,rsv_vol_28_50_23_230=0,rsv_vol_37_50_23_230=1.29822,rsv_vol_63_50_23_230=8882.42,rsv_vol_65_50_23_230=0,rsv_vol_67_50_23_230=6594.82,sddp_alpha_0_22=1000
o,22,1,sddp_ecut_0_22_43_28,2.25306e+08,,rsv_vol_1_50_22_220=0,rsv_vol_6_50_22_220=0.3573,rsv_vol_21_50_22_220=0,rsv_vol_28_50_22_220=0,rsv_vol_37_50_22_220=0.483474,rsv_vol_63_50_22_220=7.80866,rsv_vol_65_50_22_220=-16.6852,rsv_vol_67_50_22_220=2751.78,sddp_alpha_0_21=1000
o,21,1,sddp_ecut_0_21_43_29,1.97243e+08,,rsv_vol_1_50_21_210=0,rsv_vol_6_50_21_210=0.327868,rsv_vol_21_50_21_210=0,rsv_vol_28_50_21_210=0,rsv_vol_37_50_21_210=0.353737,rsv_vol_63_50_21_210=7.20799,rsv_vol_65_50_21_210=-16.6852,rsv_vol_67_50_21_210=1323.9,sddp_alpha_0_20=1000
o,20,1,sddp_ecut_0_20_43_30,2.24944e+08,,rsv_vol_1_50_20_200=0,rsv_vol_6_50_20_200=0.396313,rsv_vol_21_50_20_200=0,rsv_vol_28_50_20_200=0,rsv_vol_37_50_20_200=0.345962,rsv_vol_63_50_20_200=6.00666,rsv_vol_65_50_20_200=-50.0555,rsv_vol_67_50_20_200=1140.36,sddp_alpha_0_19=1000
o,19,1,sddp_ecut_0_19_43_31,1.9615e+08,,rsv_vol_1_50_19_190=0,rsv_vol_6_50_19_190=0.358616,rsv_vol_21_50_19_190=0,rsv_vol_28_50_19_190=0,rsv_vol_37_50_19_190=0.248175,rsv_vol_63_50_19_190=7.20799,rsv_vol_65_50_19_190=-50.0555,rsv_vol_67_50_19_190=392.776,sddp_alpha_0_18=1000
o,18,1,sddp_ecut_0_18_43_32,2.4088e+08,,rsv_vol_1_50_18_180=0,rsv_vol_6_50_18_180=0.402678,rsv_vol_21_50_18_180=0,rsv_vol_28_50_18_180=0,rsv_vol_37_50_18_180=0.414202,rsv_vol_63_50_18_180=7.26547,rsv_vol_65_50_18_180=-50.4547,rsv_vol_67_50_18_180=2041.26,sddp_alpha_0_17=1000
o,17,1,sddp_ecut_0_17_43_33,2.42099e+08,,rsv_vol_1_50_17_170=0,rsv_vol_6_50_17_170=0.412814,rsv_vol_21_50_17_170=0,rsv_vol_28_50_17_170=0,rsv_vol_37_50_17_170=0.503725,rsv_vol_63_50_17_170=7.26547,rsv_vol_65_50_17_170=-33.6364,rsv_vol_67_50_17_170=1572.26,sddp_alpha_0_16=1000
o,16,1,sddp_ecut_0_16_43_34,2.42624e+08,,rsv_vol_1_50_16_160=0,rsv_vol_6_50_16_160=0.418494,rsv_vol_21_50_16_160=0,rsv_vol_28_50_16_160=0,rsv_vol_37_50_16_160=0.488897,rsv_vol_63_50_16_160=6.66001,rsv_vol_65_50_16_160=0,rsv_vol_67_50_16_160=3249.37,sddp_alpha_0_15=1000
o,15,1,sddp_ecut_0_15_43_35,2.12073e+08,,rsv_vol_1_50_15_150=0,rsv_vol_6_50_15_150=0.375323,rsv_vol_21_50_15_150=0,rsv_vol_28_50_15_150=0,rsv_vol_37_50_15_150=0.336979,rsv_vol_63_50_15_150=4.23819,rsv_vol_65_50_15_150=-16.8182,rsv_vol_67_50_15_150=772.609,sddp_alpha_0_14=1000
o,14,1,sddp_ecut_0_14_43_36,2.51893e+08,,rsv_vol_1_50_14_140=0,rsv_vol_6_50_14_140=0.486347,rsv_vol_21_50_14_140=0,rsv_vol_28_50_14_140=0,rsv_vol_37_50_14_140=0.585543,rsv_vol_63_50_14_140=4.88227,rsv_vol_65_50_14_140=-16.9523,rsv_vol_67_50_14_140=5388.82,sddp_alpha_0_13=1000
o,13,1,sddp_ecut_0_13_43_37,2.17886e+08,,rsv_vol_1_50_13_130=0,rsv_vol_6_50_13_130=0.381142,rsv_vol_21_50_13_130=0,rsv_vol_28_50_13_130=0,rsv_vol_37_50_13_130=0.384669,rsv_vol_63_50_13_130=3.05443,rsv_vol_65_50_13_130=-16.9523,rsv_vol_67_50_13_130=1364.34,sddp_alpha_0_12=1000
o,12,1,sddp_ecut_0_12_43_38,2.49692e+08,,rsv_vol_1_50_12_120=0,rsv_vol_6_50_12_120=0.463542,rsv_vol_21_50_12_120=0,rsv_vol_28_50_12_120=0,rsv_vol_37_50_12_120=0.569366,rsv_vol_63_50_12_120=3.66341,rsv_vol_65_50_12_120=-33.9046,rsv_vol_67_50_12_120=4862.43,sddp_alpha_0_11=1000
o,11,1,sddp_ecut_0_11_43_39,2.19629e+08,,rsv_vol_1_50_11_110=0,rsv_vol_6_50_11_110=0.422289,rsv_vol_21_50_11_110=0,rsv_vol_28_50_11_110=0,rsv_vol_37_50_11_110=0.549519,rsv_vol_63_50_11_110=1.22057,rsv_vol_65_50_11_110=0,rsv_vol_67_50_11_110=1867.99,sddp_alpha_0_10=1000
o,10,1,sddp_ecut_0_10_43_40,2.60918e+08,,rsv_vol_1_50_10_100=0,rsv_vol_6_50_10_100=0.460434,rsv_vol_21_50_10_100=0,rsv_vol_28_50_10_100=0,rsv_vol_37_50_10_100=0.520056,rsv_vol_63_50_10_100=1.2303,rsv_vol_65_50_10_100=-34.175,rsv_vol_67_50_10_100=2725.03,sddp_alpha_0_9=1000
o,9,1,sddp_ecut_0_9_43_41,2.6257e+08,,rsv_vol_1_50_9_90=0,rsv_vol_6_50_9_90=0.471838,rsv_vol_21_50_9_90=0,rsv_vol_28_50_9_90=0,rsv_vol_37_50_9_90=0.533764,rsv_vol_63_50_9_90=0,rsv_vol_65_50_9_90=-17.0875,rsv_vol_67_50_9_90=2030.46,sddp_alpha_0_8=1000
o,8,1,sddp_ecut_0_8_43_42,2.63448e+08,,rsv_vol_1_50_8_80=0,rsv_vol_6_50_8_80=0.479546,rsv_vol_21_50_8_80=0,rsv_vol_28_50_8_80=0,rsv_vol_37_50_8_80=0.774691,rsv_vol_63_50_8_80=0.00579216,rsv_vol_65_50_8_80=-17.0875,rsv_vol_67_50_8_80=4295.42,sddp_alpha_0_7=1000
o,7,1,sddp_ecut_0_7_43_43,2.31658e+08,,rsv_vol_1_50_7_70=0,rsv_vol_6_50_7_70=0.434487,rsv_vol_21_50_7_70=0,rsv_vol_28_50_7_70=0,rsv_vol_37_50_7_70=0.680909,rsv_vol_63_50_7_70=0.00517157,rsv_vol_65_50_7_70=-17.0875,rsv_vol_67_50_7_70=3123.81,sddp_alpha_0_6=1000
o,6,1,sddp_ecut_0_6_43_44,2.81814e+08,,rsv_vol_1_50_6_60=0,rsv_vol_6_50_6_60=0.528607,rsv_vol_21_50_6_60=0,rsv_vol_28_50_6_60=0,rsv_vol_37_50_6_60=0.936707,rsv_vol_63_50_6_60=0.00755762,rsv_vol_65_50_6_60=0,rsv_vol_67_50_6_60=5943.57,sddp_alpha_0_5=1000
o,5,1,sddp_ecut_0_5_43_45,2.81885e+08,,rsv_vol_1_50_5_50=0,rsv_vol_6_50_5_50=0.554327,rsv_vol_21_50_5_50=0,rsv_vol_28_50_5_50=0,rsv_vol_37_50_5_50=0.73746,rsv_vol_63_50_5_50=0.00649041,rsv_vol_65_50_5_50=0,rsv_vol_67_50_5_50=4823.92,sddp_alpha_0_4=1000
o,4,1,sddp_ecut_0_4_43_46,2.83267e+08,,rsv_vol_1_50_4_40=0,rsv_vol_6_50_4_40=0.554263,rsv_vol_21_50_4_40=0,rsv_vol_28_50_4_40=0,rsv_vol_37_50_4_40=0.812836,rsv_vol_63_50_4_40=0,rsv_vol_65_50_4_40=0,rsv_vol_67_50_4_40=2573.44,sddp_alpha_0_3=1000
o,3,1,sddp_ecut_0_3_43_47,2.50811e+08,,rsv_vol_1_50_3_30=0,rsv_vol_6_50_3_30=0.545396,rsv_vol_21_50_3_30=0,rsv_vol_28_50_3_30=0,rsv_vol_37_50_3_30=0.744395,rsv_vol_63_50_3_30=0,rsv_vol_65_50_3_30=-34.4475,rsv_vol_67_50_3_30=2830.48,sddp_alpha_0_2=1000
o,2,1,sddp_ecut_0_2_43_48,2.25338e+08,,rsv_vol_1_50_2_20=0,rsv_vol_6_50_2_20=0.707866,rsv_vol_21_50_2_20=0,rsv_vol_28_50_2_20=0,rsv_vol_37_50_2_20=0.488828,rsv_vol_63_50_2_20=0,rsv_vol_65_50_2_20=-69.4444,rsv_vol_67_50_2_20=6213.54,sddp_alpha_0_1=1000
o,1,1,sddp_ecut_0_1_43_49,2.65508e+08,,rsv_vol_1_50_1_10=0,rsv_vol_6_50_1_10=0.843154,rsv_vol_21_50_1_10=0,rsv_vol_28_50_1_10=0,rsv_vol_37_50_1_10=0.507562,rsv_vol_63_50_1_10=0,rsv_vol_65_50_1_10=-17.3611,rsv_vol_67_50_1_10=9920.79,sddp_alpha_0_0=1000
o,50,1,sddp_ecut_0_50_44_0,7.41973e+08,,rsv_vol_1_50_50_500=0,rsv_vol_6_50_50_500=1.94801,rsv_vol_21_50_50_500=0,rsv_vol_28_50_50_500=0,rsv_vol_37_50_50_500=2.90488,rsv_vol_63_50_50_500=9343.61,rsv_vol_65_50_50_500=35012.1,rsv_vol_67_50_50_500=15128.2,sddp_alpha_0_49=1000
o,49,1,sddp_ecut_0_49_44_1,5.94245e+08,,rsv_vol_1_50_49_490=0,rsv_vol_6_50_49_490=-12.3816,rsv_vol_21_50_49_490=0,rsv_vol_28_50_49_490=0,rsv_vol_37_50_49_490=1.87958,rsv_vol_63_50_49_490=8418.64,rsv_vol_65_50_49_490=0,rsv_vol_67_50_49_490=14416.9,sddp_alpha_0_48=1000
o,48,1,sddp_ecut_0_48_44_2,6.5112e+08,,rsv_vol_1_50_48_480=0,rsv_vol_6_50_48_480=-26.4146,rsv_vol_21_50_48_480=0,rsv_vol_28_50_48_480=0,rsv_vol_37_50_48_480=2.43005,rsv_vol_63_50_48_480=7621.99,rsv_vol_65_50_48_480=0,rsv_vol_67_50_48_480=13639.3,sddp_alpha_0_47=1000
o,47,1,sddp_ecut_0_47_44_3,6.4186e+08,,rsv_vol_1_50_47_470=0,rsv_vol_6_50_47_470=-95.2668,rsv_vol_21_50_47_470=0,rsv_vol_28_50_47_470=0,rsv_vol_37_50_47_470=1.45394,rsv_vol_63_50_47_470=7678.17,rsv_vol_65_50_47_470=0,rsv_vol_67_50_47_470=9022.1,sddp_alpha_0_46=1000
o,46,1,sddp_ecut_0_46_44_4,6.21959e+08,,rsv_vol_1_50_46_460=0,rsv_vol_6_50_46_460=-123.55,rsv_vol_21_50_46_460=0,rsv_vol_28_50_46_460=0,rsv_vol_37_50_46_460=1.76338,rsv_vol_63_50_46_460=7622.2,rsv_vol_65_50_46_460=0,rsv_vol_67_50_46_460=6941.93,sddp_alpha_0_45=1000
o,45,1,sddp_ecut_0_45_44_5,6.87401e+08,,rsv_vol_1_50_45_450=0,rsv_vol_6_50_45_450=0.839902,rsv_vol_21_50_45_450=0,rsv_vol_28_50_45_450=0,rsv_vol_37_50_45_450=2.51234,rsv_vol_63_50_45_450=7123.3,rsv_vol_65_50_45_450=0,rsv_vol_67_50_45_450=11127.6,sddp_alpha_0_44=1000
o,44,1,sddp_ecut_0_44_44_6,6.90026e+08,,rsv_vol_1_50_44_440=0,rsv_vol_6_50_44_440=1.09349,rsv_vol_21_50_44_440=0,rsv_vol_28_50_44_440=0,rsv_vol_37_50_44_440=2.27898,rsv_vol_63_50_44_440=7545.16,rsv_vol_65_50_44_440=-28.0204,rsv_vol_67_50_44_440=10508.2,sddp_alpha_0_43=1000
o,43,1,sddp_ecut_0_43_44_7,7.71882e+08,,rsv_vol_1_50_43_430=0,rsv_vol_6_50_43_430=1.45338,rsv_vol_21_50_43_430=0,rsv_vol_28_50_43_430=0,rsv_vol_37_50_43_430=2.45561,rsv_vol_63_50_43_430=6525.85,rsv_vol_65_50_43_430=-28.2438,rsv_vol_67_50_43_430=12635.8,sddp_alpha_0_42=1000
o,42,1,sddp_ecut_0_42_44_8,8.26884e+08,,rsv_vol_1_50_42_420=0,rsv_vol_6_50_42_420=2.01369,rsv_vol_21_50_42_420=0,rsv_vol_28_50_42_420=0,rsv_vol_37_50_42_420=3.00551,rsv_vol_63_50_42_420=8883.06,rsv_vol_65_50_42_420=-14.2345,rsv_vol_67_50_42_420=14733.5,sddp_alpha_0_41=1000
o,41,1,sddp_ecut_0_41_44_9,8.32332e+08,,rsv_vol_1_50_41_410=0,rsv_vol_6_50_41_410=1.89132,rsv_vol_21_50_41_410=0,rsv_vol_28_50_41_410=0,rsv_vol_37_50_41_410=2.95122,rsv_vol_63_50_41_410=6677.09,rsv_vol_65_50_41_410=4962.15,rsv_vol_67_50_41_410=11700.4,sddp_alpha_0_40=1000
o,40,1,sddp_ecut_0_40_44_10,8.47719e+08,,rsv_vol_1_50_40_400=0,rsv_vol_6_50_40_400=2.03587,rsv_vol_21_50_40_400=0,rsv_vol_28_50_40_400=0,rsv_vol_37_50_40_400=4.35808,rsv_vol_63_50_40_400=8532.25,rsv_vol_65_50_40_400=4695.37,rsv_vol_67_50_40_400=14517.1,sddp_alpha_0_39=1000
o,39,1,sddp_ecut_0_39_44_11,7.73673e+08,,rsv_vol_1_50_39_390=0,rsv_vol_6_50_39_390=1.80547,rsv_vol_21_50_39_390=0,rsv_vol_28_50_39_390=0,rsv_vol_37_50_39_390=3.81567,rsv_vol_63_50_39_390=8647.2,rsv_vol_65_50_39_390=4663.56,rsv_vol_67_50_39_390=15042.9,sddp_alpha_0_38=1000
o,38,1,sddp_ecut_0_38_44_12,7.79346e+08,,rsv_vol_1_50_38_380=0,rsv_vol_6_50_38_380=-12.7532,rsv_vol_21_50_38_380=0,rsv_vol_28_50_38_380=0,rsv_vol_37_50_38_380=2.83015,rsv_vol_63_50_38_380=9549.15,rsv_vol_65_50_38_380=12661.7,rsv_vol_67_50_38_380=-235.104,sddp_alpha_0_37=1000
o,37,1,sddp_ecut_0_37_44_13,6.45813e+08,,rsv_vol_1_50_37_370=0,rsv_vol_6_50_37_370=-13.6252,rsv_vol_21_50_37_370=0,rsv_vol_28_50_37_370=0,rsv_vol_37_50_37_370=2.23528,rsv_vol_63_50_37_370=9443.88,rsv_vol_65_50_37_370=0,rsv_vol_67_50_37_370=15930,sddp_alpha_0_36=1000
o,36,1,sddp_ecut_0_36_44_14,7.0939e+08,,rsv_vol_1_50_36_360=0,rsv_vol_6_50_36_360=-29.2047,rsv_vol_21_50_36_360=0,rsv_vol_28_50_36_360=0,rsv_vol_37_50_36_360=2.77566,rsv_vol_63_50_36_360=9090.91,rsv_vol_65_50_36_360=0,rsv_vol_67_50_36_360=15229.1,sddp_alpha_0_35=1000
o,35,1,sddp_ecut_0_35_44_15,7.38236e+08,,rsv_vol_1_50_35_350=0,rsv_vol_6_50_35_350=-105.102,rsv_vol_21_50_35_350=0,rsv_vol_28_50_35_350=0,rsv_vol_37_50_35_350=0.693072,rsv_vol_63_50_35_350=8573.34,rsv_vol_65_50_35_350=0,rsv_vol_67_50_35_350=3253.05,sddp_alpha_0_34=1000
o,34,1,sddp_ecut_0_34_44_16,7.15841e+08,,rsv_vol_1_50_34_340=0,rsv_vol_6_50_34_340=-29.8209,rsv_vol_21_50_34_340=0,rsv_vol_28_50_34_340=0,rsv_vol_37_50_34_340=1.1029,rsv_vol_63_50_34_340=9189.82,rsv_vol_65_50_34_340=0,rsv_vol_67_50_34_340=1639.13,sddp_alpha_0_33=1000
o,33,1,sddp_ecut_0_33_44_17,7.85711e+08,,rsv_vol_1_50_33_330=0,rsv_vol_6_50_33_330=1.41522,rsv_vol_21_50_33_330=0,rsv_vol_28_50_33_330=0,rsv_vol_37_50_33_330=2.15555,rsv_vol_63_50_33_330=7432.22,rsv_vol_65_50_33_330=0,rsv_vol_67_50_33_330=7990.96,sddp_alpha_0_32=1000
o,32,1,sddp_ecut_0_32_44_18,7.86227e+08,,rsv_vol_1_50_32_320=0,rsv_vol_6_50_32_320=1.50884,rsv_vol_21_50_32_320=0,rsv_vol_28_50_32_320=0,rsv_vol_37_50_32_320=1.93903,rsv_vol_63_50_32_320=4402.97,rsv_vol_65_50_32_320=0,rsv_vol_67_50_32_320=8573.67,sddp_alpha_0_31=1000
o,31,1,sddp_ecut_0_31_44_19,8.80882e+08,,rsv_vol_1_50_31_310=0,rsv_vol_6_50_31_310=1.86777,rsv_vol_21_50_31_310=0,rsv_vol_28_50_31_310=0,rsv_vol_37_50_31_310=2.48662,rsv_vol_63_50_31_310=1807.29,rsv_vol_65_50_31_310=-15.5341,rsv_vol_67_50_31_310=12724.6,sddp_alpha_0_30=1000
o,30,1,sddp_ecut_0_30_44_20,9.50338e+08,,rsv_vol_1_50_30_300=0,rsv_vol_6_50_30_300=2.42933,rsv_vol_21_50_30_300=0,rsv_vol_28_50_30_300=0,rsv_vol_37_50_30_300=3.57529,rsv_vol_63_50_30_300=8717.49,rsv_vol_65_50_30_300=-31.3159,rsv_vol_67_50_30_300=16476.2,sddp_alpha_0_29=1000
o,29,1,sddp_ecut_0_29_44_21,9.75418e+08,,rsv_vol_1_50_29_290=0,rsv_vol_6_50_29_290=3.07721,rsv_vol_21_50_29_290=0,rsv_vol_28_50_29_290=0,rsv_vol_37_50_29_290=2.22383,rsv_vol_63_50_29_290=8648.77,rsv_vol_65_50_29_290=15585.7,rsv_vol_67_50_29_290=3619.72,sddp_alpha_0_28=1000
o,28,1,sddp_ecut_0_28_44_22,1.03339e+09,,rsv_vol_1_50_28_280=0,rsv_vol_6_50_28_280=3.41761,rsv_vol_21_50_28_280=0,rsv_vol_28_50_28_280=0,rsv_vol_37_50_28_280=6.63199,rsv_vol_63_50_28_280=10199,rsv_vol_65_50_28_280=23688.4,rsv_vol_67_50_28_280=1852.15,sddp_alpha_0_27=1000
o,27,1,sddp_ecut_0_27_44_23,9.23448e+08,,rsv_vol_1_50_27_270=0,rsv_vol_6_50_27_270=-30.9372,rsv_vol_21_50_27_270=0,rsv_vol_28_50_27_270=0,rsv_vol_37_50_27_270=1.23183,rsv_vol_63_50_27_270=9289.17,rsv_vol_65_50_27_270=4392.88,rsv_vol_67_50_27_270=-256.569,sddp_alpha_0_26=1000
o,26,1,sddp_ecut_0_26_44_24,9.38607e+08,,rsv_vol_1_50_26_260=0,rsv_vol_6_50_26_260=-47.1974,rsv_vol_21_50_26_260=0,rsv_vol_28_50_26_260=0,rsv_vol_37_50_26_260=5.18722,rsv_vol_63_50_26_260=10361.7,rsv_vol_65_50_26_260=0,rsv_vol_67_50_26_260=17207.8,sddp_alpha_0_25=1000
o,25,1,sddp_ecut_0_25_44_25,8.2928e+08,,rsv_vol_1_50_25_250=0,rsv_vol_6_50_25_250=-63.968,rsv_vol_21_50_25_250=0,rsv_vol_28_50_25_250=0,rsv_vol_37_50_25_250=4.78176,rsv_vol_63_50_25_250=11019,rsv_vol_65_50_25_250=0,rsv_vol_67_50_25_250=18631.8,sddp_alpha_0_24=1000
o,24,1,sddp_ecut_0_24_44_26,9.00769e+08,,rsv_vol_1_50_24_240=0,rsv_vol_6_50_24_240=-146.75,rsv_vol_21_50_24_240=0,rsv_vol_28_50_24_240=0,rsv_vol_37_50_24_240=3.85428,rsv_vol_63_50_24_240=10337,rsv_vol_65_50_24_240=0,rsv_vol_67_50_24_240=17158.7,sddp_alpha_0_23=1000
o,23,1,sddp_ecut_0_23_44_27,8.7139e+08,,rsv_vol_1_50_23_230=0,rsv_vol_6_50_23_230=-115.323,rsv_vol_21_50_23_230=0,rsv_vol_28_50_23_230=0,rsv_vol_37_50_23_230=1.29822,rsv_vol_63_50_23_230=8882.42,rsv_vol_65_50_23_230=0,rsv_vol_67_50_23_230=6594.82,sddp_alpha_0_22=1000
o,22,1,sddp_ecut_0_22_44_28,2.25306e+08,,rsv_vol_1_50_22_220=0,rsv_vol_6_50_22_220=0.3573,rsv_vol_21_50_22_220=0,rsv_vol_28_50_22_220=0,rsv_vol_37_50_22_220=0.483474,rsv_vol_63_50_22_220=7.80866,rsv_vol_65_50_22_220=-16.6852,rsv_vol_67_50_22_220=2751.78,sddp_alpha_0_21=1000
o,21,1,sddp_ecut_0_21_44_29,1.97243e+08,,rsv_vol_1_50_21_210=0,rsv_vol_6_50_21_210=0.327868,rsv_vol_21_50_21_210=0,rsv_vol_28_50_21_210=0,rsv_vol_37_50_21_210=0.353737,rsv_vol_63_50_21_210=7.20799,rsv_vol_65_50_21_210=-16.6852,rsv_vol_67_50_21_210=1323.9,sddp_alpha_0_20=1000
o,20,1,sddp_ecut_0_20_44_30,2.24944e+08,,rsv_vol_1_50_20_200=0,rsv_vol_6_50_20_200=0.396313,rsv_vol_21_50_20_200=0,rsv_vol_28_50_20_200=0,rsv_vol_37_50_20_200=0.345962,rsv_vol_63_50_20_200=6.00666,rsv_vol_65_50_20_200=-50.0555,rsv_vol_67_50_20_200=1140.36,sddp_alpha_0_19=1000
o,19,1,sddp_ecut_0_19_44_31,1.9615e+08,,rsv_vol_1_50_19_190=0,rsv_vol_6_50_19_190=0.358616,rsv_vol_21_50_19_190=0,rsv_vol_28_50_19_190=0,rsv_vol_37_50_19_190=0.248175,rsv_vol_63_50_19_190=7.20799,rsv_vol_65_50_19_190=-50.0555,rsv_vol_67_50_19_190=392.776,sddp_alpha_0_18=1000
o,18,1,sddp_ecut_0_18_44_32,2.4088e+08,,rsv_vol_1_50_18_180=0,rsv_vol_6_50_18_180=0.402678,rsv_vol_21_50_18_180=0,rsv_vol_28_50_18_180=0,rsv_vol_37_50_18_180=0.414202,rsv_vol_63_50_18_180=7.26547,rsv_vol_65_50_18_180=-50.4547,rsv_vol_67_50_18_180=2041.26,sddp_alpha_0_17=1000
o,17,1,sddp_ecut_0_17_44_33,2.42099e+08,,rsv_vol_1_50_17_170=0,rsv_vol_6_50_17_170=0.412814,rsv_vol_21_50_17_170=0,rsv_vol_28_50_17_170=0,rsv_vol_37_50_17_170=0.503725,rsv_vol_63_50_17_170=7.26547,rsv_vol_65_50_17_170=-33.6364,rsv_vol_67_50_17_170=1572.26,sddp_alpha_0_16=1000
o,16,1,sddp_ecut_0_16_44_34,2.42624e+08,,rsv_vol_1_50_16_160=0,rsv_vol_6_50_16_160=0.418494,rsv_vol_21_50_16_160=0,rsv_vol_28_50_16_160=0,rsv_vol_37_50_16_160=0.488897,rsv_vol_63_50_16_160=6.66001,rsv_vol_65_50_16_160=0,rsv_vol_67_50_16_160=3249.37,sddp_alpha_0_15=1000
o,15,1,sddp_ecut_0_15_44_35,2.12073e+08,,rsv_vol_1_50_15_150=0,rsv_vol_6_50_15_150=0.375323,rsv_vol_21_50_15_150=0,rsv_vol_28_50_15_150=0,rsv_vol_37_50_15_150=0.336979,rsv_vol_63_50_15_150=4.23819,rsv_vol_65_50_15_150=-16.8182,rsv_vol_67_50_15_150=772.609,sddp_alpha_0_14=1000
o,14,1,sddp_ecut_0_14_44_36,2.51893e+08,,rsv_vol_1_50_14_140=0,rsv_vol_6_50_14_140=0.486347,rsv_vol_21_50_14_140=0,rsv_vol_28_50_14_140=0,rsv_vol_37_50_14_140=0.585543,rsv_vol_63_50_14_140=4.88227,rsv_vol_65_50_14_140=-16.9523,rsv_vol_67_50_14_140=5388.82,sddp_alpha_0_13=1000
o,13,1,sddp_ecut_0_13_44_37,2.17886e+08,,rsv_vol_1_50_13_130=0,rsv_vol_6_50_13_130=0.381142,rsv_vol_21_50_13_130=0,rsv_vol_28_50_13_130=0,rsv_vol_37_50_13_130=0.384669,rsv_vol_63_50_13_130=3.05446,rsv_vol_65_50_13_130=-16.9523,rsv_vol_67_50_13_130=1364.34,sddp_alpha_0_12=1000
o,12,1,sddp_ecut_0_12_44_38,2.49692e+08,,rsv_vol_1_50_12_120=0,rsv_vol_6_50_12_120=0.463542,rsv_vol_21_50_12_120=0,rsv_vol_28_50_12_120=0,rsv_vol_37_50_12_120=0.569366,rsv_vol_63_50_12_120=3.66341,rsv_vol_65_50_12_120=-33.9046,rsv_vol_67_50_12_120=4862.43,sddp_alpha_0_11=1000
o,11,1,sddp_ecut_0_11_44_39,2.19629e+08,,rsv_vol_1_50_11_110=0,rsv_vol_6_50_11_110=0.422289,rsv_vol_21_50_11_110=0,rsv_vol_28_50_11_110=0,rsv_vol_37_50_11_110=0.549519,rsv_vol_63_50_11_110=1.22057,rsv_vol_65_50_11_110=0,rsv_vol_67_50_11_110=1867.99,sddp_alpha_0_10=1000
o,10,1,sddp_ecut_0_10_44_40,2.60918e+08,,rsv_vol_1_50_10_100=0,rsv_vol_6_50_10_100=0.460434,rsv_vol_21_50_10_100=0,rsv_vol_28_50_10_100=0,rsv_vol_37_50_10_100=0.520056,rsv_vol_63_50_10_100=1.2303,rsv_vol_65_50_10_100=-34.175,rsv_vol_67_50_10_100=2725.03,sddp_alpha_0_9=1000
o,9,1,sddp_ecut_0_9_44_41,2.6257e+08,,rsv_vol_1_50_9_90=0,rsv_vol_6_50_9_90=0.471838,rsv_vol_21_50_9_90=0,rsv_vol_28_50_9_90=0,rsv_vol_37_50_9_90=0.533764,rsv_vol_63_50_9_90=0,rsv_vol_65_50_9_90=-17.0875,rsv_vol_67_50_9_90=2030.46,sddp_alpha_0_8=1000
o,8,1,sddp_ecut_0_8_44_42,2.63448e+08,,rsv_vol_1_50_8_80=0,rsv_vol_6_50_8_80=0.479546,rsv_vol_21_50_8_80=0,rsv_vol_28_50_8_80=0,rsv_vol_37_50_8_80=0.774691,rsv_vol_63_50_8_80=0.00579216,rsv_vol_65_50_8_80=-17.0875,rsv_vol_67_50_8_80=4295.42,sddp_alpha_0_7=1000
o,7,1,sddp_ecut_0_7_44_43,2.31658e+08,,rsv_vol_1_50_7_70=0,rsv_vol_6_50_7_70=0.434487,rsv_vol_21_50_7_70=0,rsv_vol_28_50_7_70=0,rsv_vol_37_50_7_70=0.680909,rsv_vol_63_50_7_70=0.00517157,rsv_vol_65_50_7_70=-17.0875,rsv_vol_67_50_7_70=3123.81,sddp_alpha_0_6=1000
o,6,1,sddp_ecut_0_6_44_44,2.81814e+08,,rsv_vol_1_50_6_60=0,rsv_vol_6_50_6_60=0.528607,rsv_vol_21_50_6_60=0,rsv_vol_28_50_6_60=0,rsv_vol_37_50_6_60=0.936707,rsv_vol_63_50_6_60=0.00757408,rsv_vol_65_50_6_60=0,rsv_vol_67_50_6_60=5943.57,sddp_alpha_0_5=1000
o,5,1,sddp_ecut_0_5_44_45,2.81885e+08,,rsv_vol_1_50_5_50=0,rsv_vol_6_50_5_50=0.554327,rsv_vol_21_50_5_50=0,rsv_vol_28_50_5_50=0,rsv_vol_37_50_5_50=0.73746,rsv_vol_63_50_5_50=0.00649041,rsv_vol_65_50_5_50=0,rsv_vol_67_50_5_50=4823.92,sddp_alpha_0_4=1000
o,4,1,sddp_ecut_0_4_44_46,2.83267e+08,,rsv_vol_1_50_4_40=0,rsv_vol_6_50_4_40=0.554263,rsv_vol_21_50_4_40=0,rsv_vol_28_50_4_40=0,rsv_vol_37_50_4_40=0.812836,rsv_vol_63_50_4_40=0,rsv_vol_65_50_4_40=0,rsv_vol_67_50_4_40=2573.44,sddp_alpha_0_3=1000
o,3,1,sddp_ecut_0_3_44_47,2.50811e+08,,rsv_vol_1_50_3_30=0,rsv_vol_6_50_3_30=0.545396,rsv_vol_21_50_3_30=0,rsv_vol_28_50_3_30=0,rsv_vol_37_50_3_30=0.744395,rsv_vol_63_50_3_30=0,rsv_vol_65_50_3_30=-34.4475,rsv_vol_67_50_3_30=2830.48,sddp_alpha_0_2=1000
o,2,1,sddp_ecut_0_2_44_48,2.25338e+08,,rsv_vol_1_50_2_20=0,rsv_vol_6_50_2_20=0.707866,rsv_vol_21_50_2_20=0,rsv_vol_28_50_2_20=0,rsv_vol_37_50_2_20=0.488828,rsv_vol_63_50_2_20=0,rsv_vol_65_50_2_20=-69.4444,rsv_vol_67_50_2_20=6213.54,sddp_alpha_0_1=1000
o,1,1,sddp_ecut_0_1_44_49,2.65508e+08,,rsv_vol_1_50_1_10=0,rsv_vol_6_50_1_10=0.843154,rsv_vol_21_50_1_10=0,rsv_vol_28_50_1_10=0,rsv_vol_37_50_1_10=0.507562,rsv_vol_63_50_1_10=0,rsv_vol_65_50_1_10=-17.3611,rsv_vol_67_50_1_10=9920.79,sddp_alpha_0_0=1000
o,50,1,sddp_ecut_0_50_45_0,7.4197e+08,,rsv_vol_1_50_50_500=0,rsv_vol_6_50_50_500=1.94792,rsv_vol_21_50_50_500=0,rsv_vol_28_50_50_500=0,rsv_vol_37_50_50_500=2.90475,rsv_vol_63_50_50_500=9343.02,rsv_vol_65_50_50_500=35009.8,rsv_vol_67_50_50_500=15127.2,sddp_alpha_0_49=1000
o,49,1,sddp_ecut_0_49_45_1,5.94245e+08,,rsv_vol_1_50_49_490=0,rsv_vol_6_50_49_490=-12.3816,rsv_vol_21_50_49_490=0,rsv_vol_28_50_49_490=0,rsv_vol_37_50_49_490=1.87958,rsv_vol_63_50_49_490=8418.64,rsv_vol_65_50_49_490=0,rsv_vol_67_50_49_490=14416.9,sddp_alpha_0_48=1000
o,48,1,sddp_ecut_0_48_45_2,6.5112e+08,,rsv_vol_1_50_48_480=0,rsv_vol_6_50_48_480=-26.4146,rsv_vol_21_50_48_480=0,rsv_vol_28_50_48_480=0,rsv_vol_37_50_48_480=2.43005,rsv_vol_63_50_48_480=7621.99,rsv_vol_65_50_48_480=0,rsv_vol_67_50_48_480=13639.3,sddp_alpha_0_47=1000
o,47,1,sddp_ecut_0_47_45_3,6.4186e+08,,rsv_vol_1_50_47_470=0,rsv_vol_6_50_47_470=-95.2668,rsv_vol_21_50_47_470=0,rsv_vol_28_50_47_470=0,rsv_vol_37_50_47_470=1.45394,rsv_vol_63_50_47_470=7678.17,rsv_vol_65_50_47_470=0,rsv_vol_67_50_47_470=9022.1,sddp_alpha_0_46=1000
o,46,1,sddp_ecut_0_46_45_4,6.21959e+08,,rsv_vol_1_50_46_460=0,rsv_vol_6_50_46_460=-123.55,rsv_vol_21_50_46_460=0,rsv_vol_28_50_46_460=0,rsv_vol_37_50_46_460=1.76338,rsv_vol_63_50_46_460=7622.2,rsv_vol_65_50_46_460=0,rsv_vol_67_50_46_460=6941.93,sddp_alpha_0_45=1000
o,45,1,sddp_ecut_0_45_45_5,6.87401e+08,,rsv_vol_1_50_45_450=0,rsv_vol_6_50_45_450=0.839902,rsv_vol_21_50_45_450=0,rsv_vol_28_50_45_450=0,rsv_vol_37_50_45_450=2.51234,rsv_vol_63_50_45_450=7123.3,rsv_vol_65_50_45_450=0,rsv_vol_67_50_45_450=11127.6,sddp_alpha_0_44=1000
o,44,1,sddp_ecut_0_44_45_6,6.90026e+08,,rsv_vol_1_50_44_440=0,rsv_vol_6_50_44_440=1.09349,rsv_vol_21_50_44_440=0,rsv_vol_28_50_44_440=0,rsv_vol_37_50_44_440=2.27898,rsv_vol_63_50_44_440=7545.16,rsv_vol_65_50_44_440=-28.0204,rsv_vol_67_50_44_440=10508.2,sddp_alpha_0_43=1000
o,43,1,sddp_ecut_0_43_45_7,7.71882e+08,,rsv_vol_1_50_43_430=0,rsv_vol_6_50_43_430=1.45338,rsv_vol_21_50_43_430=0,rsv_vol_28_50_43_430=0,rsv_vol_37_50_43_430=2.45561,rsv_vol_63_50_43_430=6525.85,rsv_vol_65_50_43_430=-28.2438,rsv_vol_67_50_43_430=12635.8,sddp_alpha_0_42=1000
o,42,1,sddp_ecut_0_42_45_8,8.26884e+08,,rsv_vol_1_50_42_420=0,rsv_vol_6_50_42_420=2.01369,rsv_vol_21_50_42_420=0,rsv_vol_28_50_42_420=0,rsv_vol_37_50_42_420=3.00551,rsv_vol_63_50_42_420=8883.06,rsv_vol_65_50_42_420=-14.2345,rsv_vol_67_50_42_420=14733.5,sddp_alpha_0_41=1000
o,41,1,sddp_ecut_0_41_45_9,8.32332e+08,,rsv_vol_1_50_41_410=0,rsv_vol_6_50_41_410=1.89132,rsv_vol_21_50_41_410=0,rsv_vol_28_50_41_410=0,rsv_vol_37_50_41_410=2.95122,rsv_vol_63_50_41_410=6677.09,rsv_vol_65_50_41_410=4962.15,rsv_vol_67_50_41_410=11700.4,sddp_alpha_0_40=1000
o,40,1,sddp_ecut_0_40_45_10,8.47719e+08,,rsv_vol_1_50_40_400=0,rsv_vol_6_50_40_400=2.03587,rsv_vol_21_50_40_400=0,rsv_vol_28_50_40_400=0,rsv_vol_37_50_40_400=4.35808,rsv_vol_63_50_40_400=8532.25,rsv_vol_65_50_40_400=4695.37,rsv_vol_67_50_40_400=14517.1,sddp_alpha_0_39=1000
o,39,1,sddp_ecut_0_39_45_11,7.73673e+08,,rsv_vol_1_50_39_390=0,rsv_vol_6_50_39_390=1.80547,rsv_vol_21_50_39_390=0,rsv_vol_28_50_39_390=0,rsv_vol_37_50_39_390=3.81567,rsv_vol_63_50_39_390=8647.2,rsv_vol_65_50_39_390=4663.56,rsv_vol_67_50_39_390=15042.9,sddp_alpha_0_38=1000
o,38,1,sddp_ecut_0_38_45_12,7.79346e+08,,rsv_vol_1_50_38_380=0,rsv_vol_6_50_38_380=-12.7532,rsv_vol_21_50_38_380=0,rsv_vol_28_50_38_380=0,rsv_vol_37_50_38_380=2.83015,rsv_vol_63_50_38_380=9549.15,rsv_vol_65_50_38_380=12661.7,rsv_vol_67_50_38_380=-235.104,sddp_alpha_0_37=1000
o,37,1,sddp_ecut_0_37_45_13,6.45813e+08,,rsv_vol_1_50_37_370=0,rsv_vol_6_50_37_370=-13.6252,rsv_vol_21_50_37_370=0,rsv_vol_28_50_37_370=0,rsv_vol_37_50_37_370=2.23528,rsv_vol_63_50_37_370=9443.88,rsv_vol_65_50_37_370=0,rsv_vol_67_50_37_370=15930,sddp_alpha_0_36=1000
o,36,1,sddp_ecut_0_36_45_14,7.0939e+08,,rsv_vol_1_50_36_360=0,rsv_vol_6_50_36_360=-29.2047,rsv_vol_21_50_36_360=0,rsv_vol_28_50_36_360=0,rsv_vol_37_50_36_360=2.77566,rsv_vol_63_50_36_360=9090.91,rsv_vol_65_50_36_360=0,rsv_vol_67_50_36_360=15229.1,sddp_alpha_0_35=1000
o,35,1,sddp_ecut_0_35_45_15,7.38236e+08,,rsv_vol_1_50_35_350=0,rsv_vol_6_50_35_350=-105.102,rsv_vol_21_50_35_350=0,rsv_vol_28_50_35_350=0,rsv_vol_37_50_35_350=0.693072,rsv_vol_63_50_35_350=8573.34,rsv_vol_65_50_35_350=0,rsv_vol_67_50_35_350=3253.05,sddp_alpha_0_34=1000
o,34,1,sddp_ecut_0_34_45_16,7.15841e+08,,rsv_vol_1_50_34_340=0,rsv_vol_6_50_34_340=-29.8209,rsv_vol_21_50_34_340=0,rsv_vol_28_50_34_340=0,rsv_vol_37_50_34_340=1.1029,rsv_vol_63_50_34_340=9189.82,rsv_vol_65_50_34_340=0,rsv_vol_67_50_34_340=1639.13,sddp_alpha_0_33=1000
o,33,1,sddp_ecut_0_33_45_17,7.85711e+08,,rsv_vol_1_50_33_330=0,rsv_vol_6_50_33_330=1.41522,rsv_vol_21_50_33_330=0,rsv_vol_28_50_33_330=0,rsv_vol_37_50_33_330=2.15555,rsv_vol_63_50_33_330=7432.22,rsv_vol_65_50_33_330=0,rsv_vol_67_50_33_330=7990.96,sddp_alpha_0_32=1000
o,32,1,sddp_ecut_0_32_45_18,7.86227e+08,,rsv_vol_1_50_32_320=0,rsv_vol_6_50_32_320=1.50884,rsv_vol_21_50_32_320=0,rsv_vol_28_50_32_320=0,rsv_vol_37_50_32_320=1.93903,rsv_vol_63_50_32_320=4402.97,rsv_vol_65_50_32_320=0,rsv_vol_67_50_32_320=8573.67,sddp_alpha_0_31=1000
o,31,1,sddp_ecut_0_31_45_19,8.80882e+08,,rsv_vol_1_50_31_310=0,rsv_vol_6_50_31_310=1.86777,rsv_vol_21_50_31_310=0,rsv_vol_28_50_31_310=0,rsv_vol_37_50_31_310=2.48662,rsv_vol_63_50_31_310=1807.29,rsv_vol_65_50_31_310=-15.5341,rsv_vol_67_50_31_310=12724.6,sddp_alpha_0_30=1000
o,30,1,sddp_ecut_0_30_45_20,9.50338e+08,,rsv_vol_1_50_30_300=0,rsv_vol_6_50_30_300=2.42933,rsv_vol_21_50_30_300=0,rsv_vol_28_50_30_300=0,rsv_vol_37_50_30_300=3.57529,rsv_vol_63_50_30_300=8717.49,rsv_vol_65_50_30_300=-31.3159,rsv_vol_67_50_30_300=16476.2,sddp_alpha_0_29=1000
o,29,1,sddp_ecut_0_29_45_21,9.75418e+08,,rsv_vol_1_50_29_290=0,rsv_vol_6_50_29_290=3.07721,rsv_vol_21_50_29_290=0,rsv_vol_28_50_29_290=0,rsv_vol_37_50_29_290=2.22383,rsv_vol_63_50_29_290=8648.77,rsv_vol_65_50_29_290=15585.7,rsv_vol_67_50_29_290=3619.72,sddp_alpha_0_28=1000
o,28,1,sddp_ecut_0_28_45_22,1.03339e+09,,rsv_vol_1_50_28_280=0,rsv_vol_6_50_28_280=3.41761,rsv_vol_21_50_28_280=0,rsv_vol_28_50_28_280=0,rsv_vol_37_50_28_280=6.63199,rsv_vol_63_50_28_280=10199,rsv_vol_65_50_28_280=23688.4,rsv_vol_67_50_28_280=1852.15,sddp_alpha_0_27=1000
o,27,1,sddp_ecut_0_27_45_23,9.23448e+08,,rsv_vol_1_50_27_270=0,rsv_vol_6_50_27_270=-30.9372,rsv_vol_21_50_27_270=0,rsv_vol_28_50_27_270=0,rsv_vol_37_50_27_270=1.23183,rsv_vol_63_50_27_270=9289.17,rsv_vol_65_50_27_270=4392.88,rsv_vol_67_50_27_270=-256.569,sddp_alpha_0_26=1000
o,26,1,sddp_ecut_0_26_45_24,9.38607e+08,,rsv_vol_1_50_26_260=0,rsv_vol_6_50_26_260=-47.1974,rsv_vol_21_50_26_260=0,rsv_vol_28_50_26_260=0,rsv_vol_37_50_26_260=5.18722,rsv_vol_63_50_26_260=10361.7,rsv_vol_65_50_26_260=0,rsv_vol_67_50_26_260=17207.8,sddp_alpha_0_25=1000
o,25,1,sddp_ecut_0_25_45_25,8.2928e+08,,rsv_vol_1_50_25_250=0,rsv_vol_6_50_25_250=-63.968,rsv_vol_21_50_25_250=0,rsv_vol_28_50_25_250=0,rsv_vol_37_50_25_250=4.78176,rsv_vol_63_50_25_250=11019,rsv_vol_65_50_25_250=0,rsv_vol_67_50_25_250=18631.8,sddp_alpha_0_24=1000
o,24,1,sddp_ecut_0_24_45_26,9.00769e+08,,rsv_vol_1_50_24_240=0,rsv_vol_6_50_24_240=-146.75,rsv_vol_21_50_24_240=0,rsv_vol_28_50_24_240=0,rsv_vol_37_50_24_240=3.85428,rsv_vol_63_50_24_240=10337,rsv_vol_65_50_24_240=0,rsv_vol_67_50_24_240=17158.7,sddp_alpha_0_23=1000
o,23,1,sddp_ecut_0_23_45_27,8.7139e+08,,rsv_vol_1_50_23_230=0,rsv_vol_6_50_23_230=-115.323,rsv_vol_21_50_23_230=0,rsv_vol_28_50_23_230=0,rsv_vol_37_50_23_230=1.29822,rsv_vol_63_50_23_230=8882.42,rsv_vol_65_50_23_230=0,rsv_vol_67_50_23_230=6594.82,sddp_alpha_0_22=1000
o,22,1,sddp_ecut_0_22_45_28,2.25306e+08,,rsv_vol_1_50_22_220=0,rsv_vol_6_50_22_220=0.3573,rsv_vol_21_50_22_220=0,rsv_vol_28_50_22_220=0,rsv_vol_37_50_22_220=0.483474,rsv_vol_63_50_22_220=7.80866,rsv_vol_65_50_22_220=-16.6852,rsv_vol_67_50_22_220=2751.78,sddp_alpha_0_21=1000
o,21,1,sddp_ecut_0_21_45_29,1.97243e+08,,rsv_vol_1_50_21_210=0,rsv_vol_6_50_21_210=0.327868,rsv_vol_21_50_21_210=0,rsv_vol_28_50_21_210=0,rsv_vol_37_50_21_210=0.353737,rsv_vol_63_50_21_210=7.20799,rsv_vol_65_50_21_210=-16.6852,rsv_vol_67_50_21_210=1323.9,sddp_alpha_0_20=1000
o,20,1,sddp_ecut_0_20_45_30,2.24944e+08,,rsv_vol_1_50_20_200=0,rsv_vol_6_50_20_200=0.396313,rsv_vol_21_50_20_200=0,rsv_vol_28_50_20_200=0,rsv_vol_37_50_20_200=0.345962,rsv_vol_63_50_20_200=6.00666,rsv_vol_65_50_20_200=-50.0555,rsv_vol_67_50_20_200=1140.36,sddp_alpha_0_19=1000
o,19,1,sddp_ecut_0_19_45_31,1.9615e+08,,rsv_vol_1_50_19_190=0,rsv_vol_6_50_19_190=0.358616,rsv_vol_21_50_19_190=0,rsv_vol_28_50_19_190=0,rsv_vol_37_50_19_190=0.248175,rsv_vol_63_50_19_190=7.20799,rsv_vol_65_50_19_190=-50.0555,rsv_vol_67_50_19_190=392.776,sddp_alpha_0_18=1000
o,18,1,sddp_ecut_0_18_45_32,2.4088e+08,,rsv_vol_1_50_18_180=0,rsv_vol_6_50_18_180=0.402678,rsv_vol_21_50_18_180=0,rsv_vol_28_50_18_180=0,rsv_vol_37_50_18_180=0.414202,rsv_vol_63_50_18_180=7.26547,rsv_vol_65_50_18_180=-50.4547,rsv_vol_67_50_18_180=2041.26,sddp_alpha_0_17=1000
o,17,1,sddp_ecut_0_17_45_33,2.42099e+08,,rsv_vol_1_50_17_170=0,rsv_vol_6_50_17_170=0.412814,rsv_vol_21_50_17_170=0,rsv_vol_28_50_17_170=0,rsv_vol_37_50_17_170=0.503725,rsv_vol_63_50_17_170=7.26547,rsv_vol_65_50_17_170=-33.6364,rsv_vol_67_50_17_170=1572.26,sddp_alpha_0_16=1000
o,16,1,sddp_ecut_0_16_45_34,2.42624e+08,,rsv_vol_1_50_16_160=0,rsv_vol_6_50_16_160=0.418494,rsv_vol_21_50_16_160=0,rsv_vol_28_50_16_160=0,rsv_vol_37_50_16_160=0.488897,rsv_vol_63_50_16_160=6.66001,rsv_vol_65_50_16_160=0,rsv_vol_67_50_16_160=3249.37,sddp_alpha_0_15=1000
o,15,1,sddp_ecut_0_15_45_35,2.12073e+08,,rsv_vol_1_50_15_150=0,rsv_vol_6_50_15_150=0.375323,rsv_vol_21_50_15_150=0,rsv_vol_28_50_15_150=0,rsv_vol_37_50_15_150=0.336979,rsv_vol_63_50_15_150=4.23819,rsv_vol_65_50_15_150=-16.8182,rsv_vol_67_50_15_150=772.609,sddp_alpha_0_14=1000
o,14,1,sddp_ecut_0_14_45_36,2.51893e+08,,rsv_vol_1_50_14_140=0,rsv_vol_6_50_14_140=0.486347,rsv_vol_21_50_14_140=0,rsv_vol_28_50_14_140=0,rsv_vol_37_50_14_140=0.585543,rsv_vol_63_50_14_140=4.88227,rsv_vol_65_50_14_140=-16.9523,rsv_vol_67_50_14_140=5388.82,sddp_alpha_0_13=1000
o,13,1,sddp_ecut_0_13_45_37,2.17886e+08,,rsv_vol_1_50_13_130=0,rsv_vol_6_50_13_130=0.381142,rsv_vol_21_50_13_130=0,rsv_vol_28_50_13_130=0,rsv_vol_37_50_13_130=0.384669,rsv_vol_63_50_13_130=3.05446,rsv_vol_65_50_13_130=-16.9523,rsv_vol_67_50_13_130=1364.34,sddp_alpha_0_12=1000
o,12,1,sddp_ecut_0_12_45_38,2.49692e+08,,rsv_vol_1_50_12_120=0,rsv_vol_6_50_12_120=0.463542,rsv_vol_21_50_12_120=0,rsv_vol_28_50_12_120=0,rsv_vol_37_50_12_120=0.569366,rsv_vol_63_50_12_120=3.66341,rsv_vol_65_50_12_120=-33.9046,rsv_vol_67_50_12_120=4862.43,sddp_alpha_0_11=1000
o,11,1,sddp_ecut_0_11_45_39,2.19629e+08,,rsv_vol_1_50_11_110=0,rsv_vol_6_50_11_110=0.422289,rsv_vol_21_50_11_110=0,rsv_vol_28_50_11_110=0,rsv_vol_37_50_11_110=0.549519,rsv_vol_63_50_11_110=1.22057,rsv_vol_65_50_11_110=0,rsv_vol_67_50_11_110=1867.99,sddp_alpha_0_10=1000
o,10,1,sddp_ecut_0_10_45_40,2.60918e+08,,rsv_vol_1_50_10_100=0,rsv_vol_6_50_10_100=0.460434,rsv_vol_21_50_10_100=0,rsv_vol_28_50_10_100=0,rsv_vol_37_50_10_100=0.520056,rsv_vol_63_50_10_100=1.2303,rsv_vol_65_50_10_100=-34.175,rsv_vol_67_50_10_100=2725.03,sddp_alpha_0_9=1000
o,9,1,sddp_ecut_0_9_45_41,2.6257e+08,,rsv_vol_1_50_9_90=0,rsv_vol_6_50_9_90=0.471838,rsv_vol_21_50_9_90=0,rsv_vol_28_50_9_90=0,rsv_vol_37_50_9_90=0.533764,rsv_vol_63_50_9_90=0,rsv_vol_65_50_9_90=-17.0875,rsv_vol_67_50_9_90=2030.46,sddp_alpha_0_8=1000
o,8,1,sddp_ecut_0_8_45_42,2.63448e+08,,rsv_vol_1_50_8_80=0,rsv_vol_6_50_8_80=0.479546,rsv_vol_21_50_8_80=0,rsv_vol_28_50_8_80=0,rsv_vol_37_50_8_80=0.774691,rsv_vol_63_50_8_80=0.00579216,rsv_vol_65_50_8_80=-17.0875,rsv_vol_67_50_8_80=4295.42,sddp_alpha_0_7=1000
o,7,1,sddp_ecut_0_7_45_43,2.31658e+08,,rsv_vol_1_50_7_70=0,rsv_vol_6_50_7_70=0.434487,rsv_vol_21_50_7_70=0,rsv_vol_28_50_7_70=0,rsv_vol_37_50_7_70=0.680909,rsv_vol_63_50_7_70=0.00517157,rsv_vol_65_50_7_70=-17.0875,rsv_vol_67_50_7_70=3123.81,sddp_alpha_0_6=1000
o,6,1,sddp_ecut_0_6_45_44,2.81814e+08,,rsv_vol_1_50_6_60=0,rsv_vol_6_50_6_60=0.528607,rsv_vol_21_50_6_60=0,rsv_vol_28_50_6_60=0,rsv_vol_37_50_6_60=0.936707,rsv_vol_63_50_6_60=0.00757034,rsv_vol_65_50_6_60=0,rsv_vol_67_50_6_60=5943.57,sddp_alpha_0_5=1000
o,5,1,sddp_ecut_0_5_45_45,2.81885e+08,,rsv_vol_1_50_5_50=0,rsv_vol_6_50_5_50=0.554327,rsv_vol_21_50_5_50=0,rsv_vol_28_50_5_50=0,rsv_vol_37_50_5_50=0.73746,rsv_vol_63_50_5_50=0.00649041,rsv_vol_65_50_5_50=0,rsv_vol_67_50_5_50=4823.92,sddp_alpha_0_4=1000
o,4,1,sddp_ecut_0_4_45_46,2.83267e+08,,rsv_vol_1_50_4_40=0,rsv_vol_6_50_4_40=0.554263,rsv_vol_21_50_4_40=0,rsv_vol_28_50_4_40=0,rsv_vol_37_50_4_40=0.812836,rsv_vol_63_50_4_40=0,rsv_vol_65_50_4_40=0,rsv_vol_67_50_4_40=2573.44,sddp_alpha_0_3=1000
o,3,1,sddp_ecut_0_3_45_47,2.50811e+08,,rsv_vol_1_50_3_30=0,rsv_vol_6_50_3_30=0.545396,rsv_vol_21_50_3_30=0,rsv_vol_28_50_3_30=0,rsv_vol_37_50_3_30=0.744395,rsv_vol_63_50_3_30=0,rsv_vol_65_50_3_30=-34.4475,rsv_vol_67_50_3_30=2830.48,sddp_alpha_0_2=1000
o,2,1,sddp_ecut_0_2_45_48,2.25338e+08,,rsv_vol_1_50_2_20=0,rsv_vol_6_50_2_20=0.707866,rsv_vol_21_50_2_20=0,rsv_vol_28_50_2_20=0,rsv_vol_37_50_2_20=0.488828,rsv_vol_63_50_2_20=0,rsv_vol_65_50_2_20=-69.4444,rsv_vol_67_50_2_20=6213.54,sddp_alpha_0_1=1000
o,1,1,sddp_ecut_0_1_45_49,2.65508e+08,,rsv_vol_1_50_1_10=0,rsv_vol_6_50_1_10=0.843154,rsv_vol_21_50_1_10=0,rsv_vol_28_50_1_10=0,rsv_vol_37_50_1_10=0.507562,rsv_vol_63_50_1_10=0,rsv_vol_65_50_1_10=-17.3611,rsv_vol_67_50_1_10=9920.79,sddp_alpha_0_0=1000
o,50,1,sddp_ecut_0_50_46_0,7.4197e+08,,rsv_vol_1_50_50_500=0,rsv_vol_6_50_50_500=1.94792,rsv_vol_21_50_50_500=0,rsv_vol_28_50_50_500=0,rsv_vol_37_50_50_500=2.90475,rsv_vol_63_50_50_500=9343.02,rsv_vol_65_50_50_500=35009.8,rsv_vol_67_50_50_500=15127.2,sddp_alpha_0_49=1000
o,49,1,sddp_ecut_0_49_46_1,5.94245e+08,,rsv_vol_1_50_49_490=0,rsv_vol_6_50_49_490=-12.3816,rsv_vol_21_50_49_490=0,rsv_vol_28_50_49_490=0,rsv_vol_37_50_49_490=1.87958,rsv_vol_63_50_49_490=8418.64,rsv_vol_65_50_49_490=0,rsv_vol_67_50_49_490=14416.9,sddp_alpha_0_48=1000
o,48,1,sddp_ecut_0_48_46_2,6.5112e+08,,rsv_vol_1_50_48_480=0,rsv_vol_6_50_48_480=-26.4146,rsv_vol_21_50_48_480=0,rsv_vol_28_50_48_480=0,rsv_vol_37_50_48_480=2.43005,rsv_vol_63_50_48_480=7621.99,rsv_vol_65_50_48_480=0,rsv_vol_67_50_48_480=13639.3,sddp_alpha_0_47=1000
o,47,1,sddp_ecut_0_47_46_3,6.4186e+08,,rsv_vol_1_50_47_470=0,rsv_vol_6_50_47_470=-95.2668,rsv_vol_21_50_47_470=0,rsv_vol_28_50_47_470=0,rsv_vol_37_50_47_470=1.45394,rsv_vol_63_50_47_470=7678.17,rsv_vol_65_50_47_470=0,rsv_vol_67_50_47_470=9022.1,sddp_alpha_0_46=1000
o,46,1,sddp_ecut_0_46_46_4,6.21959e+08,,rsv_vol_1_50_46_460=0,rsv_vol_6_50_46_460=-123.55,rsv_vol_21_50_46_460=0,rsv_vol_28_50_46_460=0,rsv_vol_37_50_46_460=1.76338,rsv_vol_63_50_46_460=7622.2,rsv_vol_65_50_46_460=0,rsv_vol_67_50_46_460=6941.93,sddp_alpha_0_45=1000
o,45,1,sddp_ecut_0_45_46_5,6.87401e+08,,rsv_vol_1_50_45_450=0,rsv_vol_6_50_45_450=0.839902,rsv_vol_21_50_45_450=0,rsv_vol_28_50_45_450=0,rsv_vol_37_50_45_450=2.51234,rsv_vol_63_50_45_450=7123.3,rsv_vol_65_50_45_450=0,rsv_vol_67_50_45_450=11127.6,sddp_alpha_0_44=1000
o,44,1,sddp_ecut_0_44_46_6,6.90026e+08,,rsv_vol_1_50_44_440=0,rsv_vol_6_50_44_440=1.09349,rsv_vol_21_50_44_440=0,rsv_vol_28_50_44_440=0,rsv_vol_37_50_44_440=2.27898,rsv_vol_63_50_44_440=7545.16,rsv_vol_65_50_44_440=-28.0204,rsv_vol_67_50_44_440=10508.2,sddp_alpha_0_43=1000
o,43,1,sddp_ecut_0_43_46_7,7.71882e+08,,rsv_vol_1_50_43_430=0,rsv_vol_6_50_43_430=1.45338,rsv_vol_21_50_43_430=0,rsv_vol_28_50_43_430=0,rsv_vol_37_50_43_430=2.45561,rsv_vol_63_50_43_430=6525.85,rsv_vol_65_50_43_430=-28.2438,rsv_vol_67_50_43_430=12635.8,sddp_alpha_0_42=1000
o,42,1,sddp_ecut_0_42_46_8,8.26884e+08,,rsv_vol_1_50_42_420=0,rsv_vol_6_50_42_420=2.01369,rsv_vol_21_50_42_420=0,rsv_vol_28_50_42_420=0,rsv_vol_37_50_42_420=3.00551,rsv_vol_63_50_42_420=8883.06,rsv_vol_65_50_42_420=-14.2345,rsv_vol_67_50_42_420=14733.5,sddp_alpha_0_41=1000
o,41,1,sddp_ecut_0_41_46_9,8.32332e+08,,rsv_vol_1_50_41_410=0,rsv_vol_6_50_41_410=1.89132,rsv_vol_21_50_41_410=0,rsv_vol_28_50_41_410=0,rsv_vol_37_50_41_410=2.95122,rsv_vol_63_50_41_410=6677.09,rsv_vol_65_50_41_410=4962.15,rsv_vol_67_50_41_410=11700.4,sddp_alpha_0_40=1000
o,40,1,sddp_ecut_0_40_46_10,8.47719e+08,,rsv_vol_1_50_40_400=0,rsv_vol_6_50_40_400=2.03587,rsv_vol_21_50_40_400=0,rsv_vol_28_50_40_400=0,rsv_vol_37_50_40_400=4.35808,rsv_vol_63_50_40_400=8532.25,rsv_vol_65_50_40_400=4695.37,rsv_vol_67_50_40_400=14517.1,sddp_alpha_0_39=1000
o,39,1,sddp_ecut_0_39_46_11,7.73673e+08,,rsv_vol_1_50_39_390=0,rsv_vol_6_50_39_390=1.80547,rsv_vol_21_50_39_390=0,rsv_vol_28_50_39_390=0,rsv_vol_37_50_39_390=3.81567,rsv_vol_63_50_39_390=8647.2,rsv_vol_65_50_39_390=4663.56,rsv_vol_67_50_39_390=15042.9,sddp_alpha_0_38=1000
o,38,1,sddp_ecut_0_38_46_12,7.79346e+08,,rsv_vol_1_50_38_380=0,rsv_vol_6_50_38_380=-12.7532,rsv_vol_21_50_38_380=0,rsv_vol_28_50_38_380=0,rsv_vol_37_50_38_380=2.83015,rsv_vol_63_50_38_380=9549.15,rsv_vol_65_50_38_380=12661.7,rsv_vol_67_50_38_380=-235.104,sddp_alpha_0_37=1000
o,37,1,sddp_ecut_0_37_46_13,6.45813e+08,,rsv_vol_1_50_37_370=0,rsv_vol_6_50_37_370=-13.6252,rsv_vol_21_50_37_370=0,rsv_vol_28_50_37_370=0,rsv_vol_37_50_37_370=2.23528,rsv_vol_63_50_37_370=9443.88,rsv_vol_65_50_37_370=0,rsv_vol_67_50_37_370=15930,sddp_alpha_0_36=1000
o,36,1,sddp_ecut_0_36_46_14,7.0939e+08,,rsv_vol_1_50_36_360=0,rsv_vol_6_50_36_360=-29.2047,rsv_vol_21_50_36_360=0,rsv_vol_28_50_36_360=0,rsv_vol_37_50_36_360=2.77566,rsv_vol_63_50_36_360=9090.91,rsv_vol_65_50_36_360=0,rsv_vol_67_50_36_360=15229.1,sddp_alpha_0_35=1000
o,35,1,sddp_ecut_0_35_46_15,7.38236e+08,,rsv_vol_1_50_35_350=0,rsv_vol_6_50_35_350=-105.102,rsv_vol_21_50_35_350=0,rsv_vol_28_50_35_350=0,rsv_vol_37_50_35_350=0.693072,rsv_vol_63_50_35_350=8573.34,rsv_vol_65_50_35_350=0,rsv_vol_67_50_35_350=3253.05,sddp_alpha_0_34=1000
o,34,1,sddp_ecut_0_34_46_16,7.15841e+08,,rsv_vol_1_50_34_340=0,rsv_vol_6_50_34_340=-29.8209,rsv_vol_21_50_34_340=0,rsv_vol_28_50_34_340=0,rsv_vol_37_50_34_340=1.1029,rsv_vol_63_50_34_340=9189.82,rsv_vol_65_50_34_340=0,rsv_vol_67_50_34_340=1639.13,sddp_alpha_0_33=1000
o,33,1,sddp_ecut_0_33_46_17,7.85711e+08,,rsv_vol_1_50_33_330=0,rsv_vol_6_50_33_330=1.41522,rsv_vol_21_50_33_330=0,rsv_vol_28_50_33_330=0,rsv_vol_37_50_33_330=2.15555,rsv_vol_63_50_33_330=7432.22,rsv_vol_65_50_33_330=0,rsv_vol_67_50_33_330=7990.96,sddp_alpha_0_32=1000
o,32,1,sddp_ecut_0_32_46_18,7.86227e+08,,rsv_vol_1_50_32_320=0,rsv_vol_6_50_32_320=1.50884,rsv_vol_21_50_32_320=0,rsv_vol_28_50_32_320=0,rsv_vol_37_50_32_320=1.93903,rsv_vol_63_50_32_320=4402.97,rsv_vol_65_50_32_320=0,rsv_vol_67_50_32_320=8573.67,sddp_alpha_0_31=1000
o,31,1,sddp_ecut_0_31_46_19,8.80882e+08,,rsv_vol_1_50_31_310=0,rsv_vol_6_50_31_310=1.86777,rsv_vol_21_50_31_310=0,rsv_vol_28_50_31_310=0,rsv_vol_37_50_31_310=2.48662,rsv_vol_63_50_31_310=1807.29,rsv_vol_65_50_31_310=-15.5341,rsv_vol_67_50_31_310=12724.6,sddp_alpha_0_30=1000
o,30,1,sddp_ecut_0_30_46_20,9.50338e+08,,rsv_vol_1_50_30_300=0,rsv_vol_6_50_30_300=2.42933,rsv_vol_21_50_30_300=0,rsv_vol_28_50_30_300=0,rsv_vol_37_50_30_300=3.57529,rsv_vol_63_50_30_300=8717.49,rsv_vol_65_50_30_300=-31.3159,rsv_vol_67_50_30_300=16476.2,sddp_alpha_0_29=1000
o,29,1,sddp_ecut_0_29_46_21,9.75418e+08,,rsv_vol_1_50_29_290=0,rsv_vol_6_50_29_290=3.07721,rsv_vol_21_50_29_290=0,rsv_vol_28_50_29_290=0,rsv_vol_37_50_29_290=2.22383,rsv_vol_63_50_29_290=8648.77,rsv_vol_65_50_29_290=15585.7,rsv_vol_67_50_29_290=3619.72,sddp_alpha_0_28=1000
o,28,1,sddp_ecut_0_28_46_22,1.03339e+09,,rsv_vol_1_50_28_280=0,rsv_vol_6_50_28_280=3.41761,rsv_vol_21_50_28_280=0,rsv_vol_28_50_28_280=0,rsv_vol_37_50_28_280=6.63199,rsv_vol_63_50_28_280=10199,rsv_vol_65_50_28_280=23688.4,rsv_vol_67_50_28_280=1852.15,sddp_alpha_0_27=1000
o,27,1,sddp_ecut_0_27_46_23,9.23448e+08,,rsv_vol_1_50_27_270=0,rsv_vol_6_50_27_270=-30.9372,rsv_vol_21_50_27_270=0,rsv_vol_28_50_27_270=0,rsv_vol_37_50_27_270=1.23183,rsv_vol_63_50_27_270=9289.17,rsv_vol_65_50_27_270=4392.88,rsv_vol_67_50_27_270=-256.569,sddp_alpha_0_26=1000
o,26,1,sddp_ecut_0_26_46_24,9.38607e+08,,rsv_vol_1_50_26_260=0,rsv_vol_6_50_26_260=-47.1974,rsv_vol_21_50_26_260=0,rsv_vol_28_50_26_260=0,rsv_vol_37_50_26_260=5.18722,rsv_vol_63_50_26_260=10361.7,rsv_vol_65_50_26_260=0,rsv_vol_67_50_26_260=17207.8,sddp_alpha_0_25=1000
o,25,1,sddp_ecut_0_25_46_25,8.2928e+08,,rsv_vol_1_50_25_250=0,rsv_vol_6_50_25_250=-63.968,rsv_vol_21_50_25_250=0,rsv_vol_28_50_25_250=0,rsv_vol_37_50_25_250=4.78176,rsv_vol_63_50_25_250=11019,rsv_vol_65_50_25_250=0,rsv_vol_67_50_25_250=18631.8,sddp_alpha_0_24=1000
o,24,1,sddp_ecut_0_24_46_26,9.00769e+08,,rsv_vol_1_50_24_240=0,rsv_vol_6_50_24_240=-146.75,rsv_vol_21_50_24_240=0,rsv_vol_28_50_24_240=0,rsv_vol_37_50_24_240=3.85428,rsv_vol_63_50_24_240=10337,rsv_vol_65_50_24_240=0,rsv_vol_67_50_24_240=17158.7,sddp_alpha_0_23=1000
o,23,1,sddp_ecut_0_23_46_27,8.7139e+08,,rsv_vol_1_50_23_230=0,rsv_vol_6_50_23_230=-115.323,rsv_vol_21_50_23_230=0,rsv_vol_28_50_23_230=0,rsv_vol_37_50_23_230=1.29822,rsv_vol_63_50_23_230=8882.42,rsv_vol_65_50_23_230=0,rsv_vol_67_50_23_230=6594.82,sddp_alpha_0_22=1000
o,22,1,sddp_ecut_0_22_46_28,2.25306e+08,,rsv_vol_1_50_22_220=0,rsv_vol_6_50_22_220=0.3573,rsv_vol_21_50_22_220=0,rsv_vol_28_50_22_220=0,rsv_vol_37_50_22_220=0.483474,rsv_vol_63_50_22_220=7.80866,rsv_vol_65_50_22_220=-16.6852,rsv_vol_67_50_22_220=2751.78,sddp_alpha_0_21=1000
o,21,1,sddp_ecut_0_21_46_29,1.97243e+08,,rsv_vol_1_50_21_210=0,rsv_vol_6_50_21_210=0.327868,rsv_vol_21_50_21_210=0,rsv_vol_28_50_21_210=0,rsv_vol_37_50_21_210=0.353737,rsv_vol_63_50_21_210=7.20799,rsv_vol_65_50_21_210=-16.6852,rsv_vol_67_50_21_210=1323.9,sddp_alpha_0_20=1000
o,20,1,sddp_ecut_0_20_46_30,2.24944e+08,,rsv_vol_1_50_20_200=0,rsv_vol_6_50_20_200=0.396313,rsv_vol_21_50_20_200=0,rsv_vol_28_50_20_200=0,rsv_vol_37_50_20_200=0.345962,rsv_vol_63_50_20_200=6.00666,rsv_vol_65_50_20_200=-50.0555,rsv_vol_67_50_20_200=1140.36,sddp_alpha_0_19=1000
o,19,1,sddp_ecut_0_19_46_31,1.9615e+08,,rsv_vol_1_50_19_190=0,rsv_vol_6_50_19_190=0.358616,rsv_vol_21_50_19_190=0,rsv_vol_28_50_19_190=0,rsv_vol_37_50_19_190=0.248175,rsv_vol_63_50_19_190=7.20799,rsv_vol_65_50_19_190=-50.0555,rsv_vol_67_50_19_190=392.776,sddp_alpha_0_18=1000
o,18,1,sddp_ecut_0_18_46_32,2.4088e+08,,rsv_vol_1_50_18_180=0,rsv_vol_6_50_18_180=0.402678,rsv_vol_21_50_18_180=0,rsv_vol_28_50_18_180=0,rsv_vol_37_50_18_180=0.414202,rsv_vol_63_50_18_180=7.26547,rsv_vol_65_50_18_180=-50.4547,rsv_vol_67_50_18_180=2041.26,sddp_alpha_0_17=1000
o,17,1,sddp_ecut_0_17_46_33,2.42099e+08,,rsv_vol_1_50_17_170=0,rsv_vol_6_50_17_170=0.412814,rsv_vol_21_50_17_170=0,rsv_vol_28_50_17_170=0,rsv_vol_37_50_17_170=0.503725,rsv_vol_63_50_17_170=7.26547,rsv_vol_65_50_17_170=-33.6364,rsv_vol_67_50_17_170=1572.26,sddp_alpha_0_16=1000
o,16,1,sddp_ecut_0_16_46_34,2.42624e+08,,rsv_vol_1_50_16_160=0,rsv_vol_6_50_16_160=0.418494,rsv_vol_21_50_16_160=0,rsv_vol_28_50_16_160=0,rsv_vol_37_50_16_160=0.488897,rsv_vol_63_50_16_160=6.66001,rsv_vol_65_50_16_160=0,rsv_vol_67_50_16_160=3249.37,sddp_alpha_0_15=1000
o,15,1,sddp_ecut_0_15_46_35,2.12073e+08,,rsv_vol_1_50_15_150=0,rsv_vol_6_50_15_150=0.375323,rsv_vol_21_50_15_150=0,rsv_vol_28_50_15_150=0,rsv_vol_37_50_15_150=0.336979,rsv_vol_63_50_15_150=4.23819,rsv_vol_65_50_15_150=-16.8182,rsv_vol_67_50_15_150=772.609,sddp_alpha_0_14=1000
o,14,1,sddp_ecut_0_14_46_36,2.51893e+08,,rsv_vol_1_50_14_140=0,rsv_vol_6_50_14_140=0.486347,rsv_vol_21_50_14_140=0,rsv_vol_28_50_14_140=0,rsv_vol_37_50_14_140=0.585543,rsv_vol_63_50_14_140=4.88227,rsv_vol_65_50_14_140=-16.9523,rsv_vol_67_50_14_140=5388.82,sddp_alpha_0_13=1000
o,13,1,sddp_ecut_0_13_46_37,2.17886e+08,,rsv_vol_1_50_13_130=0,rsv_vol_6_50_13_130=0.381142,rsv_vol_21_50_13_130=0,rsv_vol_28_50_13_130=0,rsv_vol_37_50_13_130=0.384669,rsv_vol_63_50_13_130=3.05447,rsv_vol_65_50_13_130=-16.9523,rsv_vol_67_50_13_130=1364.34,sddp_alpha_0_12=1000
o,12,1,sddp_ecut_0_12_46_38,2.49692e+08,,rsv_vol_1_50_12_120=0,rsv_vol_6_50_12_120=0.463542,rsv_vol_21_50_12_120=0,rsv_vol_28_50_12_120=0,rsv_vol_37_50_12_120=0.569366,rsv_vol_63_50_12_120=3.66341,rsv_vol_65_50_12_120=-33.9046,rsv_vol_67_50_12_120=4862.43,sddp_alpha_0_11=1000
o,11,1,sddp_ecut_0_11_46_39,2.19629e+08,,rsv_vol_1_50_11_110=0,rsv_vol_6_50_11_110=0.422289,rsv_vol_21_50_11_110=0,rsv_vol_28_50_11_110=0,rsv_vol_37_50_11_110=0.549519,rsv_vol_63_50_11_110=1.22057,rsv_vol_65_50_11_110=0,rsv_vol_67_50_11_110=1867.99,sddp_alpha_0_10=1000
o,10,1,sddp_ecut_0_10_46_40,2.60918e+08,,rsv_vol_1_50_10_100=0,rsv_vol_6_50_10_100=0.460434,rsv_vol_21_50_10_100=0,rsv_vol_28_50_10_100=0,rsv_vol_37_50_10_100=0.520056,rsv_vol_63_50_10_100=1.2303,rsv_vol_65_50_10_100=-34.175,rsv_vol_67_50_10_100=2725.03,sddp_alpha_0_9=1000
o,9,1,sddp_ecut_0_9_46_41,2.6257e+08,,rsv_vol_1_50_9_90=0,rsv_vol_6_50_9_90=0.471838,rsv_vol_21_50_9_90=0,rsv_vol_28_50_9_90=0,rsv_vol_37_50_9_90=0.533764,rsv_vol_63_50_9_90=0,rsv_vol_65_50_9_90=-17.0875,rsv_vol_67_50_9_90=2030.46,sddp_alpha_0_8=1000
o,8,1,sddp_ecut_0_8_46_42,2.63448e+08,,rsv_vol_1_50_8_80=0,rsv_vol_6_50_8_80=0.479546,rsv_vol_21_50_8_80=0,rsv_vol_28_50_8_80=0,rsv_vol_37_50_8_80=0.774691,rsv_vol_63_50_8_80=0.00579216,rsv_vol_65_50_8_80=-17.0875,rsv_vol_67_50_8_80=4295.42,sddp_alpha_0_7=1000
o,7,1,sddp_ecut_0_7_46_43,2.31658e+08,,rsv_vol_1_50_7_70=0,rsv_vol_6_50_7_70=0.434487,rsv_vol_21_50_7_70=0,rsv_vol_28_50_7_70=0,rsv_vol_37_50_7_70=0.680909,rsv_vol_63_50_7_70=0.00517157,rsv_vol_65_50_7_70=-17.0875,rsv_vol_67_50_7_70=3123.81,sddp_alpha_0_6=1000
o,6,1,sddp_ecut_0_6_46_44,2.81814e+08,,rsv_vol_1_50_6_60=0,rsv_vol_6_50_6_60=0.528607,rsv_vol_21_50_6_60=0,rsv_vol_28_50_6_60=0,rsv_vol_37_50_6_60=0.936707,rsv_vol_63_50_6_60=0.00756529,rsv_vol_65_50_6_60=0,rsv_vol_67_50_6_60=5943.57,sddp_alpha_0_5=1000
o,5,1,sddp_ecut_0_5_46_45,2.81885e+08,,rsv_vol_1_50_5_50=0,rsv_vol_6_50_5_50=0.554327,rsv_vol_21_50_5_50=0,rsv_vol_28_50_5_50=0,rsv_vol_37_50_5_50=0.73746,rsv_vol_63_50_5_50=0.00649041,rsv_vol_65_50_5_50=0,rsv_vol_67_50_5_50=4823.92,sddp_alpha_0_4=1000
o,4,1,sddp_ecut_0_4_46_46,2.83267e+08,,rsv_vol_1_50_4_40=0,rsv_vol_6_50_4_40=0.554263,rsv_vol_21_50_4_40=0,rsv_vol_28_50_4_40=0,rsv_vol_37_50_4_40=0.812836,rsv_vol_63_50_4_40=0,rsv_vol_65_50_4_40=0,rsv_vol_67_50_4_40=2573.44,sddp_alpha_0_3=1000
o,3,1,sddp_ecut_0_3_46_47,2.50811e+08,,rsv_vol_1_50_3_30=0,rsv_vol_6_50_3_30=0.545396,rsv_vol_21_50_3_30=0,rsv_vol_28_50_3_30=0,rsv_vol_37_50_3_30=0.744395,rsv_vol_63_50_3_30=0,rsv_vol_65_50_3_30=-34.4475,rsv_vol_67_50_3_30=2830.48,sddp_alpha_0_2=1000
o,2,1,sddp_ecut_0_2_46_48,2.25338e+08,,rsv_vol_1_50_2_20=0,rsv_vol_6_50_2_20=0.707866,rsv_vol_21_50_2_20=0,rsv_vol_28_50_2_20=0,rsv_vol_37_50_2_20=0.488828,rsv_vol_63_50_2_20=0,rsv_vol_65_50_2_20=-69.4444,rsv_vol_67_50_2_20=6213.54,sddp_alpha_0_1=1000
o,1,1,sddp_ecut_0_1_46_49,2.65508e+08,,rsv_vol_1_50_1_10=0,rsv_vol_6_50_1_10=0.843154,rsv_vol_21_50_1_10=0,rsv_vol_28_50_1_10=0,rsv_vol_37_50_1_10=0.507562,rsv_vol_63_50_1_10=0,rsv_vol_65_50_1_10=-17.3611,rsv_vol_67_50_1_10=9920.79,sddp_alpha_0_0=1000
o,50,1,sddp_ecut_0_50_47_0,7.4197e+08,,rsv_vol_1_50_50_500=0,rsv_vol_6_50_50_500=1.94792,rsv_vol_21_50_50_500=0,rsv_vol_28_50_50_500=0,rsv_vol_37_50_50_500=2.90475,rsv_vol_63_50_50_500=9343.02,rsv_vol_65_50_50_500=35009.8,rsv_vol_67_50_50_500=15127.2,sddp_alpha_0_49=1000
o,49,1,sddp_ecut_0_49_47_1,5.94245e+08,,rsv_vol_1_50_49_490=0,rsv_vol_6_50_49_490=-12.3816,rsv_vol_21_50_49_490=0,rsv_vol_28_50_49_490=0,rsv_vol_37_50_49_490=1.87958,rsv_vol_63_50_49_490=8418.64,rsv_vol_65_50_49_490=0,rsv_vol_67_50_49_490=14416.9,sddp_alpha_0_48=1000
o,48,1,sddp_ecut_0_48_47_2,6.5112e+08,,rsv_vol_1_50_48_480=0,rsv_vol_6_50_48_480=-26.4146,rsv_vol_21_50_48_480=0,rsv_vol_28_50_48_480=0,rsv_vol_37_50_48_480=2.43005,rsv_vol_63_50_48_480=7621.99,rsv_vol_65_50_48_480=0,rsv_vol_67_50_48_480=13639.3,sddp_alpha_0_47=1000
o,47,1,sddp_ecut_0_47_47_3,6.4186e+08,,rsv_vol_1_50_47_470=0,rsv_vol_6_50_47_470=-95.2668,rsv_vol_21_50_47_470=0,rsv_vol_28_50_47_470=0,rsv_vol_37_50_47_470=1.45394,rsv_vol_63_50_47_470=7678.17,rsv_vol_65_50_47_470=0,rsv_vol_67_50_47_470=9022.1,sddp_alpha_0_46=1000
o,46,1,sddp_ecut_0_46_47_4,6.21959e+08,,rsv_vol_1_50_46_460=0,rsv_vol_6_50_46_460=-123.55,rsv_vol_21_50_46_460=0,rsv_vol_28_50_46_460=0,rsv_vol_37_50_46_460=1.76338,rsv_vol_63_50_46_460=7622.2,rsv_vol_65_50_46_460=0,rsv_vol_67_50_46_460=6941.93,sddp_alpha_0_45=1000
o,45,1,sddp_ecut_0_45_47_5,6.87401e+08,,rsv_vol_1_50_45_450=0,rsv_vol_6_50_45_450=0.839902,rsv_vol_21_50_45_450=0,rsv_vol_28_50_45_450=0,rsv_vol_37_50_45_450=2.51234,rsv_vol_63_50_45_450=7123.3,rsv_vol_65_50_45_450=0,rsv_vol_67_50_45_450=11127.6,sddp_alpha_0_44=1000
o,44,1,sddp_ecut_0_44_47_6,6.90026e+08,,rsv_vol_1_50_44_440=0,rsv_vol_6_50_44_440=1.09349,rsv_vol_21_50_44_440=0,rsv_vol_28_50_44_440=0,rsv_vol_37_50_44_440=2.27898,rsv_vol_63_50_44_440=7545.16,rsv_vol_65_50_44_440=-28.0204,rsv_vol_67_50_44_440=10508.2,sddp_alpha_0_43=1000
o,43,1,sddp_ecut_0_43_47_7,7.71882e+08,,rsv_vol_1_50_43_430=0,rsv_vol_6_50_43_430=1.45338,rsv_vol_21_50_43_430=0,rsv_vol_28_50_43_430=0,rsv_vol_37_50_43_430=2.45561,rsv_vol_63_50_43_430=6525.85,rsv_vol_65_50_43_430=-28.2438,rsv_vol_67_50_43_430=12635.8,sddp_alpha_0_42=1000
o,42,1,sddp_ecut_0_42_47_8,8.26884e+08,,rsv_vol_1_50_42_420=0,rsv_vol_6_50_42_420=2.01369,rsv_vol_21_50_42_420=0,rsv_vol_28_50_42_420=0,rsv_vol_37_50_42_420=3.00551,rsv_vol_63_50_42_420=8883.06,rsv_vol_65_50_42_420=-14.2345,rsv_vol_67_50_42_420=14733.5,sddp_alpha_0_41=1000
o,41,1,sddp_ecut_0_41_47_9,8.32332e+08,,rsv_vol_1_50_41_410=0,rsv_vol_6_50_41_410=1.89132,rsv_vol_21_50_41_410=0,rsv_vol_28_50_41_410=0,rsv_vol_37_50_41_410=2.95122,rsv_vol_63_50_41_410=6677.09,rsv_vol_65_50_41_410=4962.15,rsv_vol_67_50_41_410=11700.4,sddp_alpha_0_40=1000
o,40,1,sddp_ecut_0_40_47_10,8.47719e+08,,rsv_vol_1_50_40_400=0,rsv_vol_6_50_40_400=2.03587,rsv_vol_21_50_40_400=0,rsv_vol_28_50_40_400=0,rsv_vol_37_50_40_400=4.35808,rsv_vol_63_50_40_400=8532.25,rsv_vol_65_50_40_400=4695.37,rsv_vol_67_50_40_400=14517.1,sddp_alpha_0_39=1000
o,39,1,sddp_ecut_0_39_47_11,7.73673e+08,,rsv_vol_1_50_39_390=0,rsv_vol_6_50_39_390=1.80547,rsv_vol_21_50_39_390=0,rsv_vol_28_50_39_390=0,rsv_vol_37_50_39_390=3.81567,rsv_vol_63_50_39_390=8647.2,rsv_vol_65_50_39_390=4663.56,rsv_vol_67_50_39_390=15042.9,sddp_alpha_0_38=1000
o,38,1,sddp_ecut_0_38_47_12,7.79346e+08,,rsv_vol_1_50_38_380=0,rsv_vol_6_50_38_380=-12.7532,rsv_vol_21_50_38_380=0,rsv_vol_28_50_38_380=0,rsv_vol_37_50_38_380=2.83015,rsv_vol_63_50_38_380=9549.15,rsv_vol_65_50_38_380=12661.7,rsv_vol_67_50_38_380=-235.104,sddp_alpha_0_37=1000
o,37,1,sddp_ecut_0_37_47_13,6.45813e+08,,rsv_vol_1_50_37_370=0,rsv_vol_6_50_37_370=-13.6252,rsv_vol_21_50_37_370=0,rsv_vol_28_50_37_370=0,rsv_vol_37_50_37_370=2.23528,rsv_vol_63_50_37_370=9443.88,rsv_vol_65_50_37_370=0,rsv_vol_67_50_37_370=15930,sddp_alpha_0_36=1000
o,36,1,sddp_ecut_0_36_47_14,7.0939e+08,,rsv_vol_1_50_36_360=0,rsv_vol_6_50_36_360=-29.2047,rsv_vol_21_50_36_360=0,rsv_vol_28_50_36_360=0,rsv_vol_37_50_36_360=2.77566,rsv_vol_63_50_36_360=9090.91,rsv_vol_65_50_36_360=0,rsv_vol_67_50_36_360=15229.1,sddp_alpha_0_35=1000
o,35,1,sddp_ecut_0_35_47_15,7.38236e+08,,rsv_vol_1_50_35_350=0,rsv_vol_6_50_35_350=-105.102,rsv_vol_21_50_35_350=0,rsv_vol_28_50_35_350=0,rsv_vol_37_50_35_350=0.693072,rsv_vol_63_50_35_350=8573.34,rsv_vol_65_50_35_350=0,rsv_vol_67_50_35_350=3253.05,sddp_alpha_0_34=1000
o,34,1,sddp_ecut_0_34_47_16,7.15841e+08,,rsv_vol_1_50_34_340=0,rsv_vol_6_50_34_340=-29.8209,rsv_vol_21_50_34_340=0,rsv_vol_28_50_34_340=0,rsv_vol_37_50_34_340=1.1029,rsv_vol_63_50_34_340=9189.82,rsv_vol_65_50_34_340=0,rsv_vol_67_50_34_340=1639.13,sddp_alpha_0_33=1000
o,33,1,sddp_ecut_0_33_47_17,7.85711e+08,,rsv_vol_1_50_33_330=0,rsv_vol_6_50_33_330=1.41522,rsv_vol_21_50_33_330=0,rsv_vol_28_50_33_330=0,rsv_vol_37_50_33_330=2.15555,rsv_vol_63_50_33_330=7432.22,rsv_vol_65_50_33_330=0,rsv_vol_67_50_33_330=7990.96,sddp_alpha_0_32=1000
o,32,1,sddp_ecut_0_32_47_18,7.86227e+08,,rsv_vol_1_50_32_320=0,rsv_vol_6_50_32_320=1.50884,rsv_vol_21_50_32_320=0,rsv_vol_28_50_32_320=0,rsv_vol_37_50_32_320=1.93903,rsv_vol_63_50_32_320=4402.97,rsv_vol_65_50_32_320=0,rsv_vol_67_50_32_320=8573.67,sddp_alpha_0_31=1000
o,31,1,sddp_ecut_0_31_47_19,8.80882e+08,,rsv_vol_1_50_31_310=0,rsv_vol_6_50_31_310=1.86777,rsv_vol_21_50_31_310=0,rsv_vol_28_50_31_310=0,rsv_vol_37_50_31_310=2.48662,rsv_vol_63_50_31_310=1807.29,rsv_vol_65_50_31_310=-15.5341,rsv_vol_67_50_31_310=12724.6,sddp_alpha_0_30=1000
o,30,1,sddp_ecut_0_30_47_20,9.50338e+08,,rsv_vol_1_50_30_300=0,rsv_vol_6_50_30_300=2.42933,rsv_vol_21_50_30_300=0,rsv_vol_28_50_30_300=0,rsv_vol_37_50_30_300=3.57529,rsv_vol_63_50_30_300=8717.49,rsv_vol_65_50_30_300=-31.3159,rsv_vol_67_50_30_300=16476.2,sddp_alpha_0_29=1000
o,29,1,sddp_ecut_0_29_47_21,9.75418e+08,,rsv_vol_1_50_29_290=0,rsv_vol_6_50_29_290=3.07721,rsv_vol_21_50_29_290=0,rsv_vol_28_50_29_290=0,rsv_vol_37_50_29_290=2.22383,rsv_vol_63_50_29_290=8648.77,rsv_vol_65_50_29_290=15585.7,rsv_vol_67_50_29_290=3619.72,sddp_alpha_0_28=1000
o,28,1,sddp_ecut_0_28_47_22,1.03339e+09,,rsv_vol_1_50_28_280=0,rsv_vol_6_50_28_280=3.41761,rsv_vol_21_50_28_280=0,rsv_vol_28_50_28_280=0,rsv_vol_37_50_28_280=6.63199,rsv_vol_63_50_28_280=10199,rsv_vol_65_50_28_280=23688.4,rsv_vol_67_50_28_280=1852.15,sddp_alpha_0_27=1000
o,27,1,sddp_ecut_0_27_47_23,9.23448e+08,,rsv_vol_1_50_27_270=0,rsv_vol_6_50_27_270=-30.9372,rsv_vol_21_50_27_270=0,rsv_vol_28_50_27_270=0,rsv_vol_37_50_27_270=1.23183,rsv_vol_63_50_27_270=9289.17,rsv_vol_65_50_27_270=4392.88,rsv_vol_67_50_27_270=-256.569,sddp_alpha_0_26=1000
o,26,1,sddp_ecut_0_26_47_24,9.38607e+08,,rsv_vol_1_50_26_260=0,rsv_vol_6_50_26_260=-47.1974,rsv_vol_21_50_26_260=0,rsv_vol_28_50_26_260=0,rsv_vol_37_50_26_260=5.18722,rsv_vol_63_50_26_260=10361.7,rsv_vol_65_50_26_260=0,rsv_vol_67_50_26_260=17207.8,sddp_alpha_0_25=1000
o,25,1,sddp_ecut_0_25_47_25,8.2928e+08,,rsv_vol_1_50_25_250=0,rsv_vol_6_50_25_250=-63.968,rsv_vol_21_50_25_250=0,rsv_vol_28_50_25_250=0,rsv_vol_37_50_25_250=4.78176,rsv_vol_63_50_25_250=11019,rsv_vol_65_50_25_250=0,rsv_vol_67_50_25_250=18631.8,sddp_alpha_0_24=1000
o,24,1,sddp_ecut_0_24_47_26,9.00769e+08,,rsv_vol_1_50_24_240=0,rsv_vol_6_50_24_240=-146.75,rsv_vol_21_50_24_240=0,rsv_vol_28_50_24_240=0,rsv_vol_37_50_24_240=3.85428,rsv_vol_63_50_24_240=10337,rsv_vol_65_50_24_240=0,rsv_vol_67_50_24_240=17158.7,sddp_alpha_0_23=1000
o,23,1,sddp_ecut_0_23_47_27,8.7139e+08,,rsv_vol_1_50_23_230=0,rsv_vol_6_50_23_230=-115.323,rsv_vol_21_50_23_230=0,rsv_vol_28_50_23_230=0,rsv_vol_37_50_23_230=1.29822,rsv_vol_63_50_23_230=8882.42,rsv_vol_65_50_23_230=0,rsv_vol_67_50_23_230=6594.82,sddp_alpha_0_22=1000
o,22,1,sddp_ecut_0_22_47_28,2.25306e+08,,rsv_vol_1_50_22_220=0,rsv_vol_6_50_22_220=0.3573,rsv_vol_21_50_22_220=0,rsv_vol_28_50_22_220=0,rsv_vol_37_50_22_220=0.483474,rsv_vol_63_50_22_220=7.80866,rsv_vol_65_50_22_220=-16.6852,rsv_vol_67_50_22_220=2751.78,sddp_alpha_0_21=1000
o,21,1,sddp_ecut_0_21_47_29,1.97243e+08,,rsv_vol_1_50_21_210=0,rsv_vol_6_50_21_210=0.327868,rsv_vol_21_50_21_210=0,rsv_vol_28_50_21_210=0,rsv_vol_37_50_21_210=0.353737,rsv_vol_63_50_21_210=7.20799,rsv_vol_65_50_21_210=-16.6852,rsv_vol_67_50_21_210=1323.9,sddp_alpha_0_20=1000
o,20,1,sddp_ecut_0_20_47_30,2.24944e+08,,rsv_vol_1_50_20_200=0,rsv_vol_6_50_20_200=0.396313,rsv_vol_21_50_20_200=0,rsv_vol_28_50_20_200=0,rsv_vol_37_50_20_200=0.345962,rsv_vol_63_50_20_200=6.00666,rsv_vol_65_50_20_200=-50.0555,rsv_vol_67_50_20_200=1140.36,sddp_alpha_0_19=1000
o,19,1,sddp_ecut_0_19_47_31,1.9615e+08,,rsv_vol_1_50_19_190=0,rsv_vol_6_50_19_190=0.358616,rsv_vol_21_50_19_190=0,rsv_vol_28_50_19_190=0,rsv_vol_37_50_19_190=0.248175,rsv_vol_63_50_19_190=7.20799,rsv_vol_65_50_19_190=-50.0555,rsv_vol_67_50_19_190=392.776,sddp_alpha_0_18=1000
o,18,1,sddp_ecut_0_18_47_32,2.4088e+08,,rsv_vol_1_50_18_180=0,rsv_vol_6_50_18_180=0.402678,rsv_vol_21_50_18_180=0,rsv_vol_28_50_18_180=0,rsv_vol_37_50_18_180=0.414202,rsv_vol_63_50_18_180=7.26547,rsv_vol_65_50_18_180=-50.4547,rsv_vol_67_50_18_180=2041.26,sddp_alpha_0_17=1000
o,17,1,sddp_ecut_0_17_47_33,2.42099e+08,,rsv_vol_1_50_17_170=0,rsv_vol_6_50_17_170=0.412814,rsv_vol_21_50_17_170=0,rsv_vol_28_50_17_170=0,rsv_vol_37_50_17_170=0.503725,rsv_vol_63_50_17_170=7.26547,rsv_vol_65_50_17_170=-33.6364,rsv_vol_67_50_17_170=1572.26,sddp_alpha_0_16=1000
o,16,1,sddp_ecut_0_16_47_34,2.42624e+08,,rsv_vol_1_50_16_160=0,rsv_vol_6_50_16_160=0.418494,rsv_vol_21_50_16_160=0,rsv_vol_28_50_16_160=0,rsv_vol_37_50_16_160=0.488897,rsv_vol_63_50_16_160=6.66001,rsv_vol_65_50_16_160=0,rsv_vol_67_50_16_160=3249.37,sddp_alpha_0_15=1000
o,15,1,sddp_ecut_0_15_47_35,2.12073e+08,,rsv_vol_1_50_15_150=0,rsv_vol_6_50_15_150=0.375323,rsv_vol_21_50_15_150=0,rsv_vol_28_50_15_150=0,rsv_vol_37_50_15_150=0.336979,rsv_vol_63_50_15_150=4.23819,rsv_vol_65_50_15_150=-16.8182,rsv_vol_67_50_15_150=772.609,sddp_alpha_0_14=1000
o,14,1,sddp_ecut_0_14_47_36,2.51893e+08,,rsv_vol_1_50_14_140=0,rsv_vol_6_50_14_140=0.486347,rsv_vol_21_50_14_140=0,rsv_vol_28_50_14_140=0,rsv_vol_37_50_14_140=0.585543,rsv_vol_63_50_14_140=4.88227,rsv_vol_65_50_14_140=-16.9523,rsv_vol_67_50_14_140=5388.82,sddp_alpha_0_13=1000
o,13,1,sddp_ecut_0_13_47_37,2.17886e+08,,rsv_vol_1_50_13_130=0,rsv_vol_6_50_13_130=0.381142,rsv_vol_21_50_13_130=0,rsv_vol_28_50_13_130=0,rsv_vol_37_50_13_130=0.384669,rsv_vol_63_50_13_130=3.05446,rsv_vol_65_50_13_130=-16.9523,rsv_vol_67_50_13_130=1364.34,sddp_alpha_0_12=1000
o,12,1,sddp_ecut_0_12_47_38,2.49692e+08,,rsv_vol_1_50_12_120=0,rsv_vol_6_50_12_120=0.463542,rsv_vol_21_50_12_120=0,rsv_vol_28_50_12_120=0,rsv_vol_37_50_12_120=0.569366,rsv_vol_63_50_12_120=3.66342,rsv_vol_65_50_12_120=-33.9046,rsv_vol_67_50_12_120=4862.43,sddp_alpha_0_11=1000
o,11,1,sddp_ecut_0_11_47_39,2.19629e+08,,rsv_vol_1_50_11_110=0,rsv_vol_6_50_11_110=0.422289,rsv_vol_21_50_11_110=0,rsv_vol_28_50_11_110=0,rsv_vol_37_50_11_110=0.549519,rsv_vol_63_50_11_110=1.22057,rsv_vol_65_50_11_110=0,rsv_vol_67_50_11_110=1867.99,sddp_alpha_0_10=1000
o,10,1,sddp_ecut_0_10_47_40,2.60918e+08,,rsv_vol_1_50_10_100=0,rsv_vol_6_50_10_100=0.460434,rsv_vol_21_50_10_100=0,rsv_vol_28_50_10_100=0,rsv_vol_37_50_10_100=0.520056,rsv_vol_63_50_10_100=1.2303,rsv_vol_65_50_10_100=-34.175,rsv_vol_67_50_10_100=2725.03,sddp_alpha_0_9=1000
o,9,1,sddp_ecut_0_9_47_41,2.6257e+08,,rsv_vol_1_50_9_90=0,rsv_vol_6_50_9_90=0.471838,rsv_vol_21_50_9_90=0,rsv_vol_28_50_9_90=0,rsv_vol_37_50_9_90=0.533764,rsv_vol_63_50_9_90=0,rsv_vol_65_50_9_90=-17.0875,rsv_vol_67_50_9_90=2030.46,sddp_alpha_0_8=1000
o,8,1,sddp_ecut_0_8_47_42,2.63448e+08,,rsv_vol_1_50_8_80=0,rsv_vol_6_50_8_80=0.479546,rsv_vol_21_50_8_80=0,rsv_vol_28_50_8_80=0,rsv_vol_37_50_8_80=0.774691,rsv_vol_63_50_8_80=0.00579216,rsv_vol_65_50_8_80=-17.0875,rsv_vol_67_50_8_80=4295.42,sddp_alpha_0_7=1000
o,7,1,sddp_ecut_0_7_47_43,2.31658e+08,,rsv_vol_1_50_7_70=0,rsv_vol_6_50_7_70=0.434487,rsv_vol_21_50_7_70=0,rsv_vol_28_50_7_70=0,rsv_vol_37_50_7_70=0.680909,rsv_vol_63_50_7_70=0.00517157,rsv_vol_65_50_7_70=-17.0875,rsv_vol_67_50_7_70=3123.81,sddp_alpha_0_6=1000
o,6,1,sddp_ecut_0_6_47_44,2.81814e+08,,rsv_vol_1_50_6_60=0,rsv_vol_6_50_6_60=0.528607,rsv_vol_21_50_6_60=0,rsv_vol_28_50_6_60=0,rsv_vol_37_50_6_60=0.936707,rsv_vol_63_50_6_60=0.00756529,rsv_vol_65_50_6_60=0,rsv_vol_67_50_6_60=5943.57,sddp_alpha_0_5=1000
o,5,1,sddp_ecut_0_5_47_45,2.81885e+08,,rsv_vol_1_50_5_50=0,rsv_vol_6_50_5_50=0.554327,rsv_vol_21_50_5_50=0,rsv_vol_28_50_5_50=0,rsv_vol_37_50_5_50=0.73746,rsv_vol_63_50_5_50=0.00649041,rsv_vol_65_50_5_50=0,rsv_vol_67_50_5_50=4823.92,sddp_alpha_0_4=1000
o,4,1,sddp_ecut_0_4_47_46,2.83267e+08,,rsv_vol_1_50_4_40=0,rsv_vol_6_50_4_40=0.554263,rsv_vol_21_50_4_40=0,rsv_vol_28_50_4_40=0,rsv_vol_37_50_4_40=0.812836,rsv_vol_63_50_4_40=0,rsv_vol_65_50_4_40=0,rsv_vol_67_50_4_40=2573.44,sddp_alpha_0_3=1000
o,3,1,sddp_ecut_0_3_47_47,2.50811e+08,,rsv_vol_1_50_3_30=0,rsv_vol_6_50_3_30=0.545396,rsv_vol_21_50_3_30=0,rsv_vol_28_50_3_30=0,rsv_vol_37_50_3_30=0.744395,rsv_vol_63_50_3_30=0,rsv_vol_65_50_3_30=-34.4475,rsv_vol_67_50_3_30=2830.48,sddp_alpha_0_2=1000
o,2,1,sddp_ecut_0_2_47_48,2.25338e+08,,rsv_vol_1_50_2_20=0,rsv_vol_6_50_2_20=0.707866,rsv_vol_21_50_2_20=0,rsv_vol_28_50_2_20=0,rsv_vol_37_50_2_20=0.488828,rsv_vol_63_50_2_20=0,rsv_vol_65_50_2_20=-69.4444,rsv_vol_67_50_2_20=6213.54,sddp_alpha_0_1=1000
o,1,1,sddp_ecut_0_1_47_49,2.65508e+08,,rsv_vol_1_50_1_10=0,rsv_vol_6_50_1_10=0.843154,rsv_vol_21_50_1_10=0,rsv_vol_28_50_1_10=0,rsv_vol_37_50_1_10=0.507562,rsv_vol_63_50_1_10=0,rsv_vol_65_50_1_10=-17.3611,rsv_vol_67_50_1_10=9920.79,sddp_alpha_0_0=1000
o,50,1,sddp_ecut_0_50_48_0,7.4197e+08,,rsv_vol_1_50_50_500=0,rsv_vol_6_50_50_500=1.94792,rsv_vol_21_50_50_500=0,rsv_vol_28_50_50_500=0,rsv_vol_37_50_50_500=2.90475,rsv_vol_63_50_50_500=9343.02,rsv_vol_65_50_50_500=35009.8,rsv_vol_67_50_50_500=15127.2,sddp_alpha_0_49=1000
o,49,1,sddp_ecut_0_49_48_1,5.94245e+08,,rsv_vol_1_50_49_490=0,rsv_vol_6_50_49_490=-12.3816,rsv_vol_21_50_49_490=0,rsv_vol_28_50_49_490=0,rsv_vol_37_50_49_490=1.87958,rsv_vol_63_50_49_490=8418.64,rsv_vol_65_50_49_490=0,rsv_vol_67_50_49_490=14416.9,sddp_alpha_0_48=1000
o,48,1,sddp_ecut_0_48_48_2,6.5112e+08,,rsv_vol_1_50_48_480=0,rsv_vol_6_50_48_480=-26.4146,rsv_vol_21_50_48_480=0,rsv_vol_28_50_48_480=0,rsv_vol_37_50_48_480=2.43005,rsv_vol_63_50_48_480=7621.99,rsv_vol_65_50_48_480=0,rsv_vol_67_50_48_480=13639.3,sddp_alpha_0_47=1000
o,47,1,sddp_ecut_0_47_48_3,6.4186e+08,,rsv_vol_1_50_47_470=0,rsv_vol_6_50_47_470=-95.2668,rsv_vol_21_50_47_470=0,rsv_vol_28_50_47_470=0,rsv_vol_37_50_47_470=1.45394,rsv_vol_63_50_47_470=7678.17,rsv_vol_65_50_47_470=0,rsv_vol_67_50_47_470=9022.1,sddp_alpha_0_46=1000
o,46,1,sddp_ecut_0_46_48_4,6.21959e+08,,rsv_vol_1_50_46_460=0,rsv_vol_6_50_46_460=-123.55,rsv_vol_21_50_46_460=0,rsv_vol_28_50_46_460=0,rsv_vol_37_50_46_460=1.76338,rsv_vol_63_50_46_460=7622.2,rsv_vol_65_50_46_460=0,rsv_vol_67_50_46_460=6941.93,sddp_alpha_0_45=1000
o,45,1,sddp_ecut_0_45_48_5,6.87401e+08,,rsv_vol_1_50_45_450=0,rsv_vol_6_50_45_450=0.839902,rsv_vol_21_50_45_450=0,rsv_vol_28_50_45_450=0,rsv_vol_37_50_45_450=2.51234,rsv_vol_63_50_45_450=7123.3,rsv_vol_65_50_45_450=0,rsv_vol_67_50_45_450=11127.6,sddp_alpha_0_44=1000
o,44,1,sddp_ecut_0_44_48_6,6.90026e+08,,rsv_vol_1_50_44_440=0,rsv_vol_6_50_44_440=1.09349,rsv_vol_21_50_44_440=0,rsv_vol_28_50_44_440=0,rsv_vol_37_50_44_440=2.27898,rsv_vol_63_50_44_440=7545.16,rsv_vol_65_50_44_440=-28.0204,rsv_vol_67_50_44_440=10508.2,sddp_alpha_0_43=1000
o,43,1,sddp_ecut_0_43_48_7,7.71882e+08,,rsv_vol_1_50_43_430=0,rsv_vol_6_50_43_430=1.45338,rsv_vol_21_50_43_430=0,rsv_vol_28_50_43_430=0,rsv_vol_37_50_43_430=2.45561,rsv_vol_63_50_43_430=6525.85,rsv_vol_65_50_43_430=-28.2438,rsv_vol_67_50_43_430=12635.8,sddp_alpha_0_42=1000
o,42,1,sddp_ecut_0_42_48_8,8.26884e+08,,rsv_vol_1_50_42_420=0,rsv_vol_6_50_42_420=2.01369,rsv_vol_21_50_42_420=0,rsv_vol_28_50_42_420=0,rsv_vol_37_50_42_420=3.00551,rsv_vol_63_50_42_420=8883.06,rsv_vol_65_50_42_420=-14.2345,rsv_vol_67_50_42_420=14733.5,sddp_alpha_0_41=1000
o,41,1,sddp_ecut_0_41_48_9,8.32332e+08,,rsv_vol_1_50_41_410=0,rsv_vol_6_50_41_410=1.89132,rsv_vol_21_50_41_410=0,rsv_vol_28_50_41_410=0,rsv_vol_37_50_41_410=2.95122,rsv_vol_63_50_41_410=6677.09,rsv_vol_65_50_41_410=4962.15,rsv_vol_67_50_41_410=11700.4,sddp_alpha_0_40=1000
o,40,1,sddp_ecut_0_40_48_10,8.47719e+08,,rsv_vol_1_50_40_400=0,rsv_vol_6_50_40_400=2.03587,rsv_vol_21_50_40_400=0,rsv_vol_28_50_40_400=0,rsv_vol_37_50_40_400=4.35808,rsv_vol_63_50_40_400=8532.25,rsv_vol_65_50_40_400=4695.37,rsv_vol_67_50_40_400=14517.1,sddp_alpha_0_39=1000
o,39,1,sddp_ecut_0_39_48_11,7.73673e+08,,rsv_vol_1_50_39_390=0,rsv_vol_6_50_39_390=1.80547,rsv_vol_21_50_39_390=0,rsv_vol_28_50_39_390=0,rsv_vol_37_50_39_390=3.81567,rsv_vol_63_50_39_390=8647.2,rsv_vol_65_50_39_390=4663.56,rsv_vol_67_50_39_390=15042.9,sddp_alpha_0_38=1000
o,38,1,sddp_ecut_0_38_48_12,7.79346e+08,,rsv_vol_1_50_38_380=0,rsv_vol_6_50_38_380=-12.7532,rsv_vol_21_50_38_380=0,rsv_vol_28_50_38_380=0,rsv_vol_37_50_38_380=2.83015,rsv_vol_63_50_38_380=9549.15,rsv_vol_65_50_38_380=12661.7,rsv_vol_67_50_38_380=-235.104,sddp_alpha_0_37=1000
o,37,1,sddp_ecut_0_37_48_13,6.45813e+08,,rsv_vol_1_50_37_370=0,rsv_vol_6_50_37_370=-13.6252,rsv_vol_21_50_37_370=0,rsv_vol_28_50_37_370=0,rsv_vol_37_50_37_370=2.23528,rsv_vol_63_50_37_370=9443.88,rsv_vol_65_50_37_370=0,rsv_vol_67_50_37_370=15930,sddp_alpha_0_36=1000
o,36,1,sddp_ecut_0_36_48_14,7.0939e+08,,rsv_vol_1_50_36_360=0,rsv_vol_6_50_36_360=-29.2047,rsv_vol_21_50_36_360=0,rsv_vol_28_50_36_360=0,rsv_vol_37_50_36_360=2.77566,rsv_vol_63_50_36_360=9090.91,rsv_vol_65_50_36_360=0,rsv_vol_67_50_36_360=15229.1,sddp_alpha_0_35=1000
o,35,1,sddp_ecut_0_35_48_15,7.38236e+08,,rsv_vol_1_50_35_350=0,rsv_vol_6_50_35_350=-105.102,rsv_vol_21_50_35_350=0,rsv_vol_28_50_35_350=0,rsv_vol_37_50_35_350=0.693072,rsv_vol_63_50_35_350=8573.34,rsv_vol_65_50_35_350=0,rsv_vol_67_50_35_350=3253.05,sddp_alpha_0_34=1000
o,34,1,sddp_ecut_0_34_48_16,7.15841e+08,,rsv_vol_1_50_34_340=0,rsv_vol_6_50_34_340=-29.8209,rsv_vol_21_50_34_340=0,rsv_vol_28_50_34_340=0,rsv_vol_37_50_34_340=1.1029,rsv_vol_63_50_34_340=9189.82,rsv_vol_65_50_34_340=0,rsv_vol_67_50_34_340=1639.13,sddp_alpha_0_33=1000
o,33,1,sddp_ecut_0_33_48_17,7.85711e+08,,rsv_vol_1_50_33_330=0,rsv_vol_6_50_33_330=1.41522,rsv_vol_21_50_33_330=0,rsv_vol_28_50_33_330=0,rsv_vol_37_50_33_330=2.15555,rsv_vol_63_50_33_330=7432.22,rsv_vol_65_50_33_330=0,rsv_vol_67_50_33_330=7990.96,sddp_alpha_0_32=1000
o,32,1,sddp_ecut_0_32_48_18,7.86227e+08,,rsv_vol_1_50_32_320=0,rsv_vol_6_50_32_320=1.50884,rsv_vol_21_50_32_320=0,rsv_vol_28_50_32_320=0,rsv_vol_37_50_32_320=1.93903,rsv_vol_63_50_32_320=4402.97,rsv_vol_65_50_32_320=0,rsv_vol_67_50_32_320=8573.67,sddp_alpha_0_31=1000
o,31,1,sddp_ecut_0_31_48_19,8.80882e+08,,rsv_vol_1_50_31_310=0,rsv_vol_6_50_31_310=1.86777,rsv_vol_21_50_31_310=0,rsv_vol_28_50_31_310=0,rsv_vol_37_50_31_310=2.48662,rsv_vol_63_50_31_310=1807.29,rsv_vol_65_50_31_310=-15.5341,rsv_vol_67_50_31_310=12724.6,sddp_alpha_0_30=1000
o,30,1,sddp_ecut_0_30_48_20,9.50338e+08,,rsv_vol_1_50_30_300=0,rsv_vol_6_50_30_300=2.42933,rsv_vol_21_50_30_300=0,rsv_vol_28_50_30_300=0,rsv_vol_37_50_30_300=3.57529,rsv_vol_63_50_30_300=8717.49,rsv_vol_65_50_30_300=-31.3159,rsv_vol_67_50_30_300=16476.2,sddp_alpha_0_29=1000
o,29,1,sddp_ecut_0_29_48_21,9.75418e+08,,rsv_vol_1_50_29_290=0,rsv_vol_6_50_29_290=3.07721,rsv_vol_21_50_29_290=0,rsv_vol_28_50_29_290=0,rsv_vol_37_50_29_290=2.22383,rsv_vol_63_50_29_290=8648.77,rsv_vol_65_50_29_290=15585.7,rsv_vol_67_50_29_290=3619.72,sddp_alpha_0_28=1000
o,28,1,sddp_ecut_0_28_48_22,1.03339e+09,,rsv_vol_1_50_28_280=0,rsv_vol_6_50_28_280=3.41761,rsv_vol_21_50_28_280=0,rsv_vol_28_50_28_280=0,rsv_vol_37_50_28_280=6.63199,rsv_vol_63_50_28_280=10199,rsv_vol_65_50_28_280=23688.4,rsv_vol_67_50_28_280=1852.15,sddp_alpha_0_27=1000
o,27,1,sddp_ecut_0_27_48_23,9.23448e+08,,rsv_vol_1_50_27_270=0,rsv_vol_6_50_27_270=-30.9372,rsv_vol_21_50_27_270=0,rsv_vol_28_50_27_270=0,rsv_vol_37_50_27_270=1.23183,rsv_vol_63_50_27_270=9289.17,rsv_vol_65_50_27_270=4392.88,rsv_vol_67_50_27_270=-256.569,sddp_alpha_0_26=1000
o,26,1,sddp_ecut_0_26_48_24,9.38607e+08,,rsv_vol_1_50_26_260=0,rsv_vol_6_50_26_260=-47.1974,rsv_vol_21_50_26_260=0,rsv_vol_28_50_26_260=0,rsv_vol_37_50_26_260=5.18722,rsv_vol_63_50_26_260=10361.7,rsv_vol_65_50_26_260=0,rsv_vol_67_50_26_260=17207.8,sddp_alpha_0_25=1000
o,25,1,sddp_ecut_0_25_48_25,8.2928e+08,,rsv_vol_1_50_25_250=0,rsv_vol_6_50_25_250=-63.968,rsv_vol_21_50_25_250=0,rsv_vol_28_50_25_250=0,rsv_vol_37_50_25_250=4.78176,rsv_vol_63_50_25_250=11019,rsv_vol_65_50_25_250=0,rsv_vol_67_50_25_250=18631.8,sddp_alpha_0_24=1000
o,24,1,sddp_ecut_0_24_48_26,9.00769e+08,,rsv_vol_1_50_24_240=0,rsv_vol_6_50_24_240=-146.75,rsv_vol_21_50_24_240=0,rsv_vol_28_50_24_240=0,rsv_vol_37_50_24_240=3.85428,rsv_vol_63_50_24_240=10337,rsv_vol_65_50_24_240=0,rsv_vol_67_50_24_240=17158.7,sddp_alpha_0_23=1000
o,23,1,sddp_ecut_0_23_48_27,8.7139e+08,,rsv_vol_1_50_23_230=0,rsv_vol_6_50_23_230=-115.323,rsv_vol_21_50_23_230=0,rsv_vol_28_50_23_230=0,rsv_vol_37_50_23_230=1.29822,rsv_vol_63_50_23_230=8882.42,rsv_vol_65_50_23_230=0,rsv_vol_67_50_23_230=6594.82,sddp_alpha_0_22=1000
o,22,1,sddp_ecut_0_22_48_28,2.25306e+08,,rsv_vol_1_50_22_220=0,rsv_vol_6_50_22_220=0.3573,rsv_vol_21_50_22_220=0,rsv_vol_28_50_22_220=0,rsv_vol_37_50_22_220=0.483474,rsv_vol_63_50_22_220=7.80866,rsv_vol_65_50_22_220=-16.6852,rsv_vol_67_50_22_220=2751.78,sddp_alpha_0_21=1000
o,21,1,sddp_ecut_0_21_48_29,1.97243e+08,,rsv_vol_1_50_21_210=0,rsv_vol_6_50_21_210=0.327868,rsv_vol_21_50_21_210=0,rsv_vol_28_50_21_210=0,rsv_vol_37_50_21_210=0.353737,rsv_vol_63_50_21_210=7.20799,rsv_vol_65_50_21_210=-16.6852,rsv_vol_67_50_21_210=1323.9,sddp_alpha_0_20=1000
o,20,1,sddp_ecut_0_20_48_30,2.24944e+08,,rsv_vol_1_50_20_200=0,rsv_vol_6_50_20_200=0.396313,rsv_vol_21_50_20_200=0,rsv_vol_28_50_20_200=0,rsv_vol_37_50_20_200=0.345962,rsv_vol_63_50_20_200=6.00666,rsv_vol_65_50_20_200=-50.0555,rsv_vol_67_50_20_200=1140.36,sddp_alpha_0_19=1000
o,19,1,sddp_ecut_0_19_48_31,1.9615e+08,,rsv_vol_1_50_19_190=0,rsv_vol_6_50_19_190=0.358616,rsv_vol_21_50_19_190=0,rsv_vol_28_50_19_190=0,rsv_vol_37_50_19_190=0.248175,rsv_vol_63_50_19_190=7.20799,rsv_vol_65_50_19_190=-50.0555,rsv_vol_67_50_19_190=392.776,sddp_alpha_0_18=1000
o,18,1,sddp_ecut_0_18_48_32,2.4088e+08,,rsv_vol_1_50_18_180=0,rsv_vol_6_50_18_180=0.402678,rsv_vol_21_50_18_180=0,rsv_vol_28_50_18_180=0,rsv_vol_37_50_18_180=0.414202,rsv_vol_63_50_18_180=7.26547,rsv_vol_65_50_18_180=-50.4547,rsv_vol_67_50_18_180=2041.26,sddp_alpha_0_17=1000
o,17,1,sddp_ecut_0_17_48_33,2.42099e+08,,rsv_vol_1_50_17_170=0,rsv_vol_6_50_17_170=0.412814,rsv_vol_21_50_17_170=0,rsv_vol_28_50_17_170=0,rsv_vol_37_50_17_170=0.503725,rsv_vol_63_50_17_170=7.26547,rsv_vol_65_50_17_170=-33.6364,rsv_vol_67_50_17_170=1572.26,sddp_alpha_0_16=1000
o,16,1,sddp_ecut_0_16_48_34,2.42624e+08,,rsv_vol_1_50_16_160=0,rsv_vol_6_50_16_160=0.418494,rsv_vol_21_50_16_160=0,rsv_vol_28_50_16_160=0,rsv_vol_37_50_16_160=0.488897,rsv_vol_63_50_16_160=6.66001,rsv_vol_65_50_16_160=0,rsv_vol_67_50_16_160=3249.37,sddp_alpha_0_15=1000
o,15,1,sddp_ecut_0_15_48_35,2.12073e+08,,rsv_vol_1_50_15_150=0,rsv_vol_6_50_15_150=0.375323,rsv_vol_21_50_15_150=0,rsv_vol_28_50_15_150=0,rsv_vol_37_50_15_150=0.336979,rsv_vol_63_50_15_150=4.23819,rsv_vol_65_50_15_150=-16.8182,rsv_vol_67_50_15_150=772.609,sddp_alpha_0_14=1000
o,14,1,sddp_ecut_0_14_48_36,2.51893e+08,,rsv_vol_1_50_14_140=0,rsv_vol_6_50_14_140=0.486347,rsv_vol_21_50_14_140=0,rsv_vol_28_50_14_140=0,rsv_vol_37_50_14_140=0.585543,rsv_vol_63_50_14_140=4.88227,rsv_vol_65_50_14_140=-16.9523,rsv_vol_67_50_14_140=5388.82,sddp_alpha_0_13=1000
o,13,1,sddp_ecut_0_13_48_37,2.17886e+08,,rsv_vol_1_50_13_130=0,rsv_vol_6_50_13_130=0.381142,rsv_vol_21_50_13_130=0,rsv_vol_28_50_13_130=0,rsv_vol_37_50_13_130=0.384669,rsv_vol_63_50_13_130=3.0545,rsv_vol_65_50_13_130=-16.9523,rsv_vol_67_50_13_130=1364.34,sddp_alpha_0_12=1000
o,12,1,sddp_ecut_0_12_48_38,2.49692e+08,,rsv_vol_1_50_12_120=0,rsv_vol_6_50_12_120=0.463542,rsv_vol_21_50_12_120=0,rsv_vol_28_50_12_120=0,rsv_vol_37_50_12_120=0.569366,rsv_vol_63_50_12_120=3.66342,rsv_vol_65_50_12_120=-33.9046,rsv_vol_67_50_12_120=4862.43,sddp_alpha_0_11=1000
o,11,1,sddp_ecut_0_11_48_39,2.19629e+08,,rsv_vol_1_50_11_110=0,rsv_vol_6_50_11_110=0.422289,rsv_vol_21_50_11_110=0,rsv_vol_28_50_11_110=0,rsv_vol_37_50_11_110=0.549519,rsv_vol_63_50_11_110=1.22057,rsv_vol_65_50_11_110=0,rsv_vol_67_50_11_110=1867.99,sddp_alpha_0_10=1000
o,10,1,sddp_ecut_0_10_48_40,2.60918e+08,,rsv_vol_1_50_10_100=0,rsv_vol_6_50_10_100=0.460434,rsv_vol_21_50_10_100=0,rsv_vol_28_50_10_100=0,rsv_vol_37_50_10_100=0.520056,rsv_vol_63_50_10_100=1.2303,rsv_vol_65_50_10_100=-34.175,rsv_vol_67_50_10_100=2725.03,sddp_alpha_0_9=1000
o,9,1,sddp_ecut_0_9_48_41,2.6257e+08,,rsv_vol_1_50_9_90=0,rsv_vol_6_50_9_90=0.471838,rsv_vol_21_50_9_90=0,rsv_vol_28_50_9_90=0,rsv_vol_37_50_9_90=0.533764,rsv_vol_63_50_9_90=0,rsv_vol_65_50_9_90=-17.0875,rsv_vol_67_50_9_90=2030.46,sddp_alpha_0_8=1000
o,8,1,sddp_ecut_0_8_48_42,2.63448e+08,,rsv_vol_1_50_8_80=0,rsv_vol_6_50_8_80=0.479546,rsv_vol_21_50_8_80=0,rsv_vol_28_50_8_80=0,rsv_vol_37_50_8_80=0.774691,rsv_vol_63_50_8_80=0.00579216,rsv_vol_65_50_8_80=-17.0875,rsv_vol_67_50_8_80=4295.42,sddp_alpha_0_7=1000
o,7,1,sddp_ecut_0_7_48_43,2.31658e+08,,rsv_vol_1_50_7_70=0,rsv_vol_6_50_7_70=0.434487,rsv_vol_21_50_7_70=0,rsv_vol_28_50_7_70=0,rsv_vol_37_50_7_70=0.680909,rsv_vol_63_50_7_70=0.00517157,rsv_vol_65_50_7_70=-17.0875,rsv_vol_67_50_7_70=3123.81,sddp_alpha_0_6=1000
o,6,1,sddp_ecut_0_6_48_44,2.81814e+08,,rsv_vol_1_50_6_60=0,rsv_vol_6_50_6_60=0.528607,rsv_vol_21_50_6_60=0,rsv_vol_28_50_6_60=0,rsv_vol_37_50_6_60=0.936707,rsv_vol_63_50_6_60=0.00756529,rsv_vol_65_50_6_60=0,rsv_vol_67_50_6_60=5943.57,sddp_alpha_0_5=1000
o,5,1,sddp_ecut_0_5_48_45,2.81885e+08,,rsv_vol_1_50_5_50=0,rsv_vol_6_50_5_50=0.554327,rsv_vol_21_50_5_50=0,rsv_vol_28_50_5_50=0,rsv_vol_37_50_5_50=0.73746,rsv_vol_63_50_5_50=0.00649041,rsv_vol_65_50_5_50=0,rsv_vol_67_50_5_50=4823.92,sddp_alpha_0_4=1000
o,4,1,sddp_ecut_0_4_48_46,2.83267e+08,,rsv_vol_1_50_4_40=0,rsv_vol_6_50_4_40=0.554263,rsv_vol_21_50_4_40=0,rsv_vol_28_50_4_40=0,rsv_vol_37_50_4_40=0.812836,rsv_vol_63_50_4_40=0,rsv_vol_65_50_4_40=0,rsv_vol_67_50_4_40=2573.44,sddp_alpha_0_3=1000
o,3,1,sddp_ecut_0_3_48_47,2.50811e+08,,rsv_vol_1_50_3_30=0,rsv_vol_6_50_3_30=0.545396,rsv_vol_21_50_3_30=0,rsv_vol_28_50_3_30=0,rsv_vol_37_50_3_30=0.744395,rsv_vol_63_50_3_30=0,rsv_vol_65_50_3_30=-34.4475,rsv_vol_67_50_3_30=2830.48,sddp_alpha_0_2=1000
o,2,1,sddp_ecut_0_2_48_48,2.25338e+08,,rsv_vol_1_50_2_20=0,rsv_vol_6_50_2_20=0.707866,rsv_vol_21_50_2_20=0,rsv_vol_28_50_2_20=0,rsv_vol_37_50_2_20=0.488828,rsv_vol_63_50_2_20=0,rsv_vol_65_50_2_20=-69.4444,rsv_vol_67_50_2_20=6213.54,sddp_alpha_0_1=1000
o,1,1,sddp_ecut_0_1_48_49,2.65508e+08,,rsv_vol_1_50_1_10=0,rsv_vol_6_50_1_10=0.843154,rsv_vol_21_50_1_10=0,rsv_vol_28_50_1_10=0,rsv_vol_37_50_1_10=0.507562,rsv_vol_63_50_1_10=0,rsv_vol_65_50_1_10=-17.3611,rsv_vol_67_50_1_10=9920.79,sddp_alpha_0_0=1000
o,50,1,sddp_ecut_0_50_49_0,7.4197e+08,,rsv_vol_1_50_50_500=0,rsv_vol_6_50_50_500=1.94792,rsv_vol_21_50_50_500=0,rsv_vol_28_50_50_500=0,rsv_vol_37_50_50_500=2.90475,rsv_vol_63_50_50_500=9343.02,rsv_vol_65_50_50_500=35009.8,rsv_vol_67_50_50_500=15127.2,sddp_alpha_0_49=1000
o,49,1,sddp_ecut_0_49_49_1,5.94245e+08,,rsv_vol_1_50_49_490=0,rsv_vol_6_50_49_490=-12.3816,rsv_vol_21_50_49_490=0,rsv_vol_28_50_49_490=0,rsv_vol_37_50_49_490=1.87958,rsv_vol_63_50_49_490=8418.64,rsv_vol_65_50_49_490=0,rsv_vol_67_50_49_490=14416.9,sddp_alpha_0_48=1000
o,48,1,sddp_ecut_0_48_49_2,6.5112e+08,,rsv_vol_1_50_48_480=0,rsv_vol_6_50_48_480=-26.4146,rsv_vol_21_50_48_480=0,rsv_vol_28_50_48_480=0,rsv_vol_37_50_48_480=2.43005,rsv_vol_63_50_48_480=7621.99,rsv_vol_65_50_48_480=0,rsv_vol_67_50_48_480=13639.3,sddp_alpha_0_47=1000
o,47,1,sddp_ecut_0_47_49_3,6.4186e+08,,rsv_vol_1_50_47_470=0,rsv_vol_6_50_47_470=-95.2668,rsv_vol_21_50_47_470=0,rsv_vol_28_50_47_470=0,rsv_vol_37_50_47_470=1.45394,rsv_vol_63_50_47_470=7678.17,rsv_vol_65_50_47_470=0,rsv_vol_67_50_47_470=9022.1,sddp_alpha_0_46=1000
o,46,1,sddp_ecut_0_46_49_4,6.21959e+08,,rsv_vol_1_50_46_460=0,rsv_vol_6_50_46_460=-123.55,rsv_vol_21_50_46_460=0,rsv_vol_28_50_46_460=0,rsv_vol_37_50_46_460=1.76338,rsv_vol_63_50_46_460=7622.2,rsv_vol_65_50_46_460=0,rsv_vol_67_50_46_460=6941.93,sddp_alpha_0_45=1000
o,45,1,sddp_ecut_0_45_49_5,6.87401e+08,,rsv_vol_1_50_45_450=0,rsv_vol_6_50_45_450=0.839902,rsv_vol_21_50_45_450=0,rsv_vol_28_50_45_450=0,rsv_vol_37_50_45_450=2.51234,rsv_vol_63_50_45_450=7123.3,rsv_vol_65_50_45_450=0,rsv_vol_67_50_45_450=11127.6,sddp_alpha_0_44=1000
o,44,1,sddp_ecut_0_44_49_6,6.90026e+08,,rsv_vol_1_50_44_440=0,rsv_vol_6_50_44_440=1.09349,rsv_vol_21_50_44_440=0,rsv_vol_28_50_44_440=0,rsv_vol_37_50_44_440=2.27898,rsv_vol_63_50_44_440=7545.16,rsv_vol_65_50_44_440=-28.0204,rsv_vol_67_50_44_440=10508.2,sddp_alpha_0_43=1000
o,43,1,sddp_ecut_0_43_49_7,7.71882e+08,,rsv_vol_1_50_43_430=0,rsv_vol_6_50_43_430=1.45338,rsv_vol_21_50_43_430=0,rsv_vol_28_50_43_430=0,rsv_vol_37_50_43_430=2.45561,rsv_vol_63_50_43_430=6525.85,rsv_vol_65_50_43_430=-28.2438,rsv_vol_67_50_43_430=12635.8,sddp_alpha_0_42=1000
o,42,1,sddp_ecut_0_42_49_8,8.26884e+08,,rsv_vol_1_50_42_420=0,rsv_vol_6_50_42_420=2.01369,rsv_vol_21_50_42_420=0,rsv_vol_28_50_42_420=0,rsv_vol_37_50_42_420=3.00551,rsv_vol_63_50_42_420=8883.06,rsv_vol_65_50_42_420=-14.2345,rsv_vol_67_50_42_420=14733.5,sddp_alpha_0_41=1000
o,41,1,sddp_ecut_0_41_49_9,8.32332e+08,,rsv_vol_1_50_41_410=0,rsv_vol_6_50_41_410=1.89132,rsv_vol_21_50_41_410=0,rsv_vol_28_50_41_410=0,rsv_vol_37_50_41_410=2.95122,rsv_vol_63_50_41_410=6677.09,rsv_vol_65_50_41_410=4962.15,rsv_vol_67_50_41_410=11700.4,sddp_alpha_0_40=1000
o,40,1,sddp_ecut_0_40_49_10,8.47719e+08,,rsv_vol_1_50_40_400=0,rsv_vol_6_50_40_400=2.03587,rsv_vol_21_50_40_400=0,rsv_vol_28_50_40_400=0,rsv_vol_37_50_40_400=4.35808,rsv_vol_63_50_40_400=8532.25,rsv_vol_65_50_40_400=4695.37,rsv_vol_67_50_40_400=14517.1,sddp_alpha_0_39=1000
o,39,1,sddp_ecut_0_39_49_11,7.73673e+08,,rsv_vol_1_50_39_390=0,rsv_vol_6_50_39_390=1.80547,rsv_vol_21_50_39_390=0,rsv_vol_28_50_39_390=0,rsv_vol_37_50_39_390=3.81567,rsv_vol_63_50_39_390=8647.2,rsv_vol_65_50_39_390=4663.56,rsv_vol_67_50_39_390=15042.9,sddp_alpha_0_38=1000
o,38,1,sddp_ecut_0_38_49_12,7.79346e+08,,rsv_vol_1_50_38_380=0,rsv_vol_6_50_38_380=-12.7532,rsv_vol_21_50_38_380=0,rsv_vol_28_50_38_380=0,rsv_vol_37_50_38_380=2.83015,rsv_vol_63_50_38_380=9549.15,rsv_vol_65_50_38_380=12661.7,rsv_vol_67_50_38_380=-235.104,sddp_alpha_0_37=1000
o,37,1,sddp_ecut_0_37_49_13,6.45813e+08,,rsv_vol_1_50_37_370=0,rsv_vol_6_50_37_370=-13.6252,rsv_vol_21_50_37_370=0,rsv_vol_28_50_37_370=0,rsv_vol_37_50_37_370=2.23528,rsv_vol_63_50_37_370=9443.88,rsv_vol_65_50_37_370=0,rsv_vol_67_50_37_370=15930,sddp_alpha_0_36=1000
o,36,1,sddp_ecut_0_36_49_14,7.0939e+08,,rsv_vol_1_50_36_360=0,rsv_vol_6_50_36_360=-29.2047,rsv_vol_21_50_36_360=0,rsv_vol_28_50_36_360=0,rsv_vol_37_50_36_360=2.77566,rsv_vol_63_50_36_360=9090.91,rsv_vol_65_50_36_360=0,rsv_vol_67_50_36_360=15229.1,sddp_alpha_0_35=1000
o,35,1,sddp_ecut_0_35_49_15,7.38236e+08,,rsv_vol_1_50_35_350=0,rsv_vol_6_50_35_350=-105.102,rsv_vol_21_50_35_350=0,rsv_vol_28_50_35_350=0,rsv_vol_37_50_35_350=0.693072,rsv_vol_63_50_35_350=8573.34,rsv_vol_65_50_35_350=0,rsv_vol_67_50_35_350=3253.05,sddp_alpha_0_34=1000
o,34,1,sddp_ecut_0_34_49_16,7.15841e+08,,rsv_vol_1_50_34_340=0,rsv_vol_6_50_34_340=-29.8209,rsv_vol_21_50_34_340=0,rsv_vol_28_50_34_340=0,rsv_vol_37_50_34_340=1.1029,rsv_vol_63_50_34_340=9189.82,rsv_vol_65_50_34_340=0,rsv_vol_67_50_34_340=1639.13,sddp_alpha_0_33=1000
o,33,1,sddp_ecut_0_33_49_17,7.85711e+08,,rsv_vol_1_50_33_330=0,rsv_vol_6_50_33_330=1.41522,rsv_vol_21_50_33_330=0,rsv_vol_28_50_33_330=0,rsv_vol_37_50_33_330=2.15555,rsv_vol_63_50_33_330=7432.22,rsv_vol_65_50_33_330=0,rsv_vol_67_50_33_330=7990.96,sddp_alpha_0_32=1000
o,32,1,sddp_ecut_0_32_49_18,7.86227e+08,,rsv_vol_1_50_32_320=0,rsv_vol_6_50_32_320=1.50884,rsv_vol_21_50_32_320=0,rsv_vol_28_50_32_320=0,rsv_vol_37_50_32_320=1.93903,rsv_vol_63_50_32_320=4402.97,rsv_vol_65_50_32_320=0,rsv_vol_67_50_32_320=8573.67,sddp_alpha_0_31=1000
o,31,1,sddp_ecut_0_31_49_19,8.80882e+08,,rsv_vol_1_50_31_310=0,rsv_vol_6_50_31_310=1.86777,rsv_vol_21_50_31_310=0,rsv_vol_28_50_31_310=0,rsv_vol_37_50_31_310=2.48662,rsv_vol_63_50_31_310=1807.29,rsv_vol_65_50_31_310=-15.5341,rsv_vol_67_50_31_310=12724.6,sddp_alpha_0_30=1000
o,30,1,sddp_ecut_0_30_49_20,9.50338e+08,,rsv_vol_1_50_30_300=0,rsv_vol_6_50_30_300=2.42933,rsv_vol_21_50_30_300=0,rsv_vol_28_50_30_300=0,rsv_vol_37_50_30_300=3.57529,rsv_vol_63_50_30_300=8717.49,rsv_vol_65_50_30_300=-31.3159,rsv_vol_67_50_30_300=16476.2,sddp_alpha_0_29=1000
o,29,1,sddp_ecut_0_29_49_21,9.75418e+08,,rsv_vol_1_50_29_290=0,rsv_vol_6_50_29_290=3.07721,rsv_vol_21_50_29_290=0,rsv_vol_28_50_29_290=0,rsv_vol_37_50_29_290=2.22383,rsv_vol_63_50_29_290=8648.77,rsv_vol_65_50_29_290=15585.7,rsv_vol_67_50_29_290=3619.72,sddp_alpha_0_28=1000
o,28,1,sddp_ecut_0_28_49_22,1.03339e+09,,rsv_vol_1_50_28_280=0,rsv_vol_6_50_28_280=3.41761,rsv_vol_21_50_28_280=0,rsv_vol_28_50_28_280=0,rsv_vol_37_50_28_280=6.63199,rsv_vol_63_50_28_280=10199,rsv_vol_65_50_28_280=23688.4,rsv_vol_67_50_28_280=1852.15,sddp_alpha_0_27=1000
o,27,1,sddp_ecut_0_27_49_23,9.23448e+08,,rsv_vol_1_50_27_270=0,rsv_vol_6_50_27_270=-30.9372,rsv_vol_21_50_27_270=0,rsv_vol_28_50_27_270=0,rsv_vol_37_50_27_270=1.23183,rsv_vol_63_50_27_270=9289.17,rsv_vol_65_50_27_270=4392.88,rsv_vol_67_50_27_270=-256.569,sddp_alpha_0_26=1000
o,26,1,sddp_ecut_0_26_49_24,9.38607e+08,,rsv_vol_1_50_26_260=0,rsv_vol_6_50_26_260=-47.1974,rsv_vol_21_50_26_260=0,rsv_vol_28_50_26_260=0,rsv_vol_37_50_26_260=5.18722,rsv_vol_63_50_26_260=10361.7,rsv_vol_65_50_26_260=0,rsv_vol_67_50_26_260=17207.8,sddp_alpha_0_25=1000
o,25,1,sddp_ecut_0_25_49_25,8.2928e+08,,rsv_vol_1_50_25_250=0,rsv_vol_6_50_25_250=-63.968,rsv_vol_21_50_25_250=0,rsv_vol_28_50_25_250=0,rsv_vol_37_50_25_250=4.78176,rsv_vol_63_50_25_250=11019,rsv_vol_65_50_25_250=0,rsv_vol_67_50_25_250=18631.8,sddp_alpha_0_24=1000
o,24,1,sddp_ecut_0_24_49_26,9.00769e+08,,rsv_vol_1_50_24_240=0,rsv_vol_6_50_24_240=-146.75,rsv_vol_21_50_24_240=0,rsv_vol_28_50_24_240=0,rsv_vol_37_50_24_240=3.85428,rsv_vol_63_50_24_240=10337,rsv_vol_65_50_24_240=0,rsv_vol_67_50_24_240=17158.7,sddp_alpha_0_23=1000
o,23,1,sddp_ecut_0_23_49_27,8.7139e+08,,rsv_vol_1_50_23_230=0,rsv_vol_6_50_23_230=-115.323,rsv_vol_21_50_23_230=0,rsv_vol_28_50_23_230=0,rsv_vol_37_50_23_230=1.29822,rsv_vol_63_50_23_230=8882.42,rsv_vol_65_50_23_230=0,rsv_vol_67_50_23_230=6594.82,sddp_alpha_0_22=1000
o,22,1,sddp_ecut_0_22_49_28,2.25306e+08,,rsv_vol_1_50_22_220=0,rsv_vol_6_50_22_220=0.3573,rsv_vol_21_50_22_220=0,rsv_vol_28_50_22_220=0,rsv_vol_37_50_22_220=0.483474,rsv_vol_63_50_22_220=7.80866,rsv_vol_65_50_22_220=-16.6852,rsv_vol_67_50_22_220=2751.78,sddp_alpha_0_21=1000
o,21,1,sddp_ecut_0_21_49_29,1.97243e+08,,rsv_vol_1_50_21_210=0,rsv_vol_6_50_21_210=0.327868,rsv_vol_21_50_21_210=0,rsv_vol_28_50_21_210=0,rsv_vol_37_50_21_210=0.353737,rsv_vol_63_50_21_210=7.20799,rsv_vol_65_50_21_210=-16.6852,rsv_vol_67_50_21_210=1323.9,sddp_alpha_0_20=1000
o,20,1,sddp_ecut_0_20_49_30,2.24944e+08,,rsv_vol_1_50_20_200=0,rsv_vol_6_50_20_200=0.396313,rsv_vol_21_50_20_200=0,rsv_vol_28_50_20_200=0,rsv_vol_37_50_20_200=0.345962,rsv_vol_63_50_20_200=6.00666,rsv_vol_65_50_20_200=-50.0555,rsv_vol_67_50_20_200=1140.36,sddp_alpha_0_19=1000
o,19,1,sddp_ecut_0_19_49_31,1.9615e+08,,rsv_vol_1_50_19_190=0,rsv_vol_6_50_19_190=0.358616,rsv_vol_21_50_19_190=0,rsv_vol_28_50_19_190=0,rsv_vol_37_50_19_190=0.248175,rsv_vol_63_50_19_190=7.20799,rsv_vol_65_50_19_190=-50.0555,rsv_vol_67_50_19_190=392.776,sddp_alpha_0_18=1000
o,18,1,sddp_ecut_0_18_49_32,2.4088e+08,,rsv_vol_1_50_18_180=0,rsv_vol_6_50_18_180=0.402678,rsv_vol_21_50_18_180=0,rsv_vol_28_50_18_180=0,rsv_vol_37_50_18_180=0.414202,rsv_vol_63_50_18_180=7.26547,rsv_vol_65_50_18_180=-50.4547,rsv_vol_67_50_18_180=2041.26,sddp_alpha_0_17=1000
o,17,1,sddp_ecut_0_17_49_33,2.42099e+08,,rsv_vol_1_50_17_170=0,rsv_vol_6_50_17_170=0.412814,rsv_vol_21_50_17_170=0,rsv_vol_28_50_17_170=0,rsv_vol_37_50_17_170=0.503725,rsv_vol_63_50_17_170=7.26547,rsv_vol_65_50_17_170=-33.6364,rsv_vol_67_50_17_170=1572.26,sddp_alpha_0_16=1000
o,16,1,sddp_ecut_0_16_49_34,2.42624e+08,,rsv_vol_1_50_16_160=0,rsv_vol_6_50_16_160=0.418494,rsv_vol_21_50_16_160=0,rsv_vol_28_50_16_160=0,rsv_vol_37_50_16_160=0.488897,rsv_vol_63_50_16_160=6.66001,rsv_vol_65_50_16_160=0,rsv_vol_67_50_16_160=3249.37,sddp_alpha_0_15=1000
o,15,1,sddp_ecut_0_15_49_35,2.12073e+08,,rsv_vol_1_50_15_150=0,rsv_vol_6_50_15_150=0.375323,rsv_vol_21_50_15_150=0,rsv_vol_28_50_15_150=0,rsv_vol_37_50_15_150=0.336979,rsv_vol_63_50_15_150=4.23819,rsv_vol_65_50_15_150=-16.8182,rsv_vol_67_50_15_150=772.609,sddp_alpha_0_14=1000
o,14,1,sddp_ecut_0_14_49_36,2.51893e+08,,rsv_vol_1_50_14_140=0,rsv_vol_6_50_14_140=0.486347,rsv_vol_21_50_14_140=0,rsv_vol_28_50_14_140=0,rsv_vol_37_50_14_140=0.585543,rsv_vol_63_50_14_140=4.88227,rsv_vol_65_50_14_140=-16.9523,rsv_vol_67_50_14_140=5388.82,sddp_alpha_0_13=1000
o,13,1,sddp_ecut_0_13_49_37,2.17886e+08,,rsv_vol_1_50_13_130=0,rsv_vol_6_50_13_130=0.381142,rsv_vol_21_50_13_130=0,rsv_vol_28_50_13_130=0,rsv_vol_37_50_13_130=0.384669,rsv_vol_63_50_13_130=3.05443,rsv_vol_65_50_13_130=-16.9523,rsv_vol_67_50_13_130=1364.34,sddp_alpha_0_12=1000
o,12,1,sddp_ecut_0_12_49_38,2.49692e+08,,rsv_vol_1_50_12_120=0,rsv_vol_6_50_12_120=0.463542,rsv_vol_21_50_12_120=0,rsv_vol_28_50_12_120=0,rsv_vol_37_50_12_120=0.569366,rsv_vol_63_50_12_120=3.66343,rsv_vol_65_50_12_120=-33.9046,rsv_vol_67_50_12_120=4862.43,sddp_alpha_0_11=1000
o,11,1,sddp_ecut_0_11_49_39,2.19629e+08,,rsv_vol_1_50_11_110=0,rsv_vol_6_50_11_110=0.422289,rsv_vol_21_50_11_110=0,rsv_vol_28_50_11_110=0,rsv_vol_37_50_11_110=0.549519,rsv_vol_63_50_11_110=1.22057,rsv_vol_65_50_11_110=0,rsv_vol_67_50_11_110=1867.99,sddp_alpha_0_10=1000
o,10,1,sddp_ecut_0_10_49_40,2.60918e+08,,rsv_vol_1_50_10_100=0,rsv_vol_6_50_10_100=0.460434,rsv_vol_21_50_10_100=0,rsv_vol_28_50_10_100=0,rsv_vol_37_50_10_100=0.520056,rsv_vol_63_50_10_100=1.2303,rsv_vol_65_50_10_100=-34.175,rsv_vol_67_50_10_100=2725.03,sddp_alpha_0_9=1000
o,9,1,sddp_ecut_0_9_49_41,2.6257e+08,,rsv_vol_1_50_9_90=0,rsv_vol_6_50_9_90=0.471838,rsv_vol_21_50_9_90=0,rsv_vol_28_50_9_90=0,rsv_vol_37_50_9_90=0.533764,rsv_vol_63_50_9_90=0,rsv_vol_65_50_9_90=-17.0875,rsv_vol_67_50_9_90=2030.46,sddp_alpha_0_8=1000
o,8,1,sddp_ecut_0_8_49_42,2.63448e+08,,rsv_vol_1_50_8_80=0,rsv_vol_6_50_8_80=0.479546,rsv_vol_21_50_8_80=0,rsv_vol_28_50_8_80=0,rsv_vol_37_50_8_80=0.774691,rsv_vol_63_50_8_80=0.00579216,rsv_vol_65_50_8_80=-17.0875,rsv_vol_67_50_8_80=4295.42,sddp_alpha_0_7=1000
o,7,1,sddp_ecut_0_7_49_43,2.31658e+08,,rsv_vol_1_50_7_70=0,rsv_vol_6_50_7_70=0.434487,rsv_vol_21_50_7_70=0,rsv_vol_28_50_7_70=0,rsv_vol_37_50_7_70=0.680909,rsv_vol_63_50_7_70=0.00517157,rsv_vol_65_50_7_70=-17.0875,rsv_vol_67_50_7_70=3123.81,sddp_alpha_0_6=1000
o,6,1,sddp_ecut_0_6_49_44,2.81814e+08,,rsv_vol_1_50_6_60=0,rsv_vol_6_50_6_60=0.528607,rsv_vol_21_50_6_60=0,rsv_vol_28_50_6_60=0,rsv_vol_37_50_6_60=0.936707,rsv_vol_63_50_6_60=0.00755526,rsv_vol_65_50_6_60=0,rsv_vol_67_50_6_60=5943.57,sddp_alpha_0_5=1000
o,5,1,sddp_ecut_0_5_49_45,2.81885e+08,,rsv_vol_1_50_5_50=0,rsv_vol_6_50_5_50=0.554327,rsv_vol_21_50_5_50=0,rsv_vol_28_50_5_50=0,rsv_vol_37_50_5_50=0.73746,rsv_vol_63_50_5_50=0.00649041,rsv_vol_65_50_5_50=0,rsv_vol_67_50_5_50=4823.92,sddp_alpha_0_4=1000
o,4,1,sddp_ecut_0_4_49_46,2.83267e+08,,rsv_vol_1_50_4_40=0,rsv_vol_6_50_4_40=0.554263,rsv_vol_21_50_4_40=0,rsv_vol_28_50_4_40=0,rsv_vol_37_50_4_40=0.812836,rsv_vol_63_50_4_40=0,rsv_vol_65_50_4_40=0,rsv_vol_67_50_4_40=2573.44,sddp_alpha_0_3=1000
o,3,1,sddp_ecut_0_3_49_47,2.50811e+08,,rsv_vol_1_50_3_30=0,rsv_vol_6_50_3_30=0.545396,rsv_vol_21_50_3_30=0,rsv_vol_28_50_3_30=0,rsv_vol_37_50_3_30=0.744395,rsv_vol_63_50_3_30=0,rsv_vol_65_50_3_30=-34.4475,rsv_vol_67_50_3_30=2830.48,sddp_alpha_0_2=1000
o,2,1,sddp_ecut_0_2_49_48,2.25338e+08,,rsv_vol_1_50_2_20=0,rsv_vol_6_50_2_20=0.707866,rsv_vol_21_50_2_20=0,rsv_vol_28_50_2_20=0,rsv_vol_37_50_2_20=0.488828,rsv_vol_63_50_2_20=0,rsv_vol_65_50_2_20=-69.4444,rsv_vol_67_50_2_20=6213.54,sddp_alpha_0_1=1000
o,1,1,sddp_ecut_0_1_49_49,2.65508e+08,,rsv_vol_1_50_1_10=0,rsv_vol_6_50_1_10=0.843154,rsv_vol_21_50_1_10=0,rsv_vol_28_50_1_10=0,rsv_vol_37_50_1_10=0.507562,rsv_vol_63_50_1_10=0,rsv_vol_65_50_1_10=-17.3611,rsv_vol_67_50_1_10=9920.79,sddp_alpha_0_0=1000
o,50,1,sddp_ecut_0_50_50_0,7.4197e+08,,rsv_vol_1_50_50_500=0,rsv_vol_6_50_50_500=1.94792,rsv_vol_21_50_50_500=0,rsv_vol_28_50_50_500=0,rsv_vol_37_50_50_500=2.90475,rsv_vol_63_50_50_500=9343.02,rsv_vol_65_50_50_500=35009.8,rsv_vol_67_50_50_500=15127.2,sddp_alpha_0_49=1000
o,49,1,sddp_ecut_0_49_50_1,5.94245e+08,,rsv_vol_1_50_49_490=0,rsv_vol_6_50_49_490=-12.3816,rsv_vol_21_50_49_490=0,rsv_vol_28_50_49_490=0,rsv_vol_37_50_49_490=1.87958,rsv_vol_63_50_49_490=8418.64,rsv_vol_65_50_49_490=0,rsv_vol_67_50_49_490=14416.9,sddp_alpha_0_48=1000
o,48,1,sddp_ecut_0_48_50_2,6.5112e+08,,rsv_vol_1_50_48_480=0,rsv_vol_6_50_48_480=-26.4146,rsv_vol_21_50_48_480=0,rsv_vol_28_50_48_480=0,rsv_vol_37_50_48_480=2.43005,rsv_vol_63_50_48_480=7621.99,rsv_vol_65_50_48_480=0,rsv_vol_67_50_48_480=13639.3,sddp_alpha_0_47=1000
o,47,1,sddp_ecut_0_47_50_3,6.4186e+08,,rsv_vol_1_50_47_470=0,rsv_vol_6_50_47_470=-95.2668,rsv_vol_21_50_47_470=0,rsv_vol_28_50_47_470=0,rsv_vol_37_50_47_470=1.45394,rsv_vol_63_50_47_470=7678.17,rsv_vol_65_50_47_470=0,rsv_vol_67_50_47_470=9022.1,sddp_alpha_0_46=1000
o,46,1,sddp_ecut_0_46_50_4,6.21959e+08,,rsv_vol_1_50_46_460=0,rsv_vol_6_50_46_460=-123.55,rsv_vol_21_50_46_460=0,rsv_vol_28_50_46_460=0,rsv_vol_37_50_46_460=1.76338,rsv_vol_63_50_46_460=7622.2,rsv_vol_65_50_46_460=0,rsv_vol_67_50_46_460=6941.93,sddp_alpha_0_45=1000
o,45,1,sddp_ecut_0_45_50_5,6.87401e+08,,rsv_vol_1_50_45_450=0,rsv_vol_6_50_45_450=0.839902,rsv_vol_21_50_45_450=0,rsv_vol_28_50_45_450=0,rsv_vol_37_50_45_450=2.51234,rsv_vol_63_50_45_450=7123.3,rsv_vol_65_50_45_450=0,rsv_vol_67_50_45_450=11127.6,sddp_alpha_0_44=1000
o,44,1,sddp_ecut_0_44_50_6,6.90026e+08,,rsv_vol_1_50_44_440=0,rsv_vol_6_50_44_440=1.09349,rsv_vol_21_50_44_440=0,rsv_vol_28_50_44_440=0,rsv_vol_37_50_44_440=2.27898,rsv_vol_63_50_44_440=7545.16,rsv_vol_65_50_44_440=-28.0204,rsv_vol_67_50_44_440=10508.2,sddp_alpha_0_43=1000
o,43,1,sddp_ecut_0_43_50_7,7.71882e+08,,rsv_vol_1_50_43_430=0,rsv_vol_6_50_43_430=1.45338,rsv_vol_21_50_43_430=0,rsv_vol_28_50_43_430=0,rsv_vol_37_50_43_430=2.45561,rsv_vol_63_50_43_430=6525.85,rsv_vol_65_50_43_430=-28.2438,rsv_vol_67_50_43_430=12635.8,sddp_alpha_0_42=1000
o,42,1,sddp_ecut_0_42_50_8,8.26884e+08,,rsv_vol_1_50_42_420=0,rsv_vol_6_50_42_420=2.01369,rsv_vol_21_50_42_420=0,rsv_vol_28_50_42_420=0,rsv_vol_37_50_42_420=3.00551,rsv_vol_63_50_42_420=8883.06,rsv_vol_65_50_42_420=-14.2345,rsv_vol_67_50_42_420=14733.5,sddp_alpha_0_41=1000
o,41,1,sddp_ecut_0_41_50_9,8.32332e+08,,rsv_vol_1_50_41_410=0,rsv_vol_6_50_41_410=1.89132,rsv_vol_21_50_41_410=0,rsv_vol_28_50_41_410=0,rsv_vol_37_50_41_410=2.95122,rsv_vol_63_50_41_410=6677.09,rsv_vol_65_50_41_410=4962.15,rsv_vol_67_50_41_410=11700.4,sddp_alpha_0_40=1000
o,40,1,sddp_ecut_0_40_50_10,8.47719e+08,,rsv_vol_1_50_40_400=0,rsv_vol_6_50_40_400=2.03587,rsv_vol_21_50_40_400=0,rsv_vol_28_50_40_400=0,rsv_vol_37_50_40_400=4.35808,rsv_vol_63_50_40_400=8532.25,rsv_vol_65_50_40_400=4695.37,rsv_vol_67_50_40_400=14517.1,sddp_alpha_0_39=1000
o,39,1,sddp_ecut_0_39_50_11,7.73673e+08,,rsv_vol_1_50_39_390=0,rsv_vol_6_50_39_390=1.80547,rsv_vol_21_50_39_390=0,rsv_vol_28_50_39_390=0,rsv_vol_37_50_39_390=3.81567,rsv_vol_63_50_39_390=8647.2,rsv_vol_65_50_39_390=4663.56,rsv_vol_67_50_39_390=15042.9,sddp_alpha_0_38=1000
o,38,1,sddp_ecut_0_38_50_12,7.79346e+08,,rsv_vol_1_50_38_380=0,rsv_vol_6_50_38_380=-12.7532,rsv_vol_21_50_38_380=0,rsv_vol_28_50_38_380=0,rsv_vol_37_50_38_380=2.83015,rsv_vol_63_50_38_380=9549.15,rsv_vol_65_50_38_380=12661.7,rsv_vol_67_50_38_380=-235.104,sddp_alpha_0_37=1000
o,37,1,sddp_ecut_0_37_50_13,6.45813e+08,,rsv_vol_1_50_37_370=0,rsv_vol_6_50_37_370=-13.6252,rsv_vol_21_50_37_370=0,rsv_vol_28_50_37_370=0,rsv_vol_37_50_37_370=2.23528,rsv_vol_63_50_37_370=9443.88,rsv_vol_65_50_37_370=0,rsv_vol_67_50_37_370=15930,sddp_alpha_0_36=1000
o,36,1,sddp_ecut_0_36_50_14,7.0939e+08,,rsv_vol_1_50_36_360=0,rsv_vol_6_50_36_360=-29.2047,rsv_vol_21_50_36_360=0,rsv_vol_28_50_36_360=0,rsv_vol_37_50_36_360=2.77566,rsv_vol_63_50_36_360=9090.91,rsv_vol_65_50_36_360=0,rsv_vol_67_50_36_360=15229.1,sddp_alpha_0_35=1000
o,35,1,sddp_ecut_0_35_50_15,7.38236e+08,,rsv_vol_1_50_35_350=0,rsv_vol_6_50_35_350=-105.102,rsv_vol_21_50_35_350=0,rsv_vol_28_50_35_350=0,rsv_vol_37_50_35_350=0.693072,rsv_vol_63_50_35_350=8573.34,rsv_vol_65_50_35_350=0,rsv_vol_67_50_35_350=3253.05,sddp_alpha_0_34=1000
o,34,1,sddp_ecut_0_34_50_16,7.15841e+08,,rsv_vol_1_50_34_340=0,rsv_vol_6_50_34_340=-29.8209,rsv_vol_21_50_34_340=0,rsv_vol_28_50_34_340=0,rsv_vol_37_50_34_340=1.1029,rsv_vol_63_50_34_340=9189.82,rsv_vol_65_50_34_340=0,rsv_vol_67_50_34_340=1639.13,sddp_alpha_0_33=1000
o,33,1,sddp_ecut_0_33_50_17,7.85711e+08,,rsv_vol_1_50_33_330=0,rsv_vol_6_50_33_330=1.41522,rsv_vol_21_50_33_330=0,rsv_vol_28_50_33_330=0,rsv_vol_37_50_33_330=2.15555,rsv_vol_63_50_33_330=7432.22,rsv_vol_65_50_33_330=0,rsv_vol_67_50_33_330=7990.96,sddp_alpha_0_32=1000
o,32,1,sddp_ecut_0_32_50_18,7.86227e+08,,rsv_vol_1_50_32_320=0,rsv_vol_6_50_32_320=1.50884,rsv_vol_21_50_32_320=0,rsv_vol_28_50_32_320=0,rsv_vol_37_50_32_320=1.93903,rsv_vol_63_50_32_320=4402.97,rsv_vol_65_50_32_320=0,rsv_vol_67_50_32_320=8573.67,sddp_alpha_0_31=1000
o,31,1,sddp_ecut_0_31_50_19,8.80882e+08,,rsv_vol_1_50_31_310=0,rsv_vol_6_50_31_310=1.86777,rsv_vol_21_50_31_310=0,rsv_vol_28_50_31_310=0,rsv_vol_37_50_31_310=2.48662,rsv_vol_63_50_31_310=1807.29,rsv_vol_65_50_31_310=-15.5341,rsv_vol_67_50_31_310=12724.6,sddp_alpha_0_30=1000
o,30,1,sddp_ecut_0_30_50_20,9.50338e+08,,rsv_vol_1_50_30_300=0,rsv_vol_6_50_30_300=2.42933,rsv_vol_21_50_30_300=0,rsv_vol_28_50_30_300=0,rsv_vol_37_50_30_300=3.57529,rsv_vol_63_50_30_300=8717.49,rsv_vol_65_50_30_300=-31.3159,rsv_vol_67_50_30_300=16476.2,sddp_alpha_0_29=1000
o,29,1,sddp_ecut_0_29_50_21,9.75418e+08,,rsv_vol_1_50_29_290=0,rsv_vol_6_50_29_290=3.07721,rsv_vol_21_50_29_290=0,rsv_vol_28_50_29_290=0,rsv_vol_37_50_29_290=2.22383,rsv_vol_63_50_29_290=8648.77,rsv_vol_65_50_29_290=15585.7,rsv_vol_67_50_29_290=3619.72,sddp_alpha_0_28=1000
o,28,1,sddp_ecut_0_28_50_22,1.03339e+09,,rsv_vol_1_50_28_280=0,rsv_vol_6_50_28_280=3.41761,rsv_vol_21_50_28_280=0,rsv_vol_28_50_28_280=0,rsv_vol_37_50_28_280=6.63199,rsv_vol_63_50_28_280=10199,rsv_vol_65_50_28_280=23688.4,rsv_vol_67_50_28_280=1852.15,sddp_alpha_0_27=1000
o,27,1,sddp_ecut_0_27_50_23,9.23448e+08,,rsv_vol_1_50_27_270=0,rsv_vol_6_50_27_270=-30.9372,rsv_vol_21_50_27_270=0,rsv_vol_28_50_27_270=0,rsv_vol_37_50_27_270=1.23183,rsv_vol_63_50_27_270=9289.17,rsv_vol_65_50_27_270=4392.88,rsv_vol_67_50_27_270=-256.569,sddp_alpha_0_26=1000
o,26,1,sddp_ecut_0_26_50_24,9.38607e+08,,rsv_vol_1_50_26_260=0,rsv_vol_6_50_26_260=-47.1974,rsv_vol_21_50_26_260=0,rsv_vol_28_50_26_260=0,rsv_vol_37_50_26_260=5.18722,rsv_vol_63_50_26_260=10361.7,rsv_vol_65_50_26_260=0,rsv_vol_67_50_26_260=17207.8,sddp_alpha_0_25=1000
o,25,1,sddp_ecut_0_25_50_25,8.2928e+08,,rsv_vol_1_50_25_250=0,rsv_vol_6_50_25_250=-63.968,rsv_vol_21_50_25_250=0,rsv_vol_28_50_25_250=0,rsv_vol_37_50_25_250=4.78176,rsv_vol_63_50_25_250=11019,rsv_vol_65_50_25_250=0,rsv_vol_67_50_25_250=18631.8,sddp_alpha_0_24=1000
o,24,1,sddp_ecut_0_24_50_26,9.00769e+08,,rsv_vol_1_50_24_240=0,rsv_vol_6_50_24_240=-146.75,rsv_vol_21_50_24_240=0,rsv_vol_28_50_24_240=0,rsv_vol_37_50_24_240=3.85428,rsv_vol_63_50_24_240=10337,rsv_vol_65_50_24_240=0,rsv_vol_67_50_24_240=17158.7,sddp_alpha_0_23=1000
o,23,1,sddp_ecut_0_23_50_27,8.7139e+08,,rsv_vol_1_50_23_230=0,rsv_vol_6_50_23_230=-115.323,rsv_vol_21_50_23_230=0,rsv_vol_28_50_23_230=0,rsv_vol_37_50_23_230=1.29822,rsv_vol_63_50_23_230=8882.42,rsv_vol_65_50_23_230=0,rsv_vol_67_50_23_230=6594.82,sddp_alpha_0_22=1000
o,22,1,sddp_ecut_0_22_50_28,2.25306e+08,,rsv_vol_1_50_22_220=0,rsv_vol_6_50_22_220=0.3573,rsv_vol_21_50_22_220=0,rsv_vol_28_50_22_220=0,rsv_vol_37_50_22_220=0.483474,rsv_vol_63_50_22_220=7.80866,rsv_vol_65_50_22_220=-16.6852,rsv_vol_67_50_22_220=2751.78,sddp_alpha_0_21=1000
o,21,1,sddp_ecut_0_21_50_29,1.97243e+08,,rsv_vol_1_50_21_210=0,rsv_vol_6_50_21_210=0.327868,rsv_vol_21_50_21_210=0,rsv_vol_28_50_21_210=0,rsv_vol_37_50_21_210=0.353737,rsv_vol_63_50_21_210=7.20799,rsv_vol_65_50_21_210=-16.6852,rsv_vol_67_50_21_210=1323.9,sddp_alpha_0_20=1000
o,20,1,sddp_ecut_0_20_50_30,2.24944e+08,,rsv_vol_1_50_20_200=0,rsv_vol_6_50_20_200=0.396313,rsv_vol_21_50_20_200=0,rsv_vol_28_50_20_200=0,rsv_vol_37_50_20_200=0.345962,rsv_vol_63_50_20_200=6.00666,rsv_vol_65_50_20_200=-50.0555,rsv_vol_67_50_20_200=1140.36,sddp_alpha_0_19=1000
o,19,1,sddp_ecut_0_19_50_31,1.9615e+08,,rsv_vol_1_50_19_190=0,rsv_vol_6_50_19_190=0.358616,rsv_vol_21_50_19_190=0,rsv_vol_28_50_19_190=0,rsv_vol_37_50_19_190=0.248175,rsv_vol_63_50_19_190=7.20799,rsv_vol_65_50_19_190=-50.0555,rsv_vol_67_50_19_190=392.776,sddp_alpha_0_18=1000
o,18,1,sddp_ecut_0_18_50_32,2.4088e+08,,rsv_vol_1_50_18_180=0,rsv_vol_6_50_18_180=0.402678,rsv_vol_21_50_18_180=0,rsv_vol_28_50_18_180=0,rsv_vol_37_50_18_180=0.414202,rsv_vol_63_50_18_180=7.26547,rsv_vol_65_50_18_180=-50.4547,rsv_vol_67_50_18_180=2041.26,sddp_alpha_0_17=1000
o,17,1,sddp_ecut_0_17_50_33,2.42099e+08,,rsv_vol_1_50_17_170=0,rsv_vol_6_50_17_170=0.412814,rsv_vol_21_50_17_170=0,rsv_vol_28_50_17_170=0,rsv_vol_37_50_17_170=0.503725,rsv_vol_63_50_17_170=7.26547,rsv_vol_65_50_17_170=-33.6364,rsv_vol_67_50_17_170=1572.26,sddp_alpha_0_16=1000
o,16,1,sddp_ecut_0_16_50_34,2.42624e+08,,rsv_vol_1_50_16_160=0,rsv_vol_6_50_16_160=0.418494,rsv_vol_21_50_16_160=0,rsv_vol_28_50_16_160=0,rsv_vol_37_50_16_160=0.488897,rsv_vol_63_50_16_160=6.66001,rsv_vol_65_50_16_160=0,rsv_vol_67_50_16_160=3249.37,sddp_alpha_0_15=1000
o,15,1,sddp_ecut_0_15_50_35,2.12073e+08,,rsv_vol_1_50_15_150=0,rsv_vol_6_50_15_150=0.375323,rsv_vol_21_50_15_150=0,rsv_vol_28_50_15_150=0,rsv_vol_37_50_15_150=0.336979,rsv_vol_63_50_15_150=4.23819,rsv_vol_65_50_15_150=-16.8182,rsv_vol_67_50_15_150=772.609,sddp_alpha_0_14=1000
o,14,1,sddp_ecut_0_14_50_36,2.51893e+08,,rsv_vol_1_50_14_140=0,rsv_vol_6_50_14_140=0.486347,rsv_vol_21_50_14_140=0,rsv_vol_28_50_14_140=0,rsv_vol_37_50_14_140=0.585543,rsv_vol_63_50_14_140=4.88227,rsv_vol_65_50_14_140=-16.9523,rsv_vol_67_50_14_140=5388.82,sddp_alpha_0_13=1000
o,13,1,sddp_ecut_0_13_50_37,2.17886e+08,,rsv_vol_1_50_13_130=0,rsv_vol_6_50_13_130=0.381142,rsv_vol_21_50_13_130=0,rsv_vol_28_50_13_130=0,rsv_vol_37_50_13_130=0.384669,rsv_vol_63_50_13_130=3.05443,rsv_vol_65_50_13_130=-16.9523,rsv_vol_67_50_13_130=1364.34,sddp_alpha_0_12=1000
o,12,1,sddp_ecut_0_12_50_38,2.49692e+08,,rsv_vol_1_50_12_120=0,rsv_vol_6_50_12_120=0.463542,rsv_vol_21_50_12_120=0,rsv_vol_28_50_12_120=0,rsv_vol_37_50_12_120=0.569366,rsv_vol_63_50_12_120=3.66342,rsv_vol_65_50_12_120=-33.9046,rsv_vol_67_50_12_120=4862.43,sddp_alpha_0_11=1000
o,11,1,sddp_ecut_0_11_50_39,2.19629e+08,,rsv_vol_1_50_11_110=0,rsv_vol_6_50_11_110=0.422289,rsv_vol_21_50_11_110=0,rsv_vol_28_50_11_110=0,rsv_vol_37_50_11_110=0.549519,rsv_vol_63_50_11_110=1.22057,rsv_vol_65_50_11_110=0,rsv_vol_67_50_11_110=1867.99,sddp_alpha_0_10=1000
o,10,1,sddp_ecut_0_10_50_40,2.60918e+08,,rsv_vol_1_50_10_100=0,rsv_vol_6_50_10_100=0.460434,rsv_vol_21_50_10_100=0,rsv_vol_28_50_10_100=0,rsv_vol_37_50_10_100=0.520056,rsv_vol_63_50_10_100=1.2303,rsv_vol_65_50_10_100=-34.175,rsv_vol_67_50_10_100=2725.03,sddp_alpha_0_9=1000
o,9,1,sddp_ecut_0_9_50_41,2.6257e+08,,rsv_vol_1_50_9_90=0,rsv_vol_6_50_9_90=0.471838,rsv_vol_21_50_9_90=0,rsv_vol_28_50_9_90=0,rsv_vol_37_50_9_90=0.533764,rsv_vol_63_50_9_90=0,rsv_vol_65_50_9_90=-17.0875,rsv_vol_67_50_9_90=2030.46,sddp_alpha_0_8=1000
o,8,1,sddp_ecut_0_8_50_42,2.63448e+08,,rsv_vol_1_50_8_80=0,rsv_vol_6_50_8_80=0.479546,rsv_vol_21_50_8_80=0,rsv_vol_28_50_8_80=0,rsv_vol_37_50_8_80=0.774691,rsv_vol_63_50_8_80=0.00579216,rsv_vol_65_50_8_80=-17.0875,rsv_vol_67_50_8_80=4295.42,sddp_alpha_0_7=1000
o,7,1,sddp_ecut_0_7_50_43,2.31658e+08,,rsv_vol_1_50_7_70=0,rsv_vol_6_50_7_70=0.434487,rsv_vol_21_50_7_70=0,rsv_vol_28_50_7_70=0,rsv_vol_37_50_7_70=0.680909,rsv_vol_63_50_7_70=0.00517157,rsv_vol_65_50_7_70=-17.0875,rsv_vol_67_50_7_70=3123.81,sddp_alpha_0_6=1000
o,6,1,sddp_ecut_0_6_50_44,2.81814e+08,,rsv_vol_1_50_6_60=0,rsv_vol_6_50_6_60=0.528607,rsv_vol_21_50_6_60=0,rsv_vol_28_50_6_60=0,rsv_vol_37_50_6_60=0.936707,rsv_vol_63_50_6_60=0.00755828,rsv_vol_65_50_6_60=0,rsv_vol_67_50_6_60=5943.57,sddp_alpha_0_5=1000
o,5,1,sddp_ecut_0_5_50_45,2.81885e+08,,rsv_vol_1_50_5_50=0,rsv_vol_6_50_5_50=0.554327,rsv_vol_21_50_5_50=0,rsv_vol_28_50_5_50=0,rsv_vol_37_50_5_50=0.73746,rsv_vol_63_50_5_50=0.00649041,rsv_vol_65_50_5_50=0,rsv_vol_67_50_5_50=4823.92,sddp_alpha_0_4=1000
o,4,1,sddp_ecut_0_4_50_46,2.83267e+08,,rsv_vol_1_50_4_40=0,rsv_vol_6_50_4_40=0.554263,rsv_vol_21_50_4_40=0,rsv_vol_28_50_4_40=0,rsv_vol_37_50_4_40=0.812836,rsv_vol_63_50_4_40=0,rsv_vol_65_50_4_40=0,rsv_vol_67_50_4_40=2573.44,sddp_alpha_0_3=1000
o,3,1,sddp_ecut_0_3_50_47,2.50811e+08,,rsv_vol_1_50_3_30=0,rsv_vol_6_50_3_30=0.545396,rsv_vol_21_50_3_30=0,rsv_vol_28_50_3_30=0,rsv_vol_37_50_3_30=0.744395,rsv_vol_63_50_3_30=0,rsv_vol_65_50_3_30=-34.4475,rsv_vol_67_50_3_30=2830.48,sddp_alpha_0_2=1000
o,2,1,sddp_ecut_0_2_50_48,2.25338e+08,,rsv_vol_1_50_2_20=0,rsv_vol_6_50_2_20=0.707866,rsv_vol_21_50_2_20=0,rsv_vol_28_50_2_20=0,rsv_vol_37_50_2_20=0.488828,rsv_vol_63_50_2_20=0,rsv_vol_65_50_2_20=-69.4444,rsv_vol_67_50_2_20=6213.54,sddp_alpha_0_1=1000
o,1,1,sddp_ecut_0_1_50_49,2.65508e+08,,rsv_vol_1_50_1_10=0,rsv_vol_6_50_1_10=0.843154,rsv_vol_21_50_1_10=0,rsv_vol_28_50_1_10=0,rsv_vol_37_50_1_10=0.507562,rsv_vol_63_50_1_10=0,rsv_vol_65_50_1_10=-17.3611,rsv_vol_67_50_1_10=9920.79,sddp_alpha_0_0=1000
o,50,1,sddp_ecut_0_50_51_0,7.4197e+08,,rsv_vol_1_50_50_500=0,rsv_vol_6_50_50_500=1.94792,rsv_vol_21_50_50_500=0,rsv_vol_28_50_50_500=0,rsv_vol_37_50_50_500=2.90475,rsv_vol_63_50_50_500=9343.02,rsv_vol_65_50_50_500=35009.8,rsv_vol_67_50_50_500=15127.2,sddp_alpha_0_49=1000
o,49,1,sddp_ecut_0_49_51_1,5.94245e+08,,rsv_vol_1_50_49_490=0,rsv_vol_6_50_49_490=-12.3816,rsv_vol_21_50_49_490=0,rsv_vol_28_50_49_490=0,rsv_vol_37_50_49_490=1.87958,rsv_vol_63_50_49_490=8418.64,rsv_vol_65_50_49_490=0,rsv_vol_67_50_49_490=14416.9,sddp_alpha_0_48=1000
o,48,1,sddp_ecut_0_48_51_2,6.5112e+08,,rsv_vol_1_50_48_480=0,rsv_vol_6_50_48_480=-26.4146,rsv_vol_21_50_48_480=0,rsv_vol_28_50_48_480=0,rsv_vol_37_50_48_480=2.43005,rsv_vol_63_50_48_480=7621.99,rsv_vol_65_50_48_480=0,rsv_vol_67_50_48_480=13639.3,sddp_alpha_0_47=1000
o,47,1,sddp_ecut_0_47_51_3,6.4186e+08,,rsv_vol_1_50_47_470=0,rsv_vol_6_50_47_470=-95.2668,rsv_vol_21_50_47_470=0,rsv_vol_28_50_47_470=0,rsv_vol_37_50_47_470=1.45394,rsv_vol_63_50_47_470=7678.17,rsv_vol_65_50_47_470=0,rsv_vol_67_50_47_470=9022.1,sddp_alpha_0_46=1000
o,46,1,sddp_ecut_0_46_51_4,6.21959e+08,,rsv_vol_1_50_46_460=0,rsv_vol_6_50_46_460=-123.55,rsv_vol_21_50_46_460=0,rsv_vol_28_50_46_460=0,rsv_vol_37_50_46_460=1.76338,rsv_vol_63_50_46_460=7622.2,rsv_vol_65_50_46_460=0,rsv_vol_67_50_46_460=6941.93,sddp_alpha_0_45=1000
o,45,1,sddp_ecut_0_45_51_5,6.87401e+08,,rsv_vol_1_50_45_450=0,rsv_vol_6_50_45_450=0.839902,rsv_vol_21_50_45_450=0,rsv_vol_28_50_45_450=0,rsv_vol_37_50_45_450=2.51234,rsv_vol_63_50_45_450=7123.3,rsv_vol_65_50_45_450=0,rsv_vol_67_50_45_450=11127.6,sddp_alpha_0_44=1000
o,44,1,sddp_ecut_0_44_51_6,6.90026e+08,,rsv_vol_1_50_44_440=0,rsv_vol_6_50_44_440=1.09349,rsv_vol_21_50_44_440=0,rsv_vol_28_50_44_440=0,rsv_vol_37_50_44_440=2.27898,rsv_vol_63_50_44_440=7545.16,rsv_vol_65_50_44_440=-28.0204,rsv_vol_67_50_44_440=10508.2,sddp_alpha_0_43=1000
o,43,1,sddp_ecut_0_43_51_7,7.71882e+08,,rsv_vol_1_50_43_430=0,rsv_vol_6_50_43_430=1.45338,rsv_vol_21_50_43_430=0,rsv_vol_28_50_43_430=0,rsv_vol_37_50_43_430=2.45561,rsv_vol_63_50_43_430=6525.85,rsv_vol_65_50_43_430=-28.2438,rsv_vol_67_50_43_430=12635.8,sddp_alpha_0_42=1000
o,42,1,sddp_ecut_0_42_51_8,8.26884e+08,,rsv_vol_1_50_42_420=0,rsv_vol_6_50_42_420=2.01369,rsv_vol_21_50_42_420=0,rsv_vol_28_50_42_420=0,rsv_vol_37_50_42_420=3.00551,rsv_vol_63_50_42_420=8883.06,rsv_vol_65_50_42_420=-14.2345,rsv_vol_67_50_42_420=14733.5,sddp_alpha_0_41=1000
o,41,1,sddp_ecut_0_41_51_9,8.32332e+08,,rsv_vol_1_50_41_410=0,rsv_vol_6_50_41_410=1.89132,rsv_vol_21_50_41_410=0,rsv_vol_28_50_41_410=0,rsv_vol_37_50_41_410=2.95122,rsv_vol_63_50_41_410=6677.09,rsv_vol_65_50_41_410=4962.15,rsv_vol_67_50_41_410=11700.4,sddp_alpha_0_40=1000
o,40,1,sddp_ecut_0_40_51_10,8.47719e+08,,rsv_vol_1_50_40_400=0,rsv_vol_6_50_40_400=2.03587,rsv_vol_21_50_40_400=0,rsv_vol_28_50_40_400=0,rsv_vol_37_50_40_400=4.35808,rsv_vol_63_50_40_400=8532.25,rsv_vol_65_50_40_400=4695.37,rsv_vol_67_50_40_400=14517.1,sddp_alpha_0_39=1000
o,39,1,sddp_ecut_0_39_51_11,7.73673e+08,,rsv_vol_1_50_39_390=0,rsv_vol_6_50_39_390=1.80547,rsv_vol_21_50_39_390=0,rsv_vol_28_50_39_390=0,rsv_vol_37_50_39_390=3.81567,rsv_vol_63_50_39_390=8647.2,rsv_vol_65_50_39_390=4663.56,rsv_vol_67_50_39_390=15042.9,sddp_alpha_0_38=1000
o,38,1,sddp_ecut_0_38_51_12,7.79346e+08,,rsv_vol_1_50_38_380=0,rsv_vol_6_50_38_380=-12.7532,rsv_vol_21_50_38_380=0,rsv_vol_28_50_38_380=0,rsv_vol_37_50_38_380=2.83015,rsv_vol_63_50_38_380=9549.15,rsv_vol_65_50_38_380=12661.7,rsv_vol_67_50_38_380=-235.104,sddp_alpha_0_37=1000
o,37,1,sddp_ecut_0_37_51_13,6.45813e+08,,rsv_vol_1_50_37_370=0,rsv_vol_6_50_37_370=-13.6252,rsv_vol_21_50_37_370=0,rsv_vol_28_50_37_370=0,rsv_vol_37_50_37_370=2.23528,rsv_vol_63_50_37_370=9443.88,rsv_vol_65_50_37_370=0,rsv_vol_67_50_37_370=15930,sddp_alpha_0_36=1000
o,36,1,sddp_ecut_0_36_51_14,7.0939e+08,,rsv_vol_1_50_36_360=0,rsv_vol_6_50_36_360=-29.2047,rsv_vol_21_50_36_360=0,rsv_vol_28_50_36_360=0,rsv_vol_37_50_36_360=2.77566,rsv_vol_63_50_36_360=9090.91,rsv_vol_65_50_36_360=0,rsv_vol_67_50_36_360=15229.1,sddp_alpha_0_35=1000
o,35,1,sddp_ecut_0_35_51_15,7.38236e+08,,rsv_vol_1_50_35_350=0,rsv_vol_6_50_35_350=-105.102,rsv_vol_21_50_35_350=0,rsv_vol_28_50_35_350=0,rsv_vol_37_50_35_350=0.693072,rsv_vol_63_50_35_350=8573.34,rsv_vol_65_50_35_350=0,rsv_vol_67_50_35_350=3253.05,sddp_alpha_0_34=1000
o,34,1,sddp_ecut_0_34_51_16,7.15841e+08,,rsv_vol_1_50_34_340=0,rsv_vol_6_50_34_340=-29.8209,rsv_vol_21_50_34_340=0,rsv_vol_28_50_34_340=0,rsv_vol_37_50_34_340=1.1029,rsv_vol_63_50_34_340=9189.82,rsv_vol_65_50_34_340=0,rsv_vol_67_50_34_340=1639.13,sddp_alpha_0_33=1000
o,33,1,sddp_ecut_0_33_51_17,7.85711e+08,,rsv_vol_1_50_33_330=0,rsv_vol_6_50_33_330=1.41522,rsv_vol_21_50_33_330=0,rsv_vol_28_50_33_330=0,rsv_vol_37_50_33_330=2.15555,rsv_vol_63_50_33_330=7432.22,rsv_vol_65_50_33_330=0,rsv_vol_67_50_33_330=7990.96,sddp_alpha_0_32=1000
o,32,1,sddp_ecut_0_32_51_18,7.86227e+08,,rsv_vol_1_50_32_320=0,rsv_vol_6_50_32_320=1.50884,rsv_vol_21_50_32_320=0,rsv_vol_28_50_32_320=0,rsv_vol_37_50_32_320=1.93903,rsv_vol_63_50_32_320=4402.97,rsv_vol_65_50_32_320=0,rsv_vol_67_50_32_320=8573.67,sddp_alpha_0_31=1000
o,31,1,sddp_ecut_0_31_51_19,8.80882e+08,,rsv_vol_1_50_31_310=0,rsv_vol_6_50_31_310=1.86777,rsv_vol_21_50_31_310=0,rsv_vol_28_50_31_310=0,rsv_vol_37_50_31_310=2.48662,rsv_vol_63_50_31_310=1807.29,rsv_vol_65_50_31_310=-15.5341,rsv_vol_67_50_31_310=12724.6,sddp_alpha_0_30=1000
o,30,1,sddp_ecut_0_30_51_20,9.50338e+08,,rsv_vol_1_50_30_300=0,rsv_vol_6_50_30_300=2.42933,rsv_vol_21_50_30_300=0,rsv_vol_28_50_30_300=0,rsv_vol_37_50_30_300=3.57529,rsv_vol_63_50_30_300=8717.49,rsv_vol_65_50_30_300=-31.3159,rsv_vol_67_50_30_300=16476.2,sddp_alpha_0_29=1000
o,29,1,sddp_ecut_0_29_51_21,9.75418e+08,,rsv_vol_1_50_29_290=0,rsv_vol_6_50_29_290=3.07721,rsv_vol_21_50_29_290=0,rsv_vol_28_50_29_290=0,rsv_vol_37_50_29_290=2.22383,rsv_vol_63_50_29_290=8648.77,rsv_vol_65_50_29_290=15585.7,rsv_vol_67_50_29_290=3619.72,sddp_alpha_0_28=1000
o,28,1,sddp_ecut_0_28_51_22,1.03339e+09,,rsv_vol_1_50_28_280=0,rsv_vol_6_50_28_280=3.41761,rsv_vol_21_50_28_280=0,rsv_vol_28_50_28_280=0,rsv_vol_37_50_28_280=6.63199,rsv_vol_63_50_28_280=10199,rsv_vol_65_50_28_280=23688.4,rsv_vol_67_50_28_280=1852.15,sddp_alpha_0_27=1000
o,27,1,sddp_ecut_0_27_51_23,9.23448e+08,,rsv_vol_1_50_27_270=0,rsv_vol_6_50_27_270=-30.9372,rsv_vol_21_50_27_270=0,rsv_vol_28_50_27_270=0,rsv_vol_37_50_27_270=1.23183,rsv_vol_63_50_27_270=9289.17,rsv_vol_65_50_27_270=4392.88,rsv_vol_67_50_27_270=-256.569,sddp_alpha_0_26=1000
o,26,1,sddp_ecut_0_26_51_24,9.38607e+08,,rsv_vol_1_50_26_260=0,rsv_vol_6_50_26_260=-47.1974,rsv_vol_21_50_26_260=0,rsv_vol_28_50_26_260=0,rsv_vol_37_50_26_260=5.18722,rsv_vol_63_50_26_260=10361.7,rsv_vol_65_50_26_260=0,rsv_vol_67_50_26_260=17207.8,sddp_alpha_0_25=1000
o,25,1,sddp_ecut_0_25_51_25,8.2928e+08,,rsv_vol_1_50_25_250=0,rsv_vol_6_50_25_250=-63.968,rsv_vol_21_50_25_250=0,rsv_vol_28_50_25_250=0,rsv_vol_37_50_25_250=4.78176,rsv_vol_63_50_25_250=11019,rsv_vol_65_50_25_250=0,rsv_vol_67_50_25_250=18631.8,sddp_alpha_0_24=1000
o,24,1,sddp_ecut_0_24_51_26,9.00769e+08,,rsv_vol_1_50_24_240=0,rsv_vol_6_50_24_240=-146.75,rsv_vol_21_50_24_240=0,rsv_vol_28_50_24_240=0,rsv_vol_37_50_24_240=3.85428,rsv_vol_63_50_24_240=10337,rsv_vol_65_50_24_240=0,rsv_vol_67_50_24_240=17158.7,sddp_alpha_0_23=1000
o,23,1,sddp_ecut_0_23_51_27,8.7139e+08,,rsv_vol_1_50_23_230=0,rsv_vol_6_50_23_230=-115.323,rsv_vol_21_50_23_230=0,rsv_vol_28_50_23_230=0,rsv_vol_37_50_23_230=1.29822,rsv_vol_63_50_23_230=8882.42,rsv_vol_65_50_23_230=0,rsv_vol_67_50_23_230=6594.82,sddp_alpha_0_22=1000
o,22,1,sddp_ecut_0_22_51_28,2.25306e+08,,rsv_vol_1_50_22_220=0,rsv_vol_6_50_22_220=0.3573,rsv_vol_21_50_22_220=0,rsv_vol_28_50_22_220=0,rsv_vol_37_50_22_220=0.483474,rsv_vol_63_50_22_220=7.80866,rsv_vol_65_50_22_220=-16.6852,rsv_vol_67_50_22_220=2751.78,sddp_alpha_0_21=1000
o,21,1,sddp_ecut_0_21_51_29,1.97243e+08,,rsv_vol_1_50_21_210=0,rsv_vol_6_50_21_210=0.327868,rsv_vol_21_50_21_210=0,rsv_vol_28_50_21_210=0,rsv_vol_37_50_21_210=0.353737,rsv_vol_63_50_21_210=7.20799,rsv_vol_65_50_21_210=-16.6852,rsv_vol_67_50_21_210=1323.9,sddp_alpha_0_20=1000
o,20,1,sddp_ecut_0_20_51_30,2.24944e+08,,rsv_vol_1_50_20_200=0,rsv_vol_6_50_20_200=0.396313,rsv_vol_21_50_20_200=0,rsv_vol_28_50_20_200=0,rsv_vol_37_50_20_200=0.345962,rsv_vol_63_50_20_200=6.00666,rsv_vol_65_50_20_200=-50.0555,rsv_vol_67_50_20_200=1140.36,sddp_alpha_0_19=1000
o,19,1,sddp_ecut_0_19_51_31,1.9615e+08,,rsv_vol_1_50_19_190=0,rsv_vol_6_50_19_190=0.358616,rsv_vol_21_50_19_190=0,rsv_vol_28_50_19_190=0,rsv_vol_37_50_19_190=0.248175,rsv_vol_63_50_19_190=7.20799,rsv_vol_65_50_19_190=-50.0555,rsv_vol_67_50_19_190=392.776,sddp_alpha_0_18=1000
o,18,1,sddp_ecut_0_18_51_32,2.4088e+08,,rsv_vol_1_50_18_180=0,rsv_vol_6_50_18_180=0.402678,rsv_vol_21_50_18_180=0,rsv_vol_28_50_18_180=0,rsv_vol_37_50_18_180=0.414202,rsv_vol_63_50_18_180=7.26547,rsv_vol_65_50_18_180=-50.4547,rsv_vol_67_50_18_180=2041.26,sddp_alpha_0_17=1000
o,17,1,sddp_ecut_0_17_51_33,2.42099e+08,,rsv_vol_1_50_17_170=0,rsv_vol_6_50_17_170=0.412814,rsv_vol_21_50_17_170=0,rsv_vol_28_50_17_170=0,rsv_vol_37_50_17_170=0.503725,rsv_vol_63_50_17_170=7.26547,rsv_vol_65_50_17_170=-33.6364,rsv_vol_67_50_17_170=1572.26,sddp_alpha_0_16=1000
o,16,1,sddp_ecut_0_16_51_34,2.42624e+08,,rsv_vol_1_50_16_160=0,rsv_vol_6_50_16_160=0.418494,rsv_vol_21_50_16_160=0,rsv_vol_28_50_16_160=0,rsv_vol_37_50_16_160=0.488897,rsv_vol_63_50_16_160=6.66001,rsv_vol_65_50_16_160=0,rsv_vol_67_50_16_160=3249.37,sddp_alpha_0_15=1000
o,15,1,sddp_ecut_0_15_51_35,2.12073e+08,,rsv_vol_1_50_15_150=0,rsv_vol_6_50_15_150=0.375323,rsv_vol_21_50_15_150=0,rsv_vol_28_50_15_150=0,rsv_vol_37_50_15_150=0.336979,rsv_vol_63_50_15_150=4.23819,rsv_vol_65_50_15_150=-16.8182,rsv_vol_67_50_15_150=772.609,sddp_alpha_0_14=1000
o,14,1,sddp_ecut_0_14_51_36,2.51893e+08,,rsv_vol_1_50_14_140=0,rsv_vol_6_50_14_140=0.486347,rsv_vol_21_50_14_140=0,rsv_vol_28_50_14_140=0,rsv_vol_37_50_14_140=0.585543,rsv_vol_63_50_14_140=4.88227,rsv_vol_65_50_14_140=-16.9523,rsv_vol_67_50_14_140=5388.82,sddp_alpha_0_13=1000
o,13,1,sddp_ecut_0_13_51_37,2.17886e+08,,rsv_vol_1_50_13_130=0,rsv_vol_6_50_13_130=0.381142,rsv_vol_21_50_13_130=0,rsv_vol_28_50_13_130=0,rsv_vol_37_50_13_130=0.384669,rsv_vol_63_50_13_130=3.05447,rsv_vol_65_50_13_130=-16.9523,rsv_vol_67_50_13_130=1364.34,sddp_alpha_0_12=1000
o,12,1,sddp_ecut_0_12_51_38,2.49692e+08,,rsv_vol_1_50_12_120=0,rsv_vol_6_50_12_120=0.463542,rsv_vol_21_50_12_120=0,rsv_vol_28_50_12_120=0,rsv_vol_37_50_12_120=0.569366,rsv_vol_63_50_12_120=3.66342,rsv_vol_65_50_12_120=-33.9046,rsv_vol_67_50_12_120=4862.43,sddp_alpha_0_11=1000
o,11,1,sddp_ecut_0_11_51_39,2.19629e+08,,rsv_vol_1_50_11_110=0,rsv_vol_6_50_11_110=0.422289,rsv_vol_21_50_11_110=0,rsv_vol_28_50_11_110=0,rsv_vol_37_50_11_110=0.549519,rsv_vol_63_50_11_110=1.22057,rsv_vol_65_50_11_110=0,rsv_vol_67_50_11_110=1867.99,sddp_alpha_0_10=1000
o,10,1,sddp_ecut_0_10_51_40,2.60918e+08,,rsv_vol_1_50_10_100=0,rsv_vol_6_50_10_100=0.460434,rsv_vol_21_50_10_100=0,rsv_vol_28_50_10_100=0,rsv_vol_37_50_10_100=0.520056,rsv_vol_63_50_10_100=1.2303,rsv_vol_65_50_10_100=-34.175,rsv_vol_67_50_10_100=2725.03,sddp_alpha_0_9=1000
o,9,1,sddp_ecut_0_9_51_41,2.6257e+08,,rsv_vol_1_50_9_90=0,rsv_vol_6_50_9_90=0.471838,rsv_vol_21_50_9_90=0,rsv_vol_28_50_9_90=0,rsv_vol_37_50_9_90=0.533764,rsv_vol_63_50_9_90=0,rsv_vol_65_50_9_90=-17.0875,rsv_vol_67_50_9_90=2030.46,sddp_alpha_0_8=1000
o,8,1,sddp_ecut_0_8_51_42,2.63448e+08,,rsv_vol_1_50_8_80=0,rsv_vol_6_50_8_80=0.479546,rsv_vol_21_50_8_80=0,rsv_vol_28_50_8_80=0,rsv_vol_37_50_8_80=0.774691,rsv_vol_63_50_8_80=0.00579216,rsv_vol_65_50_8_80=-17.0875,rsv_vol_67_50_8_80=4295.42,sddp_alpha_0_7=1000
o,7,1,sddp_ecut_0_7_51_43,2.31658e+08,,rsv_vol_1_50_7_70=0,rsv_vol_6_50_7_70=0.434487,rsv_vol_21_50_7_70=0,rsv_vol_28_50_7_70=0,rsv_vol_37_50_7_70=0.680909,rsv_vol_63_50_7_70=0.00517157,rsv_vol_65_50_7_70=-17.0875,rsv_vol_67_50_7_70=3123.81,sddp_alpha_0_6=1000
o,6,1,sddp_ecut_0_6_51_44,2.81814e+08,,rsv_vol_1_50_6_60=0,rsv_vol_6_50_6_60=0.528607,rsv_vol_21_50_6_60=0,rsv_vol_28_50_6_60=0,rsv_vol_37_50_6_60=0.936707,rsv_vol_63_50_6_60=0.00757475,rsv_vol_65_50_6_60=0,rsv_vol_67_50_6_60=5943.57,sddp_alpha_0_5=1000
o,5,1,sddp_ecut_0_5_51_45,2.81885e+08,,rsv_vol_1_50_5_50=0,rsv_vol_6_50_5_50=0.554327,rsv_vol_21_50_5_50=0,rsv_vol_28_50_5_50=0,rsv_vol_37_50_5_50=0.73746,rsv_vol_63_50_5_50=0.00649041,rsv_vol_65_50_5_50=0,rsv_vol_67_50_5_50=4823.92,sddp_alpha_0_4=1000
o,4,1,sddp_ecut_0_4_51_46,2.83267e+08,,rsv_vol_1_50_4_40=0,rsv_vol_6_50_4_40=0.554263,rsv_vol_21_50_4_40=0,rsv_vol_28_50_4_40=0,rsv_vol_37_50_4_40=0.812836,rsv_vol_63_50_4_40=0,rsv_vol_65_50_4_40=0,rsv_vol_67_50_4_40=2573.44,sddp_alpha_0_3=1000
o,3,1,sddp_ecut_0_3_51_47,2.50811e+08,,rsv_vol_1_50_3_30=0,rsv_vol_6_50_3_30=0.545396,rsv_vol_21_50_3_30=0,rsv_vol_28_50_3_30=0,rsv_vol_37_50_3_30=0.744395,rsv_vol_63_50_3_30=0,rsv_vol_65_50_3_30=-34.4475,rsv_vol_67_50_3_30=2830.48,sddp_alpha_0_2=1000
o,2,1,sddp_ecut_0_2_51_48,2.25338e+08,,rsv_vol_1_50_2_20=0,rsv_vol_6_50_2_20=0.707866,rsv_vol_21_50_2_20=0,rsv_vol_28_50_2_20=0,rsv_vol_37_50_2_20=0.488828,rsv_vol_63_50_2_20=0,rsv_vol_65_50_2_20=-69.4444,rsv_vol_67_50_2_20=6213.54,sddp_alpha_0_1=1000
o,1,1,sddp_ecut_0_1_51_49,2.65508e+08,,rsv_vol_1_50_1_10=0,rsv_vol_6_50_1_10=0.843154,rsv_vol_21_50_1_10=0,rsv_vol_28_50_1_10=0,rsv_vol_37_50_1_10=0.507562,rsv_vol_63_50_1_10=0,rsv_vol_65_50_1_10=-17.3611,rsv_vol_67_50_1_10=9920.79,sddp_alpha_0_0=1000
o,50,1,sddp_ecut_0_50_52_0,7.4197e+08,,rsv_vol_1_50_50_500=0,rsv_vol_6_50_50_500=1.94792,rsv_vol_21_50_50_500=0,rsv_vol_28_50_50_500=0,rsv_vol_37_50_50_500=2.90475,rsv_vol_63_50_50_500=9343.02,rsv_vol_65_50_50_500=35009.8,rsv_vol_67_50_50_500=15127.2,sddp_alpha_0_49=1000
o,49,1,sddp_ecut_0_49_52_1,5.94245e+08,,rsv_vol_1_50_49_490=0,rsv_vol_6_50_49_490=-12.3816,rsv_vol_21_50_49_490=0,rsv_vol_28_50_49_490=0,rsv_vol_37_50_49_490=1.87958,rsv_vol_63_50_49_490=8418.64,rsv_vol_65_50_49_490=0,rsv_vol_67_50_49_490=14416.9,sddp_alpha_0_48=1000
o,48,1,sddp_ecut_0_48_52_2,6.5112e+08,,rsv_vol_1_50_48_480=0,rsv_vol_6_50_48_480=-26.4146,rsv_vol_21_50_48_480=0,rsv_vol_28_50_48_480=0,rsv_vol_37_50_48_480=2.43005,rsv_vol_63_50_48_480=7621.99,rsv_vol_65_50_48_480=0,rsv_vol_67_50_48_480=13639.3,sddp_alpha_0_47=1000
o,47,1,sddp_ecut_0_47_52_3,6.4186e+08,,rsv_vol_1_50_47_470=0,rsv_vol_6_50_47_470=-95.2668,rsv_vol_21_50_47_470=0,rsv_vol_28_50_47_470=0,rsv_vol_37_50_47_470=1.45394,rsv_vol_63_50_47_470=7678.17,rsv_vol_65_50_47_470=0,rsv_vol_67_50_47_470=9022.1,sddp_alpha_0_46=1000
o,46,1,sddp_ecut_0_46_52_4,6.21959e+08,,rsv_vol_1_50_46_460=0,rsv_vol_6_50_46_460=-123.55,rsv_vol_21_50_46_460=0,rsv_vol_28_50_46_460=0,rsv_vol_37_50_46_460=1.76338,rsv_vol_63_50_46_460=7622.2,rsv_vol_65_50_46_460=0,rsv_vol_67_50_46_460=6941.93,sddp_alpha_0_45=1000
o,45,1,sddp_ecut_0_45_52_5,6.87401e+08,,rsv_vol_1_50_45_450=0,rsv_vol_6_50_45_450=0.839902,rsv_vol_21_50_45_450=0,rsv_vol_28_50_45_450=0,rsv_vol_37_50_45_450=2.51234,rsv_vol_63_50_45_450=7123.3,rsv_vol_65_50_45_450=0,rsv_vol_67_50_45_450=11127.6,sddp_alpha_0_44=1000
o,44,1,sddp_ecut_0_44_52_6,6.90026e+08,,rsv_vol_1_50_44_440=0,rsv_vol_6_50_44_440=1.09349,rsv_vol_21_50_44_440=0,rsv_vol_28_50_44_440=0,rsv_vol_37_50_44_440=2.27898,rsv_vol_63_50_44_440=7545.16,rsv_vol_65_50_44_440=-28.0204,rsv_vol_67_50_44_440=10508.2,sddp_alpha_0_43=1000
o,43,1,sddp_ecut_0_43_52_7,7.71882e+08,,rsv_vol_1_50_43_430=0,rsv_vol_6_50_43_430=1.45338,rsv_vol_21_50_43_430=0,rsv_vol_28_50_43_430=0,rsv_vol_37_50_43_430=2.45561,rsv_vol_63_50_43_430=6525.85,rsv_vol_65_50_43_430=-28.2438,rsv_vol_67_50_43_430=12635.8,sddp_alpha_0_42=1000
o,42,1,sddp_ecut_0_42_52_8,8.26884e+08,,rsv_vol_1_50_42_420=0,rsv_vol_6_50_42_420=2.01369,rsv_vol_21_50_42_420=0,rsv_vol_28_50_42_420=0,rsv_vol_37_50_42_420=3.00551,rsv_vol_63_50_42_420=8883.06,rsv_vol_65_50_42_420=-14.2345,rsv_vol_67_50_42_420=14733.5,sddp_alpha_0_41=1000
o,41,1,sddp_ecut_0_41_52_9,8.32332e+08,,rsv_vol_1_50_41_410=0,rsv_vol_6_50_41_410=1.89132,rsv_vol_21_50_41_410=0,rsv_vol_28_50_41_410=0,rsv_vol_37_50_41_410=2.95122,rsv_vol_63_50_41_410=6677.09,rsv_vol_65_50_41_410=4962.15,rsv_vol_67_50_41_410=11700.4,sddp_alpha_0_40=1000
o,40,1,sddp_ecut_0_40_52_10,8.47719e+08,,rsv_vol_1_50_40_400=0,rsv_vol_6_50_40_400=2.03587,rsv_vol_21_50_40_400=0,rsv_vol_28_50_40_400=0,rsv_vol_37_50_40_400=4.35808,rsv_vol_63_50_40_400=8532.25,rsv_vol_65_50_40_400=4695.37,rsv_vol_67_50_40_400=14517.1,sddp_alpha_0_39=1000
o,39,1,sddp_ecut_0_39_52_11,7.73673e+08,,rsv_vol_1_50_39_390=0,rsv_vol_6_50_39_390=1.80547,rsv_vol_21_50_39_390=0,rsv_vol_28_50_39_390=0,rsv_vol_37_50_39_390=3.81567,rsv_vol_63_50_39_390=8647.2,rsv_vol_65_50_39_390=4663.56,rsv_vol_67_50_39_390=15042.9,sddp_alpha_0_38=1000
o,38,1,sddp_ecut_0_38_52_12,7.79346e+08,,rsv_vol_1_50_38_380=0,rsv_vol_6_50_38_380=-12.7532,rsv_vol_21_50_38_380=0,rsv_vol_28_50_38_380=0,rsv_vol_37_50_38_380=2.83015,rsv_vol_63_50_38_380=9549.15,rsv_vol_65_50_38_380=12661.7,rsv_vol_67_50_38_380=-235.104,sddp_alpha_0_37=1000
o,37,1,sddp_ecut_0_37_52_13,6.45813e+08,,rsv_vol_1_50_37_370=0,rsv_vol_6_50_37_370=-13.6252,rsv_vol_21_50_37_370=0,rsv_vol_28_50_37_370=0,rsv_vol_37_50_37_370=2.23528,rsv_vol_63_50_37_370=9443.88,rsv_vol_65_50_37_370=0,rsv_vol_67_50_37_370=15930,sddp_alpha_0_36=1000
o,36,1,sddp_ecut_0_36_52_14,7.0939e+08,,rsv_vol_1_50_36_360=0,rsv_vol_6_50_36_360=-29.2047,rsv_vol_21_50_36_360=0,rsv_vol_28_50_36_360=0,rsv_vol_37_50_36_360=2.77566,rsv_vol_63_50_36_360=9090.91,rsv_vol_65_50_36_360=0,rsv_vol_67_50_36_360=15229.1,sddp_alpha_0_35=1000
o,35,1,sddp_ecut_0_35_52_15,7.38236e+08,,rsv_vol_1_50_35_350=0,rsv_vol_6_50_35_350=-105.102,rsv_vol_21_50_35_350=0,rsv_vol_28_50_35_350=0,rsv_vol_37_50_35_350=0.693072,rsv_vol_63_50_35_350=8573.34,rsv_vol_65_50_35_350=0,rsv_vol_67_50_35_350=3253.05,sddp_alpha_0_34=1000
o,34,1,sddp_ecut_0_34_52_16,7.15841e+08,,rsv_vol_1_50_34_340=0,rsv_vol_6_50_34_340=-29.8209,rsv_vol_21_50_34_340=0,rsv_vol_28_50_34_340=0,rsv_vol_37_50_34_340=1.1029,rsv_vol_63_50_34_340=9189.82,rsv_vol_65_50_34_340=0,rsv_vol_67_50_34_340=1639.13,sddp_alpha_0_33=1000
o,33,1,sddp_ecut_0_33_52_17,7.85711e+08,,rsv_vol_1_50_33_330=0,rsv_vol_6_50_33_330=1.41522,rsv_vol_21_50_33_330=0,rsv_vol_28_50_33_330=0,rsv_vol_37_50_33_330=2.15555,rsv_vol_63_50_33_330=7432.22,rsv_vol_65_50_33_330=0,rsv_vol_67_50_33_330=7990.96,sddp_alpha_0_32=1000
o,32,1,sddp_ecut_0_32_52_18,7.86227e+08,,rsv_vol_1_50_32_320=0,rsv_vol_6_50_32_320=1.50884,rsv_vol_21_50_32_320=0,rsv_vol_28_50_32_320=0,rsv_vol_37_50_32_320=1.93903,rsv_vol_63_50_32_320=4402.97,rsv_vol_65_50_32_320=0,rsv_vol_67_50_32_320=8573.67,sddp_alpha_0_31=1000
o,31,1,sddp_ecut_0_31_52_19,8.80882e+08,,rsv_vol_1_50_31_310=0,rsv_vol_6_50_31_310=1.86777,rsv_vol_21_50_31_310=0,rsv_vol_28_50_31_310=0,rsv_vol_37_50_31_310=2.48662,rsv_vol_63_50_31_310=1807.29,rsv_vol_65_50_31_310=-15.5341,rsv_vol_67_50_31_310=12724.6,sddp_alpha_0_30=1000
o,30,1,sddp_ecut_0_30_52_20,9.50338e+08,,rsv_vol_1_50_30_300=0,rsv_vol_6_50_30_300=2.42933,rsv_vol_21_50_30_300=0,rsv_vol_28_50_30_300=0,rsv_vol_37_50_30_300=3.57529,rsv_vol_63_50_30_300=8717.49,rsv_vol_65_50_30_300=-31.3159,rsv_vol_67_50_30_300=16476.2,sddp_alpha_0_29=1000
o,29,1,sddp_ecut_0_29_52_21,9.75418e+08,,rsv_vol_1_50_29_290=0,rsv_vol_6_50_29_290=3.07721,rsv_vol_21_50_29_290=0,rsv_vol_28_50_29_290=0,rsv_vol_37_50_29_290=2.22383,rsv_vol_63_50_29_290=8648.77,rsv_vol_65_50_29_290=15585.7,rsv_vol_67_50_29_290=3619.72,sddp_alpha_0_28=1000
o,28,1,sddp_ecut_0_28_52_22,1.03339e+09,,rsv_vol_1_50_28_280=0,rsv_vol_6_50_28_280=3.41761,rsv_vol_21_50_28_280=0,rsv_vol_28_50_28_280=0,rsv_vol_37_50_28_280=6.63199,rsv_vol_63_50_28_280=10199,rsv_vol_65_50_28_280=23688.4,rsv_vol_67_50_28_280=1852.15,sddp_alpha_0_27=1000
o,27,1,sddp_ecut_0_27_52_23,9.23448e+08,,rsv_vol_1_50_27_270=0,rsv_vol_6_50_27_270=-30.9372,rsv_vol_21_50_27_270=0,rsv_vol_28_50_27_270=0,rsv_vol_37_50_27_270=1.23183,rsv_vol_63_50_27_270=9289.17,rsv_vol_65_50_27_270=4392.88,rsv_vol_67_50_27_270=-256.569,sddp_alpha_0_26=1000
o,26,1,sddp_ecut_0_26_52_24,9.38607e+08,,rsv_vol_1_50_26_260=0,rsv_vol_6_50_26_260=-47.1974,rsv_vol_21_50_26_260=0,rsv_vol_28_50_26_260=0,rsv_vol_37_50_26_260=5.18722,rsv_vol_63_50_26_260=10361.7,rsv_vol_65_50_26_260=0,rsv_vol_67_50_26_260=17207.8,sddp_alpha_0_25=1000
o,25,1,sddp_ecut_0_25_52_25,8.2928e+08,,rsv_vol_1_50_25_250=0,rsv_vol_6_50_25_250=-63.968,rsv_vol_21_50_25_250=0,rsv_vol_28_50_25_250=0,rsv_vol_37_50_25_250=4.78176,rsv_vol_63_50_25_250=11019,rsv_vol_65_50_25_250=0,rsv_vol_67_50_25_250=18631.8,sddp_alpha_0_24=1000
o,24,1,sddp_ecut_0_24_52_26,9.00769e+08,,rsv_vol_1_50_24_240=0,rsv_vol_6_50_24_240=-146.75,rsv_vol_21_50_24_240=0,rsv_vol_28_50_24_240=0,rsv_vol_37_50_24_240=3.85428,rsv_vol_63_50_24_240=10337,rsv_vol_65_50_24_240=0,rsv_vol_67_50_24_240=17158.7,sddp_alpha_0_23=1000
o,23,1,sddp_ecut_0_23_52_27,8.7139e+08,,rsv_vol_1_50_23_230=0,rsv_vol_6_50_23_230=-115.323,rsv_vol_21_50_23_230=0,rsv_vol_28_50_23_230=0,rsv_vol_37_50_23_230=1.29822,rsv_vol_63_50_23_230=8882.42,rsv_vol_65_50_23_230=0,rsv_vol_67_50_23_230=6594.82,sddp_alpha_0_22=1000
o,22,1,sddp_ecut_0_22_52_28,2.25306e+08,,rsv_vol_1_50_22_220=0,rsv_vol_6_50_22_220=0.3573,rsv_vol_21_50_22_220=0,rsv_vol_28_50_22_220=0,rsv_vol_37_50_22_220=0.483474,rsv_vol_63_50_22_220=7.80866,rsv_vol_65_50_22_220=-16.6852,rsv_vol_67_50_22_220=2751.78,sddp_alpha_0_21=1000
o,21,1,sddp_ecut_0_21_52_29,1.97243e+08,,rsv_vol_1_50_21_210=0,rsv_vol_6_50_21_210=0.327868,rsv_vol_21_50_21_210=0,rsv_vol_28_50_21_210=0,rsv_vol_37_50_21_210=0.353737,rsv_vol_63_50_21_210=7.20799,rsv_vol_65_50_21_210=-16.6852,rsv_vol_67_50_21_210=1323.9,sddp_alpha_0_20=1000
o,20,1,sddp_ecut_0_20_52_30,2.24944e+08,,rsv_vol_1_50_20_200=0,rsv_vol_6_50_20_200=0.396313,rsv_vol_21_50_20_200=0,rsv_vol_28_50_20_200=0,rsv_vol_37_50_20_200=0.345962,rsv_vol_63_50_20_200=6.00666,rsv_vol_65_50_20_200=-50.0555,rsv_vol_67_50_20_200=1140.36,sddp_alpha_0_19=1000
o,19,1,sddp_ecut_0_19_52_31,1.9615e+08,,rsv_vol_1_50_19_190=0,rsv_vol_6_50_19_190=0.358616,rsv_vol_21_50_19_190=0,rsv_vol_28_50_19_190=0,rsv_vol_37_50_19_190=0.248175,rsv_vol_63_50_19_190=7.20799,rsv_vol_65_50_19_190=-50.0555,rsv_vol_67_50_19_190=392.776,sddp_alpha_0_18=1000
o,18,1,sddp_ecut_0_18_52_32,2.4088e+08,,rsv_vol_1_50_18_180=0,rsv_vol_6_50_18_180=0.402678,rsv_vol_21_50_18_180=0,rsv_vol_28_50_18_180=0,rsv_vol_37_50_18_180=0.414202,rsv_vol_63_50_18_180=7.26547,rsv_vol_65_50_18_180=-50.4547,rsv_vol_67_50_18_180=2041.26,sddp_alpha_0_17=1000
o,17,1,sddp_ecut_0_17_52_33,2.42099e+08,,rsv_vol_1_50_17_170=0,rsv_vol_6_50_17_170=0.412814,rsv_vol_21_50_17_170=0,rsv_vol_28_50_17_170=0,rsv_vol_37_50_17_170=0.503725,rsv_vol_63_50_17_170=7.26547,rsv_vol_65_50_17_170=-33.6364,rsv_vol_67_50_17_170=1572.26,sddp_alpha_0_16=1000
o,16,1,sddp_ecut_0_16_52_34,2.42624e+08,,rsv_vol_1_50_16_160=0,rsv_vol_6_50_16_160=0.418494,rsv_vol_21_50_16_160=0,rsv_vol_28_50_16_160=0,rsv_vol_37_50_16_160=0.488897,rsv_vol_63_50_16_160=6.66001,rsv_vol_65_50_16_160=0,rsv_vol_67_50_16_160=3249.37,sddp_alpha_0_15=1000
o,15,1,sddp_ecut_0_15_52_35,2.12073e+08,,rsv_vol_1_50_15_150=0,rsv_vol_6_50_15_150=0.375323,rsv_vol_21_50_15_150=0,rsv_vol_28_50_15_150=0,rsv_vol_37_50_15_150=0.336979,rsv_vol_63_50_15_150=4.23819,rsv_vol_65_50_15_150=-16.8182,rsv_vol_67_50_15_150=772.609,sddp_alpha_0_14=1000
o,14,1,sddp_ecut_0_14_52_36,2.51893e+08,,rsv_vol_1_50_14_140=0,rsv_vol_6_50_14_140=0.486347,rsv_vol_21_50_14_140=0,rsv_vol_28_50_14_140=0,rsv_vol_37_50_14_140=0.585543,rsv_vol_63_50_14_140=4.88227,rsv_vol_65_50_14_140=-16.9523,rsv_vol_67_50_14_140=5388.82,sddp_alpha_0_13=1000
o,13,1,sddp_ecut_0_13_52_37,2.17886e+08,,rsv_vol_1_50_13_130=0,rsv_vol_6_50_13_130=0.381142,rsv_vol_21_50_13_130=0,rsv_vol_28_50_13_130=0,rsv_vol_37_50_13_130=0.384669,rsv_vol_63_50_13_130=3.05448,rsv_vol_65_50_13_130=-16.9523,rsv_vol_67_50_13_130=1364.34,sddp_alpha_0_12=1000
o,12,1,sddp_ecut_0_12_52_38,2.49692e+08,,rsv_vol_1_50_12_120=0,rsv_vol_6_50_12_120=0.463542,rsv_vol_21_50_12_120=0,rsv_vol_28_50_12_120=0,rsv_vol_37_50_12_120=0.569366,rsv_vol_63_50_12_120=3.66341,rsv_vol_65_50_12_120=-33.9046,rsv_vol_67_50_12_120=4862.43,sddp_alpha_0_11=1000
o,11,1,sddp_ecut_0_11_52_39,2.19629e+08,,rsv_vol_1_50_11_110=0,rsv_vol_6_50_11_110=0.422289,rsv_vol_21_50_11_110=0,rsv_vol_28_50_11_110=0,rsv_vol_37_50_11_110=0.549519,rsv_vol_63_50_11_110=1.22057,rsv_vol_65_50_11_110=0,rsv_vol_67_50_11_110=1867.99,sddp_alpha_0_10=1000
o,10,1,sddp_ecut_0_10_52_40,2.60918e+08,,rsv_vol_1_50_10_100=0,rsv_vol_6_50_10_100=0.460434,rsv_vol_21_50_10_100=0,rsv_vol_28_50_10_100=0,rsv_vol_37_50_10_100=0.520056,rsv_vol_63_50_10_100=1.2303,rsv_vol_65_50_10_100=-34.175,rsv_vol_67_50_10_100=2725.03,sddp_alpha_0_9=1000
o,9,1,sddp_ecut_0_9_52_41,2.6257e+08,,rsv_vol_1_50_9_90=0,rsv_vol_6_50_9_90=0.471838,rsv_vol_21_50_9_90=0,rsv_vol_28_50_9_90=0,rsv_vol_37_50_9_90=0.533764,rsv_vol_63_50_9_90=0,rsv_vol_65_50_9_90=-17.0875,rsv_vol_67_50_9_90=2030.46,sddp_alpha_0_8=1000
o,8,1,sddp_ecut_0_8_52_42,2.63448e+08,,rsv_vol_1_50_8_80=0,rsv_vol_6_50_8_80=0.479546,rsv_vol_21_50_8_80=0,rsv_vol_28_50_8_80=0,rsv_vol_37_50_8_80=0.774691,rsv_vol_63_50_8_80=0.00579216,rsv_vol_65_50_8_80=-17.0875,rsv_vol_67_50_8_80=4295.42,sddp_alpha_0_7=1000
o,7,1,sddp_ecut_0_7_52_43,2.31658e+08,,rsv_vol_1_50_7_70=0,rsv_vol_6_50_7_70=0.434487,rsv_vol_21_50_7_70=0,rsv_vol_28_50_7_70=0,rsv_vol_37_50_7_70=0.680909,rsv_vol_63_50_7_70=0.00517157,rsv_vol_65_50_7_70=-17.0875,rsv_vol_67_50_7_70=3123.81,sddp_alpha_0_6=1000
o,6,1,sddp_ecut_0_6_52_44,2.81814e+08,,rsv_vol_1_50_6_60=0,rsv_vol_6_50_6_60=0.528607,rsv_vol_21_50_6_60=0,rsv_vol_28_50_6_60=0,rsv_vol_37_50_6_60=0.936707,rsv_vol_63_50_6_60=0.00755702,rsv_vol_65_50_6_60=0,rsv_vol_67_50_6_60=5943.57,sddp_alpha_0_5=1000
o,5,1,sddp_ecut_0_5_52_45,2.81885e+08,,rsv_vol_1_50_5_50=0,rsv_vol_6_50_5_50=0.554327,rsv_vol_21_50_5_50=0,rsv_vol_28_50_5_50=0,rsv_vol_37_50_5_50=0.73746,rsv_vol_63_50_5_50=0.00649041,rsv_vol_65_50_5_50=0,rsv_vol_67_50_5_50=4823.92,sddp_alpha_0_4=1000
o,4,1,sddp_ecut_0_4_52_46,2.83267e+08,,rsv_vol_1_50_4_40=0,rsv_vol_6_50_4_40=0.554263,rsv_vol_21_50_4_40=0,rsv_vol_28_50_4_40=0,rsv_vol_37_50_4_40=0.812836,rsv_vol_63_50_4_40=0,rsv_vol_65_50_4_40=0,rsv_vol_67_50_4_40=2573.44,sddp_alpha_0_3=1000
o,3,1,sddp_ecut_0_3_52_47,2.50811e+08,,rsv_vol_1_50_3_30=0,rsv_vol_6_50_3_30=0.545396,rsv_vol_21_50_3_30=0,rsv_vol_28_50_3_30=0,rsv_vol_37_50_3_30=0.744395,rsv_vol_63_50_3_30=0,rsv_vol_65_50_3_30=-34.4475,rsv_vol_67_50_3_30=2830.48,sddp_alpha_0_2=1000
o,2,1,sddp_ecut_0_2_52_48,2.25338e+08,,rsv_vol_1_50_2_20=0,rsv_vol_6_50_2_20=0.707866,rsv_vol_21_50_2_20=0,rsv_vol_28_50_2_20=0,rsv_vol_37_50_2_20=0.488828,rsv_vol_63_50_2_20=0,rsv_vol_65_50_2_20=-69.4444,rsv_vol_67_50_2_20=6213.54,sddp_alpha_0_1=1000
o,1,1,sddp_ecut_0_1_52_49,2.65508e+08,,rsv_vol_1_50_1_10=0,rsv_vol_6_50_1_10=0.843154,rsv_vol_21_50_1_10=0,rsv_vol_28_50_1_10=0,rsv_vol_37_50_1_10=0.507562,rsv_vol_63_50_1_10=0,rsv_vol_65_50_1_10=-17.3611,rsv_vol_67_50_1_10=9920.79,sddp_alpha_0_0=1000
o,50,1,sddp_ecut_0_50_53_0,7.4197e+08,,rsv_vol_1_50_50_500=0,rsv_vol_6_50_50_500=1.94792,rsv_vol_21_50_50_500=0,rsv_vol_28_50_50_500=0,rsv_vol_37_50_50_500=2.90475,rsv_vol_63_50_50_500=9343.02,rsv_vol_65_50_50_500=35009.8,rsv_vol_67_50_50_500=15127.2,sddp_alpha_0_49=1000
o,49,1,sddp_ecut_0_49_53_1,5.94245e+08,,rsv_vol_1_50_49_490=0,rsv_vol_6_50_49_490=-12.3816,rsv_vol_21_50_49_490=0,rsv_vol_28_50_49_490=0,rsv_vol_37_50_49_490=1.87958,rsv_vol_63_50_49_490=8418.64,rsv_vol_65_50_49_490=0,rsv_vol_67_50_49_490=14416.9,sddp_alpha_0_48=1000
o,48,1,sddp_ecut_0_48_53_2,6.5112e+08,,rsv_vol_1_50_48_480=0,rsv_vol_6_50_48_480=-26.4146,rsv_vol_21_50_48_480=0,rsv_vol_28_50_48_480=0,rsv_vol_37_50_48_480=2.43005,rsv_vol_63_50_48_480=7621.99,rsv_vol_65_50_48_480=0,rsv_vol_67_50_48_480=13639.3,sddp_alpha_0_47=1000
o,47,1,sddp_ecut_0_47_53_3,6.4186e+08,,rsv_vol_1_50_47_470=0,rsv_vol_6_50_47_470=-95.2668,rsv_vol_21_50_47_470=0,rsv_vol_28_50_47_470=0,rsv_vol_37_50_47_470=1.45394,rsv_vol_63_50_47_470=7678.17,rsv_vol_65_50_47_470=0,rsv_vol_67_50_47_470=9022.1,sddp_alpha_0_46=1000
o,46,1,sddp_ecut_0_46_53_4,6.21959e+08,,rsv_vol_1_50_46_460=0,rsv_vol_6_50_46_460=-123.55,rsv_vol_21_50_46_460=0,rsv_vol_28_50_46_460=0,rsv_vol_37_50_46_460=1.76338,rsv_vol_63_50_46_460=7622.2,rsv_vol_65_50_46_460=0,rsv_vol_67_50_46_460=6941.93,sddp_alpha_0_45=1000
o,45,1,sddp_ecut_0_45_53_5,6.87401e+08,,rsv_vol_1_50_45_450=0,rsv_vol_6_50_45_450=0.839902,rsv_vol_21_50_45_450=0,rsv_vol_28_50_45_450=0,rsv_vol_37_50_45_450=2.51234,rsv_vol_63_50_45_450=7123.3,rsv_vol_65_50_45_450=0,rsv_vol_67_50_45_450=11127.6,sddp_alpha_0_44=1000
o,44,1,sddp_ecut_0_44_53_6,6.90026e+08,,rsv_vol_1_50_44_440=0,rsv_vol_6_50_44_440=1.09349,rsv_vol_21_50_44_440=0,rsv_vol_28_50_44_440=0,rsv_vol_37_50_44_440=2.27898,rsv_vol_63_50_44_440=7545.16,rsv_vol_65_50_44_440=-28.0204,rsv_vol_67_50_44_440=10508.2,sddp_alpha_0_43=1000
o,43,1,sddp_ecut_0_43_53_7,7.71882e+08,,rsv_vol_1_50_43_430=0,rsv_vol_6_50_43_430=1.45338,rsv_vol_21_50_43_430=0,rsv_vol_28_50_43_430=0,rsv_vol_37_50_43_430=2.45561,rsv_vol_63_50_43_430=6525.85,rsv_vol_65_50_43_430=-28.2438,rsv_vol_67_50_43_430=12635.8,sddp_alpha_0_42=1000
o,42,1,sddp_ecut_0_42_53_8,8.26884e+08,,rsv_vol_1_50_42_420=0,rsv_vol_6_50_42_420=2.01369,rsv_vol_21_50_42_420=0,rsv_vol_28_50_42_420=0,rsv_vol_37_50_42_420=3.00551,rsv_vol_63_50_42_420=8883.06,rsv_vol_65_50_42_420=-14.2345,rsv_vol_67_50_42_420=14733.5,sddp_alpha_0_41=1000
o,41,1,sddp_ecut_0_41_53_9,8.32332e+08,,rsv_vol_1_50_41_410=0,rsv_vol_6_50_41_410=1.89132,rsv_vol_21_50_41_410=0,rsv_vol_28_50_41_410=0,rsv_vol_37_50_41_410=2.95122,rsv_vol_63_50_41_410=6677.09,rsv_vol_65_50_41_410=4962.15,rsv_vol_67_50_41_410=11700.4,sddp_alpha_0_40=1000
o,40,1,sddp_ecut_0_40_53_10,8.47719e+08,,rsv_vol_1_50_40_400=0,rsv_vol_6_50_40_400=2.03587,rsv_vol_21_50_40_400=0,rsv_vol_28_50_40_400=0,rsv_vol_37_50_40_400=4.35808,rsv_vol_63_50_40_400=8532.25,rsv_vol_65_50_40_400=4695.37,rsv_vol_67_50_40_400=14517.1,sddp_alpha_0_39=1000
o,39,1,sddp_ecut_0_39_53_11,7.73673e+08,,rsv_vol_1_50_39_390=0,rsv_vol_6_50_39_390=1.80547,rsv_vol_21_50_39_390=0,rsv_vol_28_50_39_390=0,rsv_vol_37_50_39_390=3.81567,rsv_vol_63_50_39_390=8647.2,rsv_vol_65_50_39_390=4663.56,rsv_vol_67_50_39_390=15042.9,sddp_alpha_0_38=1000
o,38,1,sddp_ecut_0_38_53_12,7.79346e+08,,rsv_vol_1_50_38_380=0,rsv_vol_6_50_38_380=-12.7532,rsv_vol_21_50_38_380=0,rsv_vol_28_50_38_380=0,rsv_vol_37_50_38_380=2.83015,rsv_vol_63_50_38_380=9549.15,rsv_vol_65_50_38_380=12661.7,rsv_vol_67_50_38_380=-235.104,sddp_alpha_0_37=1000
o,37,1,sddp_ecut_0_37_53_13,6.45813e+08,,rsv_vol_1_50_37_370=0,rsv_vol_6_50_37_370=-13.6252,rsv_vol_21_50_37_370=0,rsv_vol_28_50_37_370=0,rsv_vol_37_50_37_370=2.23528,rsv_vol_63_50_37_370=9443.88,rsv_vol_65_50_37_370=0,rsv_vol_67_50_37_370=15930,sddp_alpha_0_36=1000
o,36,1,sddp_ecut_0_36_53_14,7.0939e+08,,rsv_vol_1_50_36_360=0,rsv_vol_6_50_36_360=-29.2047,rsv_vol_21_50_36_360=0,rsv_vol_28_50_36_360=0,rsv_vol_37_50_36_360=2.77566,rsv_vol_63_50_36_360=9090.91,rsv_vol_65_50_36_360=0,rsv_vol_67_50_36_360=15229.1,sddp_alpha_0_35=1000
o,35,1,sddp_ecut_0_35_53_15,7.38236e+08,,rsv_vol_1_50_35_350=0,rsv_vol_6_50_35_350=-105.102,rsv_vol_21_50_35_350=0,rsv_vol_28_50_35_350=0,rsv_vol_37_50_35_350=0.693072,rsv_vol_63_50_35_350=8573.34,rsv_vol_65_50_35_350=0,rsv_vol_67_50_35_350=3253.05,sddp_alpha_0_34=1000
o,34,1,sddp_ecut_0_34_53_16,7.15841e+08,,rsv_vol_1_50_34_340=0,rsv_vol_6_50_34_340=-29.8209,rsv_vol_21_50_34_340=0,rsv_vol_28_50_34_340=0,rsv_vol_37_50_34_340=1.1029,rsv_vol_63_50_34_340=9189.82,rsv_vol_65_50_34_340=0,rsv_vol_67_50_34_340=1639.13,sddp_alpha_0_33=1000
o,33,1,sddp_ecut_0_33_53_17,7.85711e+08,,rsv_vol_1_50_33_330=0,rsv_vol_6_50_33_330=1.41522,rsv_vol_21_50_33_330=0,rsv_vol_28_50_33_330=0,rsv_vol_37_50_33_330=2.15555,rsv_vol_63_50_33_330=7432.22,rsv_vol_65_50_33_330=0,rsv_vol_67_50_33_330=7990.96,sddp_alpha_0_32=1000
o,32,1,sddp_ecut_0_32_53_18,7.86227e+08,,rsv_vol_1_50_32_320=0,rsv_vol_6_50_32_320=1.50884,rsv_vol_21_50_32_320=0,rsv_vol_28_50_32_320=0,rsv_vol_37_50_32_320=1.93903,rsv_vol_63_50_32_320=4402.97,rsv_vol_65_50_32_320=0,rsv_vol_67_50_32_320=8573.67,sddp_alpha_0_31=1000
o,31,1,sddp_ecut_0_31_53_19,8.80882e+08,,rsv_vol_1_50_31_310=0,rsv_vol_6_50_31_310=1.86777,rsv_vol_21_50_31_310=0,rsv_vol_28_50_31_310=0,rsv_vol_37_50_31_310=2.48662,rsv_vol_63_50_31_310=1807.29,rsv_vol_65_50_31_310=-15.5341,rsv_vol_67_50_31_310=12724.6,sddp_alpha_0_30=1000
o,30,1,sddp_ecut_0_30_53_20,9.50338e+08,,rsv_vol_1_50_30_300=0,rsv_vol_6_50_30_300=2.42933,rsv_vol_21_50_30_300=0,rsv_vol_28_50_30_300=0,rsv_vol_37_50_30_300=3.57529,rsv_vol_63_50_30_300=8717.49,rsv_vol_65_50_30_300=-31.3159,rsv_vol_67_50_30_300=16476.2,sddp_alpha_0_29=1000
o,29,1,sddp_ecut_0_29_53_21,9.75418e+08,,rsv_vol_1_50_29_290=0,rsv_vol_6_50_29_290=3.07721,rsv_vol_21_50_29_290=0,rsv_vol_28_50_29_290=0,rsv_vol_37_50_29_290=2.22383,rsv_vol_63_50_29_290=8648.77,rsv_vol_65_50_29_290=15585.7,rsv_vol_67_50_29_290=3619.72,sddp_alpha_0_28=1000
o,28,1,sddp_ecut_0_28_53_22,1.03339e+09,,rsv_vol_1_50_28_280=0,rsv_vol_6_50_28_280=3.41761,rsv_vol_21_50_28_280=0,rsv_vol_28_50_28_280=0,rsv_vol_37_50_28_280=6.63199,rsv_vol_63_50_28_280=10199,rsv_vol_65_50_28_280=23688.4,rsv_vol_67_50_28_280=1852.15,sddp_alpha_0_27=1000
o,27,1,sddp_ecut_0_27_53_23,9.23448e+08,,rsv_vol_1_50_27_270=0,rsv_vol_6_50_27_270=-30.9372,rsv_vol_21_50_27_270=0,rsv_vol_28_50_27_270=0,rsv_vol_37_50_27_270=1.23183,rsv_vol_63_50_27_270=9289.17,rsv_vol_65_50_27_270=4392.88,rsv_vol_67_50_27_270=-256.569,sddp_alpha_0_26=1000
o,26,1,sddp_ecut_0_26_53_24,9.38607e+08,,rsv_vol_1_50_26_260=0,rsv_vol_6_50_26_260=-47.1974,rsv_vol_21_50_26_260=0,rsv_vol_28_50_26_260=0,rsv_vol_37_50_26_260=5.18722,rsv_vol_63_50_26_260=10361.7,rsv_vol_65_50_26_260=0,rsv_vol_67_50_26_260=17207.8,sddp_alpha_0_25=1000
o,25,1,sddp_ecut_0_25_53_25,8.2928e+08,,rsv_vol_1_50_25_250=0,rsv_vol_6_50_25_250=-63.968,rsv_vol_21_50_25_250=0,rsv_vol_28_50_25_250=0,rsv_vol_37_50_25_250=4.78176,rsv_vol_63_50_25_250=11019,rsv_vol_65_50_25_250=0,rsv_vol_67_50_25_250=18631.8,sddp_alpha_0_24=1000
o,24,1,sddp_ecut_0_24_53_26,9.00769e+08,,rsv_vol_1_50_24_240=0,rsv_vol_6_50_24_240=-146.75,rsv_vol_21_50_24_240=0,rsv_vol_28_50_24_240=0,rsv_vol_37_50_24_240=3.85428,rsv_vol_63_50_24_240=10337,rsv_vol_65_50_24_240=0,rsv_vol_67_50_24_240=17158.7,sddp_alpha_0_23=1000
o,23,1,sddp_ecut_0_23_53_27,8.7139e+08,,rsv_vol_1_50_23_230=0,rsv_vol_6_50_23_230=-115.323,rsv_vol_21_50_23_230=0,rsv_vol_28_50_23_230=0,rsv_vol_37_50_23_230=1.29822,rsv_vol_63_50_23_230=8882.42,rsv_vol_65_50_23_230=0,rsv_vol_67_50_23_230=6594.82,sddp_alpha_0_22=1000
o,22,1,sddp_ecut_0_22_53_28,2.25306e+08,,rsv_vol_1_50_22_220=0,rsv_vol_6_50_22_220=0.3573,rsv_vol_21_50_22_220=0,rsv_vol_28_50_22_220=0,rsv_vol_37_50_22_220=0.483474,rsv_vol_63_50_22_220=7.80866,rsv_vol_65_50_22_220=-16.6852,rsv_vol_67_50_22_220=2751.78,sddp_alpha_0_21=1000
o,21,1,sddp_ecut_0_21_53_29,1.97243e+08,,rsv_vol_1_50_21_210=0,rsv_vol_6_50_21_210=0.327868,rsv_vol_21_50_21_210=0,rsv_vol_28_50_21_210=0,rsv_vol_37_50_21_210=0.353737,rsv_vol_63_50_21_210=7.20799,rsv_vol_65_50_21_210=-16.6852,rsv_vol_67_50_21_210=1323.9,sddp_alpha_0_20=1000
o,20,1,sddp_ecut_0_20_53_30,2.24944e+08,,rsv_vol_1_50_20_200=0,rsv_vol_6_50_20_200=0.396313,rsv_vol_21_50_20_200=0,rsv_vol_28_50_20_200=0,rsv_vol_37_50_20_200=0.345962,rsv_vol_63_50_20_200=6.00666,rsv_vol_65_50_20_200=-50.0555,rsv_vol_67_50_20_200=1140.36,sddp_alpha_0_19=1000
o,19,1,sddp_ecut_0_19_53_31,1.9615e+08,,rsv_vol_1_50_19_190=0,rsv_vol_6_50_19_190=0.358616,rsv_vol_21_50_19_190=0,rsv_vol_28_50_19_190=0,rsv_vol_37_50_19_190=0.248175,rsv_vol_63_50_19_190=7.20799,rsv_vol_65_50_19_190=-50.0555,rsv_vol_67_50_19_190=392.776,sddp_alpha_0_18=1000
o,18,1,sddp_ecut_0_18_53_32,2.4088e+08,,rsv_vol_1_50_18_180=0,rsv_vol_6_50_18_180=0.402678,rsv_vol_21_50_18_180=0,rsv_vol_28_50_18_180=0,rsv_vol_37_50_18_180=0.414202,rsv_vol_63_50_18_180=7.26547,rsv_vol_65_50_18_180=-50.4547,rsv_vol_67_50_18_180=2041.26,sddp_alpha_0_17=1000
o,17,1,sddp_ecut_0_17_53_33,2.42099e+08,,rsv_vol_1_50_17_170=0,rsv_vol_6_50_17_170=0.412814,rsv_vol_21_50_17_170=0,rsv_vol_28_50_17_170=0,rsv_vol_37_50_17_170=0.503725,rsv_vol_63_50_17_170=7.26547,rsv_vol_65_50_17_170=-33.6364,rsv_vol_67_50_17_170=1572.26,sddp_alpha_0_16=1000
o,16,1,sddp_ecut_0_16_53_34,2.42624e+08,,rsv_vol_1_50_16_160=0,rsv_vol_6_50_16_160=0.418494,rsv_vol_21_50_16_160=0,rsv_vol_28_50_16_160=0,rsv_vol_37_50_16_160=0.488897,rsv_vol_63_50_16_160=6.66001,rsv_vol_65_50_16_160=0,rsv_vol_67_50_16_160=3249.37,sddp_alpha_0_15=1000
o,15,1,sddp_ecut_0_15_53_35,2.12073e+08,,rsv_vol_1_50_15_150=0,rsv_vol_6_50_15_150=0.375323,rsv_vol_21_50_15_150=0,rsv_vol_28_50_15_150=0,rsv_vol_37_50_15_150=0.336979,rsv_vol_63_50_15_150=4.23819,rsv_vol_65_50_15_150=-16.8182,rsv_vol_67_50_15_150=772.609,sddp_alpha_0_14=1000
o,14,1,sddp_ecut_0_14_53_36,2.51893e+08,,rsv_vol_1_50_14_140=0,rsv_vol_6_50_14_140=0.486347,rsv_vol_21_50_14_140=0,rsv_vol_28_50_14_140=0,rsv_vol_37_50_14_140=0.585543,rsv_vol_63_50_14_140=4.88227,rsv_vol_65_50_14_140=-16.9523,rsv_vol_67_50_14_140=5388.82,sddp_alpha_0_13=1000
o,13,1,sddp_ecut_0_13_53_37,2.17886e+08,,rsv_vol_1_50_13_130=0,rsv_vol_6_50_13_130=0.381142,rsv_vol_21_50_13_130=0,rsv_vol_28_50_13_130=0,rsv_vol_37_50_13_130=0.384669,rsv_vol_63_50_13_130=3.05443,rsv_vol_65_50_13_130=-16.9523,rsv_vol_67_50_13_130=1364.34,sddp_alpha_0_12=1000
o,12,1,sddp_ecut_0_12_53_38,2.49692e+08,,rsv_vol_1_50_12_120=0,rsv_vol_6_50_12_120=0.463542,rsv_vol_21_50_12_120=0,rsv_vol_28_50_12_120=0,rsv_vol_37_50_12_120=0.569366,rsv_vol_63_50_12_120=3.66341,rsv_vol_65_50_12_120=-33.9046,rsv_vol_67_50_12_120=4862.43,sddp_alpha_0_11=1000
o,11,1,sddp_ecut_0_11_53_39,2.19629e+08,,rsv_vol_1_50_11_110=0,rsv_vol_6_50_11_110=0.422289,rsv_vol_21_50_11_110=0,rsv_vol_28_50_11_110=0,rsv_vol_37_50_11_110=0.549519,rsv_vol_63_50_11_110=1.22057,rsv_vol_65_50_11_110=0,rsv_vol_67_50_11_110=1867.99,sddp_alpha_0_10=1000
o,10,1,sddp_ecut_0_10_53_40,2.60918e+08,,rsv_vol_1_50_10_100=0,rsv_vol_6_50_10_100=0.460434,rsv_vol_21_50_10_100=0,rsv_vol_28_50_10_100=0,rsv_vol_37_50_10_100=0.520056,rsv_vol_63_50_10_100=1.2303,rsv_vol_65_50_10_100=-34.175,rsv_vol_67_50_10_100=2725.03,sddp_alpha_0_9=1000
o,9,1,sddp_ecut_0_9_53_41,2.6257e+08,,rsv_vol_1_50_9_90=0,rsv_vol_6_50_9_90=0.471838,rsv_vol_21_50_9_90=0,rsv_vol_28_50_9_90=0,rsv_vol_37_50_9_90=0.533764,rsv_vol_63_50_9_90=0,rsv_vol_65_50_9_90=-17.0875,rsv_vol_67_50_9_90=2030.46,sddp_alpha_0_8=1000
o,8,1,sddp_ecut_0_8_53_42,2.63448e+08,,rsv_vol_1_50_8_80=0,rsv_vol_6_50_8_80=0.479546,rsv_vol_21_50_8_80=0,rsv_vol_28_50_8_80=0,rsv_vol_37_50_8_80=0.774691,rsv_vol_63_50_8_80=0.00579216,rsv_vol_65_50_8_80=-17.0875,rsv_vol_67_50_8_80=4295.42,sddp_alpha_0_7=1000
o,7,1,sddp_ecut_0_7_53_43,2.31658e+08,,rsv_vol_1_50_7_70=0,rsv_vol_6_50_7_70=0.434487,rsv_vol_21_50_7_70=0,rsv_vol_28_50_7_70=0,rsv_vol_37_50_7_70=0.680909,rsv_vol_63_50_7_70=0.00517157,rsv_vol_65_50_7_70=-17.0875,rsv_vol_67_50_7_70=3123.81,sddp_alpha_0_6=1000
o,6,1,sddp_ecut_0_6_53_44,2.81814e+08,,rsv_vol_1_50_6_60=0,rsv_vol_6_50_6_60=0.528607,rsv_vol_21_50_6_60=0,rsv_vol_28_50_6_60=0,rsv_vol_37_50_6_60=0.936707,rsv_vol_63_50_6_60=0.00756529,rsv_vol_65_50_6_60=0,rsv_vol_67_50_6_60=5943.57,sddp_alpha_0_5=1000
o,5,1,sddp_ecut_0_5_53_45,2.81885e+08,,rsv_vol_1_50_5_50=0,rsv_vol_6_50_5_50=0.554327,rsv_vol_21_50_5_50=0,rsv_vol_28_50_5_50=0,rsv_vol_37_50_5_50=0.73746,rsv_vol_63_50_5_50=0.00649041,rsv_vol_65_50_5_50=0,rsv_vol_67_50_5_50=4823.92,sddp_alpha_0_4=1000
o,4,1,sddp_ecut_0_4_53_46,2.83267e+08,,rsv_vol_1_50_4_40=0,rsv_vol_6_50_4_40=0.554263,rsv_vol_21_50_4_40=0,rsv_vol_28_50_4_40=0,rsv_vol_37_50_4_40=0.812836,rsv_vol_63_50_4_40=0,rsv_vol_65_50_4_40=0,rsv_vol_67_50_4_40=2573.44,sddp_alpha_0_3=1000
o,3,1,sddp_ecut_0_3_53_47,2.50811e+08,,rsv_vol_1_50_3_30=0,rsv_vol_6_50_3_30=0.545396,rsv_vol_21_50_3_30=0,rsv_vol_28_50_3_30=0,rsv_vol_37_50_3_30=0.744395,rsv_vol_63_50_3_30=0,rsv_vol_65_50_3_30=-34.4475,rsv_vol_67_50_3_30=2830.48,sddp_alpha_0_2=1000
o,2,1,sddp_ecut_0_2_53_48,2.25338e+08,,rsv_vol_1_50_2_20=0,rsv_vol_6_50_2_20=0.707866,rsv_vol_21_50_2_20=0,rsv_vol_28_50_2_20=0,rsv_vol_37_50_2_20=0.488828,rsv_vol_63_50_2_20=0,rsv_vol_65_50_2_20=-69.4444,rsv_vol_67_50_2_20=6213.54,sddp_alpha_0_1=1000
o,1,1,sddp_ecut_0_1_53_49,2.65508e+08,,rsv_vol_1_50_1_10=0,rsv_vol_6_50_1_10=0.843154,rsv_vol_21_50_1_10=0,rsv_vol_28_50_1_10=0,rsv_vol_37_50_1_10=0.507562,rsv_vol_63_50_1_10=0,rsv_vol_65_50_1_10=-17.3611,rsv_vol_67_50_1_10=9920.79,sddp_alpha_0_0=1000
o,50,1,sddp_ecut_0_50_54_0,7.4197e+08,,rsv_vol_1_50_50_500=0,rsv_vol_6_50_50_500=1.94792,rsv_vol_21_50_50_500=0,rsv_vol_28_50_50_500=0,rsv_vol_37_50_50_500=2.90475,rsv_vol_63_50_50_500=9343.02,rsv_vol_65_50_50_500=35009.8,rsv_vol_67_50_50_500=15127.2,sddp_alpha_0_49=1000
o,49,1,sddp_ecut_0_49_54_1,5.94245e+08,,rsv_vol_1_50_49_490=0,rsv_vol_6_50_49_490=-12.3816,rsv_vol_21_50_49_490=0,rsv_vol_28_50_49_490=0,rsv_vol_37_50_49_490=1.87958,rsv_vol_63_50_49_490=8418.64,rsv_vol_65_50_49_490=0,rsv_vol_67_50_49_490=14416.9,sddp_alpha_0_48=1000
o,48,1,sddp_ecut_0_48_54_2,6.5112e+08,,rsv_vol_1_50_48_480=0,rsv_vol_6_50_48_480=-26.4146,rsv_vol_21_50_48_480=0,rsv_vol_28_50_48_480=0,rsv_vol_37_50_48_480=2.43005,rsv_vol_63_50_48_480=7621.99,rsv_vol_65_50_48_480=0,rsv_vol_67_50_48_480=13639.3,sddp_alpha_0_47=1000
o,47,1,sddp_ecut_0_47_54_3,6.4186e+08,,rsv_vol_1_50_47_470=0,rsv_vol_6_50_47_470=-95.2668,rsv_vol_21_50_47_470=0,rsv_vol_28_50_47_470=0,rsv_vol_37_50_47_470=1.45394,rsv_vol_63_50_47_470=7678.17,rsv_vol_65_50_47_470=0,rsv_vol_67_50_47_470=9022.1,sddp_alpha_0_46=1000
o,46,1,sddp_ecut_0_46_54_4,6.21959e+08,,rsv_vol_1_50_46_460=0,rsv_vol_6_50_46_460=-123.55,rsv_vol_21_50_46_460=0,rsv_vol_28_50_46_460=0,rsv_vol_37_50_46_460=1.76338,rsv_vol_63_50_46_460=7622.2,rsv_vol_65_50_46_460=0,rsv_vol_67_50_46_460=6941.93,sddp_alpha_0_45=1000
o,45,1,sddp_ecut_0_45_54_5,6.87401e+08,,rsv_vol_1_50_45_450=0,rsv_vol_6_50_45_450=0.839902,rsv_vol_21_50_45_450=0,rsv_vol_28_50_45_450=0,rsv_vol_37_50_45_450=2.51234,rsv_vol_63_50_45_450=7123.3,rsv_vol_65_50_45_450=0,rsv_vol_67_50_45_450=11127.6,sddp_alpha_0_44=1000
o,44,1,sddp_ecut_0_44_54_6,6.90026e+08,,rsv_vol_1_50_44_440=0,rsv_vol_6_50_44_440=1.09349,rsv_vol_21_50_44_440=0,rsv_vol_28_50_44_440=0,rsv_vol_37_50_44_440=2.27898,rsv_vol_63_50_44_440=7545.16,rsv_vol_65_50_44_440=-28.0204,rsv_vol_67_50_44_440=10508.2,sddp_alpha_0_43=1000
o,43,1,sddp_ecut_0_43_54_7,7.71882e+08,,rsv_vol_1_50_43_430=0,rsv_vol_6_50_43_430=1.45338,rsv_vol_21_50_43_430=0,rsv_vol_28_50_43_430=0,rsv_vol_37_50_43_430=2.45561,rsv_vol_63_50_43_430=6525.85,rsv_vol_65_50_43_430=-28.2438,rsv_vol_67_50_43_430=12635.8,sddp_alpha_0_42=1000
o,42,1,sddp_ecut_0_42_54_8,8.26884e+08,,rsv_vol_1_50_42_420=0,rsv_vol_6_50_42_420=2.01369,rsv_vol_21_50_42_420=0,rsv_vol_28_50_42_420=0,rsv_vol_37_50_42_420=3.00551,rsv_vol_63_50_42_420=8883.06,rsv_vol_65_50_42_420=-14.2345,rsv_vol_67_50_42_420=14733.5,sddp_alpha_0_41=1000
o,41,1,sddp_ecut_0_41_54_9,8.32332e+08,,rsv_vol_1_50_41_410=0,rsv_vol_6_50_41_410=1.89132,rsv_vol_21_50_41_410=0,rsv_vol_28_50_41_410=0,rsv_vol_37_50_41_410=2.95122,rsv_vol_63_50_41_410=6677.09,rsv_vol_65_50_41_410=4962.15,rsv_vol_67_50_41_410=11700.4,sddp_alpha_0_40=1000
o,40,1,sddp_ecut_0_40_54_10,8.47719e+08,,rsv_vol_1_50_40_400=0,rsv_vol_6_50_40_400=2.03587,rsv_vol_21_50_40_400=0,rsv_vol_28_50_40_400=0,rsv_vol_37_50_40_400=4.35808,rsv_vol_63_50_40_400=8532.25,rsv_vol_65_50_40_400=4695.37,rsv_vol_67_50_40_400=14517.1,sddp_alpha_0_39=1000
o,39,1,sddp_ecut_0_39_54_11,7.73673e+08,,rsv_vol_1_50_39_390=0,rsv_vol_6_50_39_390=1.80547,rsv_vol_21_50_39_390=0,rsv_vol_28_50_39_390=0,rsv_vol_37_50_39_390=3.81567,rsv_vol_63_50_39_390=8647.2,rsv_vol_65_50_39_390=4663.56,rsv_vol_67_50_39_390=15042.9,sddp_alpha_0_38=1000
o,38,1,sddp_ecut_0_38_54_12,7.79346e+08,,rsv_vol_1_50_38_380=0,rsv_vol_6_50_38_380=-12.7532,rsv_vol_21_50_38_380=0,rsv_vol_28_50_38_380=0,rsv_vol_37_50_38_380=2.83015,rsv_vol_63_50_38_380=9549.15,rsv_vol_65_50_38_380=12661.7,rsv_vol_67_50_38_380=-235.104,sddp_alpha_0_37=1000
o,37,1,sddp_ecut_0_37_54_13,6.45813e+08,,rsv_vol_1_50_37_370=0,rsv_vol_6_50_37_370=-13.6252,rsv_vol_21_50_37_370=0,rsv_vol_28_50_37_370=0,rsv_vol_37_50_37_370=2.23528,rsv_vol_63_50_37_370=9443.88,rsv_vol_65_50_37_370=0,rsv_vol_67_50_37_370=15930,sddp_alpha_0_36=1000
o,36,1,sddp_ecut_0_36_54_14,7.0939e+08,,rsv_vol_1_50_36_360=0,rsv_vol_6_50_36_360=-29.2047,rsv_vol_21_50_36_360=0,rsv_vol_28_50_36_360=0,rsv_vol_37_50_36_360=2.77566,rsv_vol_63_50_36_360=9090.91,rsv_vol_65_50_36_360=0,rsv_vol_67_50_36_360=15229.1,sddp_alpha_0_35=1000
o,35,1,sddp_ecut_0_35_54_15,7.38236e+08,,rsv_vol_1_50_35_350=0,rsv_vol_6_50_35_350=-105.102,rsv_vol_21_50_35_350=0,rsv_vol_28_50_35_350=0,rsv_vol_37_50_35_350=0.693072,rsv_vol_63_50_35_350=8573.34,rsv_vol_65_50_35_350=0,rsv_vol_67_50_35_350=3253.05,sddp_alpha_0_34=1000
o,34,1,sddp_ecut_0_34_54_16,7.15841e+08,,rsv_vol_1_50_34_340=0,rsv_vol_6_50_34_340=-29.8209,rsv_vol_21_50_34_340=0,rsv_vol_28_50_34_340=0,rsv_vol_37_50_34_340=1.1029,rsv_vol_63_50_34_340=9189.82,rsv_vol_65_50_34_340=0,rsv_vol_67_50_34_340=1639.13,sddp_alpha_0_33=1000
o,33,1,sddp_ecut_0_33_54_17,7.85711e+08,,rsv_vol_1_50_33_330=0,rsv_vol_6_50_33_330=1.41522,rsv_vol_21_50_33_330=0,rsv_vol_28_50_33_330=0,rsv_vol_37_50_33_330=2.15555,rsv_vol_63_50_33_330=7432.22,rsv_vol_65_50_33_330=0,rsv_vol_67_50_33_330=7990.96,sddp_alpha_0_32=1000
o,32,1,sddp_ecut_0_32_54_18,7.86227e+08,,rsv_vol_1_50_32_320=0,rsv_vol_6_50_32_320=1.50884,rsv_vol_21_50_32_320=0,rsv_vol_28_50_32_320=0,rsv_vol_37_50_32_320=1.93903,rsv_vol_63_50_32_320=4402.97,rsv_vol_65_50_32_320=0,rsv_vol_67_50_32_320=8573.67,sddp_alpha_0_31=1000
o,31,1,sddp_ecut_0_31_54_19,8.80882e+08,,rsv_vol_1_50_31_310=0,rsv_vol_6_50_31_310=1.86777,rsv_vol_21_50_31_310=0,rsv_vol_28_50_31_310=0,rsv_vol_37_50_31_310=2.48662,rsv_vol_63_50_31_310=1807.29,rsv_vol_65_50_31_310=-15.5341,rsv_vol_67_50_31_310=12724.6,sddp_alpha_0_30=1000
o,30,1,sddp_ecut_0_30_54_20,9.50338e+08,,rsv_vol_1_50_30_300=0,rsv_vol_6_50_30_300=2.42933,rsv_vol_21_50_30_300=0,rsv_vol_28_50_30_300=0,rsv_vol_37_50_30_300=3.57529,rsv_vol_63_50_30_300=8717.49,rsv_vol_65_50_30_300=-31.3159,rsv_vol_67_50_30_300=16476.2,sddp_alpha_0_29=1000
o,29,1,sddp_ecut_0_29_54_21,9.75418e+08,,rsv_vol_1_50_29_290=0,rsv_vol_6_50_29_290=3.07721,rsv_vol_21_50_29_290=0,rsv_vol_28_50_29_290=0,rsv_vol_37_50_29_290=2.22383,rsv_vol_63_50_29_290=8648.77,rsv_vol_65_50_29_290=15585.7,rsv_vol_67_50_29_290=3619.72,sddp_alpha_0_28=1000
o,28,1,sddp_ecut_0_28_54_22,1.03339e+09,,rsv_vol_1_50_28_280=0,rsv_vol_6_50_28_280=3.41761,rsv_vol_21_50_28_280=0,rsv_vol_28_50_28_280=0,rsv_vol_37_50_28_280=6.63199,rsv_vol_63_50_28_280=10199,rsv_vol_65_50_28_280=23688.4,rsv_vol_67_50_28_280=1852.15,sddp_alpha_0_27=1000
o,27,1,sddp_ecut_0_27_54_23,9.23448e+08,,rsv_vol_1_50_27_270=0,rsv_vol_6_50_27_270=-30.9372,rsv_vol_21_50_27_270=0,rsv_vol_28_50_27_270=0,rsv_vol_37_50_27_270=1.23183,rsv_vol_63_50_27_270=9289.17,rsv_vol_65_50_27_270=4392.88,rsv_vol_67_50_27_270=-256.569,sddp_alpha_0_26=1000
o,26,1,sddp_ecut_0_26_54_24,9.38607e+08,,rsv_vol_1_50_26_260=0,rsv_vol_6_50_26_260=-47.1974,rsv_vol_21_50_26_260=0,rsv_vol_28_50_26_260=0,rsv_vol_37_50_26_260=5.18722,rsv_vol_63_50_26_260=10361.7,rsv_vol_65_50_26_260=0,rsv_vol_67_50_26_260=17207.8,sddp_alpha_0_25=1000
o,25,1,sddp_ecut_0_25_54_25,8.2928e+08,,rsv_vol_1_50_25_250=0,rsv_vol_6_50_25_250=-63.968,rsv_vol_21_50_25_250=0,rsv_vol_28_50_25_250=0,rsv_vol_37_50_25_250=4.78176,rsv_vol_63_50_25_250=11019,rsv_vol_65_50_25_250=0,rsv_vol_67_50_25_250=18631.8,sddp_alpha_0_24=1000
o,24,1,sddp_ecut_0_24_54_26,9.00769e+08,,rsv_vol_1_50_24_240=0,rsv_vol_6_50_24_240=-146.75,rsv_vol_21_50_24_240=0,rsv_vol_28_50_24_240=0,rsv_vol_37_50_24_240=3.85428,rsv_vol_63_50_24_240=10337,rsv_vol_65_50_24_240=0,rsv_vol_67_50_24_240=17158.7,sddp_alpha_0_23=1000
o,23,1,sddp_ecut_0_23_54_27,8.7139e+08,,rsv_vol_1_50_23_230=0,rsv_vol_6_50_23_230=-115.323,rsv_vol_21_50_23_230=0,rsv_vol_28_50_23_230=0,rsv_vol_37_50_23_230=1.29822,rsv_vol_63_50_23_230=8882.42,rsv_vol_65_50_23_230=0,rsv_vol_67_50_23_230=6594.82,sddp_alpha_0_22=1000
o,22,1,sddp_ecut_0_22_54_28,2.25306e+08,,rsv_vol_1_50_22_220=0,rsv_vol_6_50_22_220=0.3573,rsv_vol_21_50_22_220=0,rsv_vol_28_50_22_220=0,rsv_vol_37_50_22_220=0.483474,rsv_vol_63_50_22_220=7.80866,rsv_vol_65_50_22_220=-16.6852,rsv_vol_67_50_22_220=2751.78,sddp_alpha_0_21=1000
o,21,1,sddp_ecut_0_21_54_29,1.97243e+08,,rsv_vol_1_50_21_210=0,rsv_vol_6_50_21_210=0.327868,rsv_vol_21_50_21_210=0,rsv_vol_28_50_21_210=0,rsv_vol_37_50_21_210=0.353737,rsv_vol_63_50_21_210=7.20799,rsv_vol_65_50_21_210=-16.6852,rsv_vol_67_50_21_210=1323.9,sddp_alpha_0_20=1000
o,20,1,sddp_ecut_0_20_54_30,2.24944e+08,,rsv_vol_1_50_20_200=0,rsv_vol_6_50_20_200=0.396313,rsv_vol_21_50_20_200=0,rsv_vol_28_50_20_200=0,rsv_vol_37_50_20_200=0.345962,rsv_vol_63_50_20_200=6.00666,rsv_vol_65_50_20_200=-50.0555,rsv_vol_67_50_20_200=1140.36,sddp_alpha_0_19=1000
o,19,1,sddp_ecut_0_19_54_31,1.9615e+08,,rsv_vol_1_50_19_190=0,rsv_vol_6_50_19_190=0.358616,rsv_vol_21_50_19_190=0,rsv_vol_28_50_19_190=0,rsv_vol_37_50_19_190=0.248175,rsv_vol_63_50_19_190=7.20799,rsv_vol_65_50_19_190=-50.0555,rsv_vol_67_50_19_190=392.776,sddp_alpha_0_18=1000
o,18,1,sddp_ecut_0_18_54_32,2.4088e+08,,rsv_vol_1_50_18_180=0,rsv_vol_6_50_18_180=0.402678,rsv_vol_21_50_18_180=0,rsv_vol_28_50_18_180=0,rsv_vol_37_50_18_180=0.414202,rsv_vol_63_50_18_180=7.26547,rsv_vol_65_50_18_180=-50.4547,rsv_vol_67_50_18_180=2041.26,sddp_alpha_0_17=1000
o,17,1,sddp_ecut_0_17_54_33,2.42099e+08,,rsv_vol_1_50_17_170=0,rsv_vol_6_50_17_170=0.412814,rsv_vol_21_50_17_170=0,rsv_vol_28_50_17_170=0,rsv_vol_37_50_17_170=0.503725,rsv_vol_63_50_17_170=7.26547,rsv_vol_65_50_17_170=-33.6364,rsv_vol_67_50_17_170=1572.26,sddp_alpha_0_16=1000
o,16,1,sddp_ecut_0_16_54_34,2.42624e+08,,rsv_vol_1_50_16_160=0,rsv_vol_6_50_16_160=0.418494,rsv_vol_21_50_16_160=0,rsv_vol_28_50_16_160=0,rsv_vol_37_50_16_160=0.488897,rsv_vol_63_50_16_160=6.66001,rsv_vol_65_50_16_160=0,rsv_vol_67_50_16_160=3249.37,sddp_alpha_0_15=1000
o,15,1,sddp_ecut_0_15_54_35,2.12073e+08,,rsv_vol_1_50_15_150=0,rsv_vol_6_50_15_150=0.375323,rsv_vol_21_50_15_150=0,rsv_vol_28_50_15_150=0,rsv_vol_37_50_15_150=0.336979,rsv_vol_63_50_15_150=4.23819,rsv_vol_65_50_15_150=-16.8182,rsv_vol_67_50_15_150=772.609,sddp_alpha_0_14=1000
o,14,1,sddp_ecut_0_14_54_36,2.51893e+08,,rsv_vol_1_50_14_140=0,rsv_vol_6_50_14_140=0.486347,rsv_vol_21_50_14_140=0,rsv_vol_28_50_14_140=0,rsv_vol_37_50_14_140=0.585543,rsv_vol_63_50_14_140=4.88227,rsv_vol_65_50_14_140=-16.9523,rsv_vol_67_50_14_140=5388.82,sddp_alpha_0_13=1000
o,13,1,sddp_ecut_0_13_54_37,2.17886e+08,,rsv_vol_1_50_13_130=0,rsv_vol_6_50_13_130=0.381142,rsv_vol_21_50_13_130=0,rsv_vol_28_50_13_130=0,rsv_vol_37_50_13_130=0.384669,rsv_vol_63_50_13_130=3.05446,rsv_vol_65_50_13_130=-16.9523,rsv_vol_67_50_13_130=1364.34,sddp_alpha_0_12=1000
o,12,1,sddp_ecut_0_12_54_38,2.49692e+08,,rsv_vol_1_50_12_120=0,rsv_vol_6_50_12_120=0.463542,rsv_vol_21_50_12_120=0,rsv_vol_28_50_12_120=0,rsv_vol_37_50_12_120=0.569366,rsv_vol_63_50_12_120=3.66341,rsv_vol_65_50_12_120=-33.9046,rsv_vol_67_50_12_120=4862.43,sddp_alpha_0_11=1000
o,11,1,sddp_ecut_0_11_54_39,2.19629e+08,,rsv_vol_1_50_11_110=0,rsv_vol_6_50_11_110=0.422289,rsv_vol_21_50_11_110=0,rsv_vol_28_50_11_110=0,rsv_vol_37_50_11_110=0.549519,rsv_vol_63_50_11_110=1.22057,rsv_vol_65_50_11_110=0,rsv_vol_67_50_11_110=1867.99,sddp_alpha_0_10=1000
o,10,1,sddp_ecut_0_10_54_40,2.60918e+08,,rsv_vol_1_50_10_100=0,rsv_vol_6_50_10_100=0.460434,rsv_vol_21_50_10_100=0,rsv_vol_28_50_10_100=0,rsv_vol_37_50_10_100=0.520056,rsv_vol_63_50_10_100=1.2303,rsv_vol_65_50_10_100=-34.175,rsv_vol_67_50_10_100=2725.03,sddp_alpha_0_9=1000
o,9,1,sddp_ecut_0_9_54_41,2.6257e+08,,rsv_vol_1_50_9_90=0,rsv_vol_6_50_9_90=0.471838,rsv_vol_21_50_9_90=0,rsv_vol_28_50_9_90=0,rsv_vol_37_50_9_90=0.533764,rsv_vol_63_50_9_90=0,rsv_vol_65_50_9_90=-17.0875,rsv_vol_67_50_9_90=2030.46,sddp_alpha_0_8=1000
o,8,1,sddp_ecut_0_8_54_42,2.63448e+08,,rsv_vol_1_50_8_80=0,rsv_vol_6_50_8_80=0.479546,rsv_vol_21_50_8_80=0,rsv_vol_28_50_8_80=0,rsv_vol_37_50_8_80=0.774691,rsv_vol_63_50_8_80=0.00579216,rsv_vol_65_50_8_80=-17.0875,rsv_vol_67_50_8_80=4295.42,sddp_alpha_0_7=1000
o,7,1,sddp_ecut_0_7_54_43,2.31658e+08,,rsv_vol_1_50_7_70=0,rsv_vol_6_50_7_70=0.434487,rsv_vol_21_50_7_70=0,rsv_vol_28_50_7_70=0,rsv_vol_37_50_7_70=0.680909,rsv_vol_63_50_7_70=0.00517157,rsv_vol_65_50_7_70=-17.0875,rsv_vol_67_50_7_70=3123.81,sddp_alpha_0_6=1000
o,6,1,sddp_ecut_0_6_54_44,2.81814e+08,,rsv_vol_1_50_6_60=0,rsv_vol_6_50_6_60=0.528607,rsv_vol_21_50_6_60=0,rsv_vol_28_50_6_60=0,rsv_vol_37_50_6_60=0.936707,rsv_vol_63_50_6_60=0.00756529,rsv_vol_65_50_6_60=0,rsv_vol_67_50_6_60=5943.57,sddp_alpha_0_5=1000
o,5,1,sddp_ecut_0_5_54_45,2.81885e+08,,rsv_vol_1_50_5_50=0,rsv_vol_6_50_5_50=0.554327,rsv_vol_21_50_5_50=0,rsv_vol_28_50_5_50=0,rsv_vol_37_50_5_50=0.73746,rsv_vol_63_50_5_50=0.00649041,rsv_vol_65_50_5_50=0,rsv_vol_67_50_5_50=4823.92,sddp_alpha_0_4=1000
o,4,1,sddp_ecut_0_4_54_46,2.83267e+08,,rsv_vol_1_50_4_40=0,rsv_vol_6_50_4_40=0.554263,rsv_vol_21_50_4_40=0,rsv_vol_28_50_4_40=0,rsv_vol_37_50_4_40=0.812836,rsv_vol_63_50_4_40=0,rsv_vol_65_50_4_40=0,rsv_vol_67_50_4_40=2573.44,sddp_alpha_0_3=1000
o,3,1,sddp_ecut_0_3_54_47,2.50811e+08,,rsv_vol_1_50_3_30=0,rsv_vol_6_50_3_30=0.545396,rsv_vol_21_50_3_30=0,rsv_vol_28_50_3_30=0,rsv_vol_37_50_3_30=0.744395,rsv_vol_63_50_3_30=0,rsv_vol_65_50_3_30=-34.4475,rsv_vol_67_50_3_30=2830.48,sddp_alpha_0_2=1000
o,2,1,sddp_ecut_0_2_54_48,2.25338e+08,,rsv_vol_1_50_2_20=0,rsv_vol_6_50_2_20=0.707866,rsv_vol_21_50_2_20=0,rsv_vol_28_50_2_20=0,rsv_vol_37_50_2_20=0.488828,rsv_vol_63_50_2_20=0,rsv_vol_65_50_2_20=-69.4444,rsv_vol_67_50_2_20=6213.54,sddp_alpha_0_1=1000
o,1,1,sddp_ecut_0_1_54_49,2.65508e+08,,rsv_vol_1_50_1_10=0,rsv_vol_6_50_1_10=0.843154,rsv_vol_21_50_1_10=0,rsv_vol_28_50_1_10=0,rsv_vol_37_50_1_10=0.507562,rsv_vol_63_50_1_10=0,rsv_vol_65_50_1_10=-17.3611,rsv_vol_67_50_1_10=9920.79,sddp_alpha_0_0=1000
o,50,1,sddp_ecut_0_50_55_0,7.4197e+08,,rsv_vol_1_50_50_500=0,rsv_vol_6_50_50_500=1.94792,rsv_vol_21_50_50_500=0,rsv_vol_28_50_50_500=0,rsv_vol_37_50_50_500=2.90475,rsv_vol_63_50_50_500=9343.02,rsv_vol_65_50_50_500=35009.8,rsv_vol_67_50_50_500=15127.2,sddp_alpha_0_49=1000
o,49,1,sddp_ecut_0_49_55_1,5.94245e+08,,rsv_vol_1_50_49_490=0,rsv_vol_6_50_49_490=-12.3816,rsv_vol_21_50_49_490=0,rsv_vol_28_50_49_490=0,rsv_vol_37_50_49_490=1.87958,rsv_vol_63_50_49_490=8418.64,rsv_vol_65_50_49_490=0,rsv_vol_67_50_49_490=14416.9,sddp_alpha_0_48=1000
o,48,1,sddp_ecut_0_48_55_2,6.5112e+08,,rsv_vol_1_50_48_480=0,rsv_vol_6_50_48_480=-26.4146,rsv_vol_21_50_48_480=0,rsv_vol_28_50_48_480=0,rsv_vol_37_50_48_480=2.43005,rsv_vol_63_50_48_480=7621.99,rsv_vol_65_50_48_480=0,rsv_vol_67_50_48_480=13639.3,sddp_alpha_0_47=1000
o,47,1,sddp_ecut_0_47_55_3,6.4186e+08,,rsv_vol_1_50_47_470=0,rsv_vol_6_50_47_470=-95.2668,rsv_vol_21_50_47_470=0,rsv_vol_28_50_47_470=0,rsv_vol_37_50_47_470=1.45394,rsv_vol_63_50_47_470=7678.17,rsv_vol_65_50_47_470=0,rsv_vol_67_50_47_470=9022.1,sddp_alpha_0_46=1000
o,46,1,sddp_ecut_0_46_55_4,6.21959e+08,,rsv_vol_1_50_46_460=0,rsv_vol_6_50_46_460=-123.55,rsv_vol_21_50_46_460=0,rsv_vol_28_50_46_460=0,rsv_vol_37_50_46_460=1.76338,rsv_vol_63_50_46_460=7622.2,rsv_vol_65_50_46_460=0,rsv_vol_67_50_46_460=6941.93,sddp_alpha_0_45=1000
o,45,1,sddp_ecut_0_45_55_5,6.87401e+08,,rsv_vol_1_50_45_450=0,rsv_vol_6_50_45_450=0.839902,rsv_vol_21_50_45_450=0,rsv_vol_28_50_45_450=0,rsv_vol_37_50_45_450=2.51234,rsv_vol_63_50_45_450=7123.3,rsv_vol_65_50_45_450=0,rsv_vol_67_50_45_450=11127.6,sddp_alpha_0_44=1000
o,44,1,sddp_ecut_0_44_55_6,6.90026e+08,,rsv_vol_1_50_44_440=0,rsv_vol_6_50_44_440=1.09349,rsv_vol_21_50_44_440=0,rsv_vol_28_50_44_440=0,rsv_vol_37_50_44_440=2.27898,rsv_vol_63_50_44_440=7545.16,rsv_vol_65_50_44_440=-28.0204,rsv_vol_67_50_44_440=10508.2,sddp_alpha_0_43=1000
o,43,1,sddp_ecut_0_43_55_7,7.71882e+08,,rsv_vol_1_50_43_430=0,rsv_vol_6_50_43_430=1.45338,rsv_vol_21_50_43_430=0,rsv_vol_28_50_43_430=0,rsv_vol_37_50_43_430=2.45561,rsv_vol_63_50_43_430=6525.85,rsv_vol_65_50_43_430=-28.2438,rsv_vol_67_50_43_430=12635.8,sddp_alpha_0_42=1000
o,42,1,sddp_ecut_0_42_55_8,8.26884e+08,,rsv_vol_1_50_42_420=0,rsv_vol_6_50_42_420=2.01369,rsv_vol_21_50_42_420=0,rsv_vol_28_50_42_420=0,rsv_vol_37_50_42_420=3.00551,rsv_vol_63_50_42_420=8883.06,rsv_vol_65_50_42_420=-14.2345,rsv_vol_67_50_42_420=14733.5,sddp_alpha_0_41=1000
o,41,1,sddp_ecut_0_41_55_9,8.32332e+08,,rsv_vol_1_50_41_410=0,rsv_vol_6_50_41_410=1.89132,rsv_vol_21_50_41_410=0,rsv_vol_28_50_41_410=0,rsv_vol_37_50_41_410=2.95122,rsv_vol_63_50_41_410=6677.09,rsv_vol_65_50_41_410=4962.15,rsv_vol_67_50_41_410=11700.4,sddp_alpha_0_40=1000
o,40,1,sddp_ecut_0_40_55_10,8.47719e+08,,rsv_vol_1_50_40_400=0,rsv_vol_6_50_40_400=2.03587,rsv_vol_21_50_40_400=0,rsv_vol_28_50_40_400=0,rsv_vol_37_50_40_400=4.35808,rsv_vol_63_50_40_400=8532.25,rsv_vol_65_50_40_400=4695.37,rsv_vol_67_50_40_400=14517.1,sddp_alpha_0_39=1000
o,39,1,sddp_ecut_0_39_55_11,7.73673e+08,,rsv_vol_1_50_39_390=0,rsv_vol_6_50_39_390=1.80547,rsv_vol_21_50_39_390=0,rsv_vol_28_50_39_390=0,rsv_vol_37_50_39_390=3.81567,rsv_vol_63_50_39_390=8647.2,rsv_vol_65_50_39_390=4663.56,rsv_vol_67_50_39_390=15042.9,sddp_alpha_0_38=1000
o,38,1,sddp_ecut_0_38_55_12,7.79346e+08,,rsv_vol_1_50_38_380=0,rsv_vol_6_50_38_380=-12.7532,rsv_vol_21_50_38_380=0,rsv_vol_28_50_38_380=0,rsv_vol_37_50_38_380=2.83015,rsv_vol_63_50_38_380=9549.15,rsv_vol_65_50_38_380=12661.7,rsv_vol_67_50_38_380=-235.104,sddp_alpha_0_37=1000
o,37,1,sddp_ecut_0_37_55_13,6.45813e+08,,rsv_vol_1_50_37_370=0,rsv_vol_6_50_37_370=-13.6252,rsv_vol_21_50_37_370=0,rsv_vol_28_50_37_370=0,rsv_vol_37_50_37_370=2.23528,rsv_vol_63_50_37_370=9443.88,rsv_vol_65_50_37_370=0,rsv_vol_67_50_37_370=15930,sddp_alpha_0_36=1000
o,36,1,sddp_ecut_0_36_55_14,7.0939e+08,,rsv_vol_1_50_36_360=0,rsv_vol_6_50_36_360=-29.2047,rsv_vol_21_50_36_360=0,rsv_vol_28_50_36_360=0,rsv_vol_37_50_36_360=2.77566,rsv_vol_63_50_36_360=9090.91,rsv_vol_65_50_36_360=0,rsv_vol_67_50_36_360=15229.1,sddp_alpha_0_35=1000
o,35,1,sddp_ecut_0_35_55_15,7.38236e+08,,rsv_vol_1_50_35_350=0,rsv_vol_6_50_35_350=-105.102,rsv_vol_21_50_35_350=0,rsv_vol_28_50_35_350=0,rsv_vol_37_50_35_350=0.693072,rsv_vol_63_50_35_350=8573.34,rsv_vol_65_50_35_350=0,rsv_vol_67_50_35_350=3253.05,sddp_alpha_0_34=1000
o,34,1,sddp_ecut_0_34_55_16,7.15841e+08,,rsv_vol_1_50_34_340=0,rsv_vol_6_50_34_340=-29.8209,rsv_vol_21_50_34_340=0,rsv_vol_28_50_34_340=0,rsv_vol_37_50_34_340=1.1029,rsv_vol_63_50_34_340=9189.82,rsv_vol_65_50_34_340=0,rsv_vol_67_50_34_340=1639.13,sddp_alpha_0_33=1000
o,33,1,sddp_ecut_0_33_55_17,7.85711e+08,,rsv_vol_1_50_33_330=0,rsv_vol_6_50_33_330=1.41522,rsv_vol_21_50_33_330=0,rsv_vol_28_50_33_330=0,rsv_vol_37_50_33_330=2.15555,rsv_vol_63_50_33_330=7432.22,rsv_vol_65_50_33_330=0,rsv_vol_67_50_33_330=7990.96,sddp_alpha_0_32=1000
o,32,1,sddp_ecut_0_32_55_18,7.86227e+08,,rsv_vol_1_50_32_320=0,rsv_vol_6_50_32_320=1.50884,rsv_vol_21_50_32_320=0,rsv_vol_28_50_32_320=0,rsv_vol_37_50_32_320=1.93903,rsv_vol_63_50_32_320=4402.97,rsv_vol_65_50_32_320=0,rsv_vol_67_50_32_320=8573.67,sddp_alpha_0_31=1000
o,31,1,sddp_ecut_0_31_55_19,8.80882e+08,,rsv_vol_1_50_31_310=0,rsv_vol_6_50_31_310=1.86777,rsv_vol_21_50_31_310=0,rsv_vol_28_50_31_310=0,rsv_vol_37_50_31_310=2.48662,rsv_vol_63_50_31_310=1807.29,rsv_vol_65_50_31_310=-15.5341,rsv_vol_67_50_31_310=12724.6,sddp_alpha_0_30=1000
o,30,1,sddp_ecut_0_30_55_20,9.50338e+08,,rsv_vol_1_50_30_300=0,rsv_vol_6_50_30_300=2.42933,rsv_vol_21_50_30_300=0,rsv_vol_28_50_30_300=0,rsv_vol_37_50_30_300=3.57529,rsv_vol_63_50_30_300=8717.49,rsv_vol_65_50_30_300=-31.3159,rsv_vol_67_50_30_300=16476.2,sddp_alpha_0_29=1000
o,29,1,sddp_ecut_0_29_55_21,9.75418e+08,,rsv_vol_1_50_29_290=0,rsv_vol_6_50_29_290=3.07721,rsv_vol_21_50_29_290=0,rsv_vol_28_50_29_290=0,rsv_vol_37_50_29_290=2.22383,rsv_vol_63_50_29_290=8648.77,rsv_vol_65_50_29_290=15585.7,rsv_vol_67_50_29_290=3619.72,sddp_alpha_0_28=1000
o,28,1,sddp_ecut_0_28_55_22,1.03339e+09,,rsv_vol_1_50_28_280=0,rsv_vol_6_50_28_280=3.41761,rsv_vol_21_50_28_280=0,rsv_vol_28_50_28_280=0,rsv_vol_37_50_28_280=6.63199,rsv_vol_63_50_28_280=10199,rsv_vol_65_50_28_280=23688.4,rsv_vol_67_50_28_280=1852.15,sddp_alpha_0_27=1000
o,27,1,sddp_ecut_0_27_55_23,9.23448e+08,,rsv_vol_1_50_27_270=0,rsv_vol_6_50_27_270=-30.9372,rsv_vol_21_50_27_270=0,rsv_vol_28_50_27_270=0,rsv_vol_37_50_27_270=1.23183,rsv_vol_63_50_27_270=9289.17,rsv_vol_65_50_27_270=4392.88,rsv_vol_67_50_27_270=-256.569,sddp_alpha_0_26=1000
o,26,1,sddp_ecut_0_26_55_24,9.38607e+08,,rsv_vol_1_50_26_260=0,rsv_vol_6_50_26_260=-47.1974,rsv_vol_21_50_26_260=0,rsv_vol_28_50_26_260=0,rsv_vol_37_50_26_260=5.18722,rsv_vol_63_50_26_260=10361.7,rsv_vol_65_50_26_260=0,rsv_vol_67_50_26_260=17207.8,sddp_alpha_0_25=1000
o,25,1,sddp_ecut_0_25_55_25,8.2928e+08,,rsv_vol_1_50_25_250=0,rsv_vol_6_50_25_250=-63.968,rsv_vol_21_50_25_250=0,rsv_vol_28_50_25_250=0,rsv_vol_37_50_25_250=4.78176,rsv_vol_63_50_25_250=11019,rsv_vol_65_50_25_250=0,rsv_vol_67_50_25_250=18631.8,sddp_alpha_0_24=1000
o,24,1,sddp_ecut_0_24_55_26,9.00769e+08,,rsv_vol_1_50_24_240=0,rsv_vol_6_50_24_240=-146.75,rsv_vol_21_50_24_240=0,rsv_vol_28_50_24_240=0,rsv_vol_37_50_24_240=3.85428,rsv_vol_63_50_24_240=10337,rsv_vol_65_50_24_240=0,rsv_vol_67_50_24_240=17158.7,sddp_alpha_0_23=1000
o,23,1,sddp_ecut_0_23_55_27,8.7139e+08,,rsv_vol_1_50_23_230=0,rsv_vol_6_50_23_230=-115.323,rsv_vol_21_50_23_230=0,rsv_vol_28_50_23_230=0,rsv_vol_37_50_23_230=1.29822,rsv_vol_63_50_23_230=8882.42,rsv_vol_65_50_23_230=0,rsv_vol_67_50_23_230=6594.82,sddp_alpha_0_22=1000
o,22,1,sddp_ecut_0_22_55_28,2.25306e+08,,rsv_vol_1_50_22_220=0,rsv_vol_6_50_22_220=0.3573,rsv_vol_21_50_22_220=0,rsv_vol_28_50_22_220=0,rsv_vol_37_50_22_220=0.483474,rsv_vol_63_50_22_220=7.80866,rsv_vol_65_50_22_220=-16.6852,rsv_vol_67_50_22_220=2751.78,sddp_alpha_0_21=1000
o,21,1,sddp_ecut_0_21_55_29,1.97243e+08,,rsv_vol_1_50_21_210=0,rsv_vol_6_50_21_210=0.327868,rsv_vol_21_50_21_210=0,rsv_vol_28_50_21_210=0,rsv_vol_37_50_21_210=0.353737,rsv_vol_63_50_21_210=7.20799,rsv_vol_65_50_21_210=-16.6852,rsv_vol_67_50_21_210=1323.9,sddp_alpha_0_20=1000
o,20,1,sddp_ecut_0_20_55_30,2.24944e+08,,rsv_vol_1_50_20_200=0,rsv_vol_6_50_20_200=0.396313,rsv_vol_21_50_20_200=0,rsv_vol_28_50_20_200=0,rsv_vol_37_50_20_200=0.345962,rsv_vol_63_50_20_200=6.00666,rsv_vol_65_50_20_200=-50.0555,rsv_vol_67_50_20_200=1140.36,sddp_alpha_0_19=1000
o,19,1,sddp_ecut_0_19_55_31,1.9615e+08,,rsv_vol_1_50_19_190=0,rsv_vol_6_50_19_190=0.358616,rsv_vol_21_50_19_190=0,rsv_vol_28_50_19_190=0,rsv_vol_37_50_19_190=0.248175,rsv_vol_63_50_19_190=7.20799,rsv_vol_65_50_19_190=-50.0555,rsv_vol_67_50_19_190=392.776,sddp_alpha_0_18=1000
o,18,1,sddp_ecut_0_18_55_32,2.4088e+08,,rsv_vol_1_50_18_180=0,rsv_vol_6_50_18_180=0.402678,rsv_vol_21_50_18_180=0,rsv_vol_28_50_18_180=0,rsv_vol_37_50_18_180=0.414202,rsv_vol_63_50_18_180=7.26547,rsv_vol_65_50_18_180=-50.4547,rsv_vol_67_50_18_180=2041.26,sddp_alpha_0_17=1000
o,17,1,sddp_ecut_0_17_55_33,2.42099e+08,,rsv_vol_1_50_17_170=0,rsv_vol_6_50_17_170=0.412814,rsv_vol_21_50_17_170=0,rsv_vol_28_50_17_170=0,rsv_vol_37_50_17_170=0.503725,rsv_vol_63_50_17_170=7.26547,rsv_vol_65_50_17_170=-33.6364,rsv_vol_67_50_17_170=1572.26,sddp_alpha_0_16=1000
o,16,1,sddp_ecut_0_16_55_34,2.42624e+08,,rsv_vol_1_50_16_160=0,rsv_vol_6_50_16_160=0.418494,rsv_vol_21_50_16_160=0,rsv_vol_28_50_16_160=0,rsv_vol_37_50_16_160=0.488897,rsv_vol_63_50_16_160=6.66001,rsv_vol_65_50_16_160=0,rsv_vol_67_50_16_160=3249.37,sddp_alpha_0_15=1000
o,15,1,sddp_ecut_0_15_55_35,2.12073e+08,,rsv_vol_1_50_15_150=0,rsv_vol_6_50_15_150=0.375323,rsv_vol_21_50_15_150=0,rsv_vol_28_50_15_150=0,rsv_vol_37_50_15_150=0.336979,rsv_vol_63_50_15_150=4.23819,rsv_vol_65_50_15_150=-16.8182,rsv_vol_67_50_15_150=772.609,sddp_alpha_0_14=1000
o,14,1,sddp_ecut_0_14_55_36,2.51893e+08,,rsv_vol_1_50_14_140=0,rsv_vol_6_50_14_140=0.486347,rsv_vol_21_50_14_140=0,rsv_vol_28_50_14_140=0,rsv_vol_37_50_14_140=0.585543,rsv_vol_63_50_14_140=4.88227,rsv_vol_65_50_14_140=-16.9523,rsv_vol_67_50_14_140=5388.82,sddp_alpha_0_13=1000
o,13,1,sddp_ecut_0_13_55_37,2.17886e+08,,rsv_vol_1_50_13_130=0,rsv_vol_6_50_13_130=0.381142,rsv_vol_21_50_13_130=0,rsv_vol_28_50_13_130=0,rsv_vol_37_50_13_130=0.384669,rsv_vol_63_50_13_130=3.05449,rsv_vol_65_50_13_130=-16.9523,rsv_vol_67_50_13_130=1364.34,sddp_alpha_0_12=1000
o,12,1,sddp_ecut_0_12_55_38,2.49692e+08,,rsv_vol_1_50_12_120=0,rsv_vol_6_50_12_120=0.463542,rsv_vol_21_50_12_120=0,rsv_vol_28_50_12_120=0,rsv_vol_37_50_12_120=0.569366,rsv_vol_63_50_12_120=3.66341,rsv_vol_65_50_12_120=-33.9046,rsv_vol_67_50_12_120=4862.43,sddp_alpha_0_11=1000
o,11,1,sddp_ecut_0_11_55_39,2.19629e+08,,rsv_vol_1_50_11_110=0,rsv_vol_6_50_11_110=0.422289,rsv_vol_21_50_11_110=0,rsv_vol_28_50_11_110=0,rsv_vol_37_50_11_110=0.549519,rsv_vol_63_50_11_110=1.22057,rsv_vol_65_50_11_110=0,rsv_vol_67_50_11_110=1867.99,sddp_alpha_0_10=1000
o,10,1,sddp_ecut_0_10_55_40,2.60918e+08,,rsv_vol_1_50_10_100=0,rsv_vol_6_50_10_100=0.460434,rsv_vol_21_50_10_100=0,rsv_vol_28_50_10_100=0,rsv_vol_37_50_10_100=0.520056,rsv_vol_63_50_10_100=1.2303,rsv_vol_65_50_10_100=-34.175,rsv_vol_67_50_10_100=2725.03,sddp_alpha_0_9=1000
o,9,1,sddp_ecut_0_9_55_41,2.6257e+08,,rsv_vol_1_50_9_90=0,rsv_vol_6_50_9_90=0.471838,rsv_vol_21_50_9_90=0,rsv_vol_28_50_9_90=0,rsv_vol_37_50_9_90=0.533764,rsv_vol_63_50_9_90=0,rsv_vol_65_50_9_90=-17.0875,rsv_vol_67_50_9_90=2030.46,sddp_alpha_0_8=1000
o,8,1,sddp_ecut_0_8_55_42,2.63448e+08,,rsv_vol_1_50_8_80=0,rsv_vol_6_50_8_80=0.479546,rsv_vol_21_50_8_80=0,rsv_vol_28_50_8_80=0,rsv_vol_37_50_8_80=0.774691,rsv_vol_63_50_8_80=0.00579216,rsv_vol_65_50_8_80=-17.0875,rsv_vol_67_50_8_80=4295.42,sddp_alpha_0_7=1000
o,7,1,sddp_ecut_0_7_55_43,2.31658e+08,,rsv_vol_1_50_7_70=0,rsv_vol_6_50_7_70=0.434487,rsv_vol_21_50_7_70=0,rsv_vol_28_50_7_70=0,rsv_vol_37_50_7_70=0.680909,rsv_vol_63_50_7_70=0.00517157,rsv_vol_65_50_7_70=-17.0875,rsv_vol_67_50_7_70=3123.81,sddp_alpha_0_6=1000
o,6,1,sddp_ecut_0_6_55_44,2.81814e+08,,rsv_vol_1_50_6_60=0,rsv_vol_6_50_6_60=0.528607,rsv_vol_21_50_6_60=0,rsv_vol_28_50_6_60=0,rsv_vol_37_50_6_60=0.936707,rsv_vol_63_50_6_60=0.00756529,rsv_vol_65_50_6_60=0,rsv_vol_67_50_6_60=5943.57,sddp_alpha_0_5=1000
o,5,1,sddp_ecut_0_5_55_45,2.81885e+08,,rsv_vol_1_50_5_50=0,rsv_vol_6_50_5_50=0.554327,rsv_vol_21_50_5_50=0,rsv_vol_28_50_5_50=0,rsv_vol_37_50_5_50=0.73746,rsv_vol_63_50_5_50=0.00649041,rsv_vol_65_50_5_50=0,rsv_vol_67_50_5_50=4823.92,sddp_alpha_0_4=1000
o,4,1,sddp_ecut_0_4_55_46,2.83267e+08,,rsv_vol_1_50_4_40=0,rsv_vol_6_50_4_40=0.554263,rsv_vol_21_50_4_40=0,rsv_vol_28_50_4_40=0,rsv_vol_37_50_4_40=0.812836,rsv_vol_63_50_4_40=0,rsv_vol_65_50_4_40=0,rsv_vol_67_50_4_40=2573.44,sddp_alpha_0_3=1000
o,3,1,sddp_ecut_0_3_55_47,2.50811e+08,,rsv_vol_1_50_3_30=0,rsv_vol_6_50_3_30=0.545396,rsv_vol_21_50_3_30=0,rsv_vol_28_50_3_30=0,rsv_vol_37_50_3_30=0.744395,rsv_vol_63_50_3_30=0,rsv_vol_65_50_3_30=-34.4475,rsv_vol_67_50_3_30=2830.48,sddp_alpha_0_2=1000
o,2,1,sddp_ecut_0_2_55_48,2.25338e+08,,rsv_vol_1_50_2_20=0,rsv_vol_6_50_2_20=0.707866,rsv_vol_21_50_2_20=0,rsv_vol_28_50_2_20=0,rsv_vol_37_50_2_20=0.488828,rsv_vol_63_50_2_20=0,rsv_vol_65_50_2_20=-69.4444,rsv_vol_67_50_2_20=6213.54,sddp_alpha_0_1=1000
o,1,1,sddp_ecut_0_1_55_49,2.65508e+08,,rsv_vol_1_50_1_10=0,rsv_vol_6_50_1_10=0.843154,rsv_vol_21_50_1_10=0,rsv_vol_28_50_1_10=0,rsv_vol_37_50_1_10=0.507562,rsv_vol_63_50_1_10=0,rsv_vol_65_50_1_10=-17.3611,rsv_vol_67_50_1_10=9920.79,sddp_alpha_0_0=1000
o,50,1,sddp_ecut_0_50_56_0,7.4197e+08,,rsv_vol_1_50_50_500=0,rsv_vol_6_50_50_500=1.94792,rsv_vol_21_50_50_500=0,rsv_vol_28_50_50_500=0,rsv_vol_37_50_50_500=2.90475,rsv_vol_63_50_50_500=9343.02,rsv_vol_65_50_50_500=35009.8,rsv_vol_67_50_50_500=15127.2,sddp_alpha_0_49=1000
o,49,1,sddp_ecut_0_49_56_1,5.94245e+08,,rsv_vol_1_50_49_490=0,rsv_vol_6_50_49_490=-12.3816,rsv_vol_21_50_49_490=0,rsv_vol_28_50_49_490=0,rsv_vol_37_50_49_490=1.87958,rsv_vol_63_50_49_490=8418.64,rsv_vol_65_50_49_490=0,rsv_vol_67_50_49_490=14416.9,sddp_alpha_0_48=1000
o,48,1,sddp_ecut_0_48_56_2,6.5112e+08,,rsv_vol_1_50_48_480=0,rsv_vol_6_50_48_480=-26.4146,rsv_vol_21_50_48_480=0,rsv_vol_28_50_48_480=0,rsv_vol_37_50_48_480=2.43005,rsv_vol_63_50_48_480=7621.99,rsv_vol_65_50_48_480=0,rsv_vol_67_50_48_480=13639.3,sddp_alpha_0_47=1000
o,47,1,sddp_ecut_0_47_56_3,6.4186e+08,,rsv_vol_1_50_47_470=0,rsv_vol_6_50_47_470=-95.2668,rsv_vol_21_50_47_470=0,rsv_vol_28_50_47_470=0,rsv_vol_37_50_47_470=1.45394,rsv_vol_63_50_47_470=7678.17,rsv_vol_65_50_47_470=0,rsv_vol_67_50_47_470=9022.1,sddp_alpha_0_46=1000
o,46,1,sddp_ecut_0_46_56_4,6.21959e+08,,rsv_vol_1_50_46_460=0,rsv_vol_6_50_46_460=-123.55,rsv_vol_21_50_46_460=0,rsv_vol_28_50_46_460=0,rsv_vol_37_50_46_460=1.76338,rsv_vol_63_50_46_460=7622.2,rsv_vol_65_50_46_460=0,rsv_vol_67_50_46_460=6941.93,sddp_alpha_0_45=1000
o,45,1,sddp_ecut_0_45_56_5,6.87401e+08,,rsv_vol_1_50_45_450=0,rsv_vol_6_50_45_450=0.839902,rsv_vol_21_50_45_450=0,rsv_vol_28_50_45_450=0,rsv_vol_37_50_45_450=2.51234,rsv_vol_63_50_45_450=7123.3,rsv_vol_65_50_45_450=0,rsv_vol_67_50_45_450=11127.6,sddp_alpha_0_44=1000
o,44,1,sddp_ecut_0_44_56_6,6.90026e+08,,rsv_vol_1_50_44_440=0,rsv_vol_6_50_44_440=1.09349,rsv_vol_21_50_44_440=0,rsv_vol_28_50_44_440=0,rsv_vol_37_50_44_440=2.27898,rsv_vol_63_50_44_440=7545.16,rsv_vol_65_50_44_440=-28.0204,rsv_vol_67_50_44_440=10508.2,sddp_alpha_0_43=1000
o,43,1,sddp_ecut_0_43_56_7,7.71882e+08,,rsv_vol_1_50_43_430=0,rsv_vol_6_50_43_430=1.45338,rsv_vol_21_50_43_430=0,rsv_vol_28_50_43_430=0,rsv_vol_37_50_43_430=2.45561,rsv_vol_63_50_43_430=6525.85,rsv_vol_65_50_43_430=-28.2438,rsv_vol_67_50_43_430=12635.8,sddp_alpha_0_42=1000
o,42,1,sddp_ecut_0_42_56_8,8.26884e+08,,rsv_vol_1_50_42_420=0,rsv_vol_6_50_42_420=2.01369,rsv_vol_21_50_42_420=0,rsv_vol_28_50_42_420=0,rsv_vol_37_50_42_420=3.00551,rsv_vol_63_50_42_420=8883.06,rsv_vol_65_50_42_420=-14.2345,rsv_vol_67_50_42_420=14733.5,sddp_alpha_0_41=1000
o,41,1,sddp_ecut_0_41_56_9,8.32332e+08,,rsv_vol_1_50_41_410=0,rsv_vol_6_50_41_410=1.89132,rsv_vol_21_50_41_410=0,rsv_vol_28_50_41_410=0,rsv_vol_37_50_41_410=2.95122,rsv_vol_63_50_41_410=6677.09,rsv_vol_65_50_41_410=4962.15,rsv_vol_67_50_41_410=11700.4,sddp_alpha_0_40=1000
o,40,1,sddp_ecut_0_40_56_10,8.47719e+08,,rsv_vol_1_50_40_400=0,rsv_vol_6_50_40_400=2.03587,rsv_vol_21_50_40_400=0,rsv_vol_28_50_40_400=0,rsv_vol_37_50_40_400=4.35808,rsv_vol_63_50_40_400=8532.25,rsv_vol_65_50_40_400=4695.37,rsv_vol_67_50_40_400=14517.1,sddp_alpha_0_39=1000
o,39,1,sddp_ecut_0_39_56_11,7.73673e+08,,rsv_vol_1_50_39_390=0,rsv_vol_6_50_39_390=1.80547,rsv_vol_21_50_39_390=0,rsv_vol_28_50_39_390=0,rsv_vol_37_50_39_390=3.81567,rsv_vol_63_50_39_390=8647.2,rsv_vol_65_50_39_390=4663.56,rsv_vol_67_50_39_390=15042.9,sddp_alpha_0_38=1000
o,38,1,sddp_ecut_0_38_56_12,7.79346e+08,,rsv_vol_1_50_38_380=0,rsv_vol_6_50_38_380=-12.7532,rsv_vol_21_50_38_380=0,rsv_vol_28_50_38_380=0,rsv_vol_37_50_38_380=2.83015,rsv_vol_63_50_38_380=9549.15,rsv_vol_65_50_38_380=12661.7,rsv_vol_67_50_38_380=-235.104,sddp_alpha_0_37=1000
o,37,1,sddp_ecut_0_37_56_13,6.45813e+08,,rsv_vol_1_50_37_370=0,rsv_vol_6_50_37_370=-13.6252,rsv_vol_21_50_37_370=0,rsv_vol_28_50_37_370=0,rsv_vol_37_50_37_370=2.23528,rsv_vol_63_50_37_370=9443.88,rsv_vol_65_50_37_370=0,rsv_vol_67_50_37_370=15930,sddp_alpha_0_36=1000
o,36,1,sddp_ecut_0_36_56_14,7.0939e+08,,rsv_vol_1_50_36_360=0,rsv_vol_6_50_36_360=-29.2047,rsv_vol_21_50_36_360=0,rsv_vol_28_50_36_360=0,rsv_vol_37_50_36_360=2.77566,rsv_vol_63_50_36_360=9090.91,rsv_vol_65_50_36_360=0,rsv_vol_67_50_36_360=15229.1,sddp_alpha_0_35=1000
o,35,1,sddp_ecut_0_35_56_15,7.38236e+08,,rsv_vol_1_50_35_350=0,rsv_vol_6_50_35_350=-105.102,rsv_vol_21_50_35_350=0,rsv_vol_28_50_35_350=0,rsv_vol_37_50_35_350=0.693072,rsv_vol_63_50_35_350=8573.34,rsv_vol_65_50_35_350=0,rsv_vol_67_50_35_350=3253.05,sddp_alpha_0_34=1000
o,34,1,sddp_ecut_0_34_56_16,7.15841e+08,,rsv_vol_1_50_34_340=0,rsv_vol_6_50_34_340=-29.8209,rsv_vol_21_50_34_340=0,rsv_vol_28_50_34_340=0,rsv_vol_37_50_34_340=1.1029,rsv_vol_63_50_34_340=9189.82,rsv_vol_65_50_34_340=0,rsv_vol_67_50_34_340=1639.13,sddp_alpha_0_33=1000
o,33,1,sddp_ecut_0_33_56_17,7.85711e+08,,rsv_vol_1_50_33_330=0,rsv_vol_6_50_33_330=1.41522,rsv_vol_21_50_33_330=0,rsv_vol_28_50_33_330=0,rsv_vol_37_50_33_330=2.15555,rsv_vol_63_50_33_330=7432.22,rsv_vol_65_50_33_330=0,rsv_vol_67_50_33_330=7990.96,sddp_alpha_0_32=1000
o,32,1,sddp_ecut_0_32_56_18,7.86227e+08,,rsv_vol_1_50_32_320=0,rsv_vol_6_50_32_320=1.50884,rsv_vol_21_50_32_320=0,rsv_vol_28_50_32_320=0,rsv_vol_37_50_32_320=1.93903,rsv_vol_63_50_32_320=4402.97,rsv_vol_65_50_32_320=0,rsv_vol_67_50_32_320=8573.67,sddp_alpha_0_31=1000
o,31,1,sddp_ecut_0_31_56_19,8.80882e+08,,rsv_vol_1_50_31_310=0,rsv_vol_6_50_31_310=1.86777,rsv_vol_21_50_31_310=0,rsv_vol_28_50_31_310=0,rsv_vol_37_50_31_310=2.48662,rsv_vol_63_50_31_310=1807.29,rsv_vol_65_50_31_310=-15.5341,rsv_vol_67_50_31_310=12724.6,sddp_alpha_0_30=1000
o,30,1,sddp_ecut_0_30_56_20,9.50338e+08,,rsv_vol_1_50_30_300=0,rsv_vol_6_50_30_300=2.42933,rsv_vol_21_50_30_300=0,rsv_vol_28_50_30_300=0,rsv_vol_37_50_30_300=3.57529,rsv_vol_63_50_30_300=8717.49,rsv_vol_65_50_30_300=-31.3159,rsv_vol_67_50_30_300=16476.2,sddp_alpha_0_29=1000
o,29,1,sddp_ecut_0_29_56_21,9.75418e+08,,rsv_vol_1_50_29_290=0,rsv_vol_6_50_29_290=3.07721,rsv_vol_21_50_29_290=0,rsv_vol_28_50_29_290=0,rsv_vol_37_50_29_290=2.22383,rsv_vol_63_50_29_290=8648.77,rsv_vol_65_50_29_290=15585.7,rsv_vol_67_50_29_290=3619.72,sddp_alpha_0_28=1000
o,28,1,sddp_ecut_0_28_56_22,1.03339e+09,,rsv_vol_1_50_28_280=0,rsv_vol_6_50_28_280=3.41761,rsv_vol_21_50_28_280=0,rsv_vol_28_50_28_280=0,rsv_vol_37_50_28_280=6.63199,rsv_vol_63_50_28_280=10199,rsv_vol_65_50_28_280=23688.4,rsv_vol_67_50_28_280=1852.15,sddp_alpha_0_27=1000
o,27,1,sddp_ecut_0_27_56_23,9.23448e+08,,rsv_vol_1_50_27_270=0,rsv_vol_6_50_27_270=-30.9372,rsv_vol_21_50_27_270=0,rsv_vol_28_50_27_270=0,rsv_vol_37_50_27_270=1.23183,rsv_vol_63_50_27_270=9289.17,rsv_vol_65_50_27_270=4392.88,rsv_vol_67_50_27_270=-256.569,sddp_alpha_0_26=1000
o,26,1,sddp_ecut_0_26_56_24,9.38607e+08,,rsv_vol_1_50_26_260=0,rsv_vol_6_50_26_260=-47.1974,rsv_vol_21_50_26_260=0,rsv_vol_28_50_26_260=0,rsv_vol_37_50_26_260=5.18722,rsv_vol_63_50_26_260=10361.7,rsv_vol_65_50_26_260=0,rsv_vol_67_50_26_260=17207.8,sddp_alpha_0_25=1000
o,25,1,sddp_ecut_0_25_56_25,8.2928e+08,,rsv_vol_1_50_25_250=0,rsv_vol_6_50_25_250=-63.968,rsv_vol_21_50_25_250=0,rsv_vol_28_50_25_250=0,rsv_vol_37_50_25_250=4.78176,rsv_vol_63_50_25_250=11019,rsv_vol_65_50_25_250=0,rsv_vol_67_50_25_250=18631.8,sddp_alpha_0_24=1000
o,24,1,sddp_ecut_0_24_56_26,9.00769e+08,,rsv_vol_1_50_24_240=0,rsv_vol_6_50_24_240=-146.75,rsv_vol_21_50_24_240=0,rsv_vol_28_50_24_240=0,rsv_vol_37_50_24_240=3.85428,rsv_vol_63_50_24_240=10337,rsv_vol_65_50_24_240=0,rsv_vol_67_50_24_240=17158.7,sddp_alpha_0_23=1000
o,23,1,sddp_ecut_0_23_56_27,8.7139e+08,,rsv_vol_1_50_23_230=0,rsv_vol_6_50_23_230=-115.323,rsv_vol_21_50_23_230=0,rsv_vol_28_50_23_230=0,rsv_vol_37_50_23_230=1.29822,rsv_vol_63_50_23_230=8882.42,rsv_vol_65_50_23_230=0,rsv_vol_67_50_23_230=6594.82,sddp_alpha_0_22=1000
o,22,1,sddp_ecut_0_22_56_28,2.25306e+08,,rsv_vol_1_50_22_220=0,rsv_vol_6_50_22_220=0.3573,rsv_vol_21_50_22_220=0,rsv_vol_28_50_22_220=0,rsv_vol_37_50_22_220=0.483474,rsv_vol_63_50_22_220=7.80866,rsv_vol_65_50_22_220=-16.6852,rsv_vol_67_50_22_220=2751.78,sddp_alpha_0_21=1000
o,21,1,sddp_ecut_0_21_56_29,1.97243e+08,,rsv_vol_1_50_21_210=0,rsv_vol_6_50_21_210=0.327868,rsv_vol_21_50_21_210=0,rsv_vol_28_50_21_210=0,rsv_vol_37_50_21_210=0.353737,rsv_vol_63_50_21_210=7.20799,rsv_vol_65_50_21_210=-16.6852,rsv_vol_67_50_21_210=1323.9,sddp_alpha_0_20=1000
o,20,1,sddp_ecut_0_20_56_30,2.24944e+08,,rsv_vol_1_50_20_200=0,rsv_vol_6_50_20_200=0.396313,rsv_vol_21_50_20_200=0,rsv_vol_28_50_20_200=0,rsv_vol_37_50_20_200=0.345962,rsv_vol_63_50_20_200=6.00666,rsv_vol_65_50_20_200=-50.0555,rsv_vol_67_50_20_200=1140.36,sddp_alpha_0_19=1000
o,19,1,sddp_ecut_0_19_56_31,1.9615e+08,,rsv_vol_1_50_19_190=0,rsv_vol_6_50_19_190=0.358616,rsv_vol_21_50_19_190=0,rsv_vol_28_50_19_190=0,rsv_vol_37_50_19_190=0.248175,rsv_vol_63_50_19_190=7.20799,rsv_vol_65_50_19_190=-50.0555,rsv_vol_67_50_19_190=392.776,sddp_alpha_0_18=1000
o,18,1,sddp_ecut_0_18_56_32,2.4088e+08,,rsv_vol_1_50_18_180=0,rsv_vol_6_50_18_180=0.402678,rsv_vol_21_50_18_180=0,rsv_vol_28_50_18_180=0,rsv_vol_37_50_18_180=0.414202,rsv_vol_63_50_18_180=7.26547,rsv_vol_65_50_18_180=-50.4547,rsv_vol_67_50_18_180=2041.26,sddp_alpha_0_17=1000
o,17,1,sddp_ecut_0_17_56_33,2.42099e+08,,rsv_vol_1_50_17_170=0,rsv_vol_6_50_17_170=0.412814,rsv_vol_21_50_17_170=0,rsv_vol_28_50_17_170=0,rsv_vol_37_50_17_170=0.503725,rsv_vol_63_50_17_170=7.26547,rsv_vol_65_50_17_170=-33.6364,rsv_vol_67_50_17_170=1572.26,sddp_alpha_0_16=1000
o,16,1,sddp_ecut_0_16_56_34,2.42624e+08,,rsv_vol_1_50_16_160=0,rsv_vol_6_50_16_160=0.418494,rsv_vol_21_50_16_160=0,rsv_vol_28_50_16_160=0,rsv_vol_37_50_16_160=0.488897,rsv_vol_63_50_16_160=6.66001,rsv_vol_65_50_16_160=0,rsv_vol_67_50_16_160=3249.37,sddp_alpha_0_15=1000
o,15,1,sddp_ecut_0_15_56_35,2.12073e+08,,rsv_vol_1_50_15_150=0,rsv_vol_6_50_15_150=0.375323,rsv_vol_21_50_15_150=0,rsv_vol_28_50_15_150=0,rsv_vol_37_50_15_150=0.336979,rsv_vol_63_50_15_150=4.23819,rsv_vol_65_50_15_150=-16.8182,rsv_vol_67_50_15_150=772.609,sddp_alpha_0_14=1000
o,14,1,sddp_ecut_0_14_56_36,2.51893e+08,,rsv_vol_1_50_14_140=0,rsv_vol_6_50_14_140=0.486347,rsv_vol_21_50_14_140=0,rsv_vol_28_50_14_140=0,rsv_vol_37_50_14_140=0.585543,rsv_vol_63_50_14_140=4.88227,rsv_vol_65_50_14_140=-16.9523,rsv_vol_67_50_14_140=5388.82,sddp_alpha_0_13=1000
o,13,1,sddp_ecut_0_13_56_37,2.17886e+08,,rsv_vol_1_50_13_130=0,rsv_vol_6_50_13_130=0.381142,rsv_vol_21_50_13_130=0,rsv_vol_28_50_13_130=0,rsv_vol_37_50_13_130=0.384669,rsv_vol_63_50_13_130=3.05446,rsv_vol_65_50_13_130=-16.9523,rsv_vol_67_50_13_130=1364.34,sddp_alpha_0_12=1000
o,12,1,sddp_ecut_0_12_56_38,2.49692e+08,,rsv_vol_1_50_12_120=0,rsv_vol_6_50_12_120=0.463542,rsv_vol_21_50_12_120=0,rsv_vol_28_50_12_120=0,rsv_vol_37_50_12_120=0.569366,rsv_vol_63_50_12_120=3.66341,rsv_vol_65_50_12_120=-33.9046,rsv_vol_67_50_12_120=4862.43,sddp_alpha_0_11=1000
o,11,1,sddp_ecut_0_11_56_39,2.19629e+08,,rsv_vol_1_50_11_110=0,rsv_vol_6_50_11_110=0.422289,rsv_vol_21_50_11_110=0,rsv_vol_28_50_11_110=0,rsv_vol_37_50_11_110=0.549519,rsv_vol_63_50_11_110=1.22057,rsv_vol_65_50_11_110=0,rsv_vol_67_50_11_110=1867.99,sddp_alpha_0_10=1000
o,10,1,sddp_ecut_0_10_56_40,2.60918e+08,,rsv_vol_1_50_10_100=0,rsv_vol_6_50_10_100=0.460434,rsv_vol_21_50_10_100=0,rsv_vol_28_50_10_100=0,rsv_vol_37_50_10_100=0.520056,rsv_vol_63_50_10_100=1.2303,rsv_vol_65_50_10_100=-34.175,rsv_vol_67_50_10_100=2725.03,sddp_alpha_0_9=1000
o,9,1,sddp_ecut_0_9_56_41,2.6257e+08,,rsv_vol_1_50_9_90=0,rsv_vol_6_50_9_90=0.471838,rsv_vol_21_50_9_90=0,rsv_vol_28_50_9_90=0,rsv_vol_37_50_9_90=0.533764,rsv_vol_63_50_9_90=0,rsv_vol_65_50_9_90=-17.0875,rsv_vol_67_50_9_90=2030.46,sddp_alpha_0_8=1000
o,8,1,sddp_ecut_0_8_56_42,2.63448e+08,,rsv_vol_1_50_8_80=0,rsv_vol_6_50_8_80=0.479546,rsv_vol_21_50_8_80=0,rsv_vol_28_50_8_80=0,rsv_vol_37_50_8_80=0.774691,rsv_vol_63_50_8_80=0.00579216,rsv_vol_65_50_8_80=-17.0875,rsv_vol_67_50_8_80=4295.42,sddp_alpha_0_7=1000
o,7,1,sddp_ecut_0_7_56_43,2.31658e+08,,rsv_vol_1_50_7_70=0,rsv_vol_6_50_7_70=0.434487,rsv_vol_21_50_7_70=0,rsv_vol_28_50_7_70=0,rsv_vol_37_50_7_70=0.680909,rsv_vol_63_50_7_70=0.00517157,rsv_vol_65_50_7_70=-17.0875,rsv_vol_67_50_7_70=3123.81,sddp_alpha_0_6=1000
o,6,1,sddp_ecut_0_6_56_44,2.81814e+08,,rsv_vol_1_50_6_60=0,rsv_vol_6_50_6_60=0.528607,rsv_vol_21_50_6_60=0,rsv_vol_28_50_6_60=0,rsv_vol_37_50_6_60=0.936707,rsv_vol_63_50_6_60=0.00756529,rsv_vol_65_50_6_60=0,rsv_vol_67_50_6_60=5943.57,sddp_alpha_0_5=1000
o,5,1,sddp_ecut_0_5_56_45,2.81885e+08,,rsv_vol_1_50_5_50=0,rsv_vol_6_50_5_50=0.554327,rsv_vol_21_50_5_50=0,rsv_vol_28_50_5_50=0,rsv_vol_37_50_5_50=0.73746,rsv_vol_63_50_5_50=0.00649041,rsv_vol_65_50_5_50=0,rsv_vol_67_50_5_50=4823.92,sddp_alpha_0_4=1000
o,4,1,sddp_ecut_0_4_56_46,2.83267e+08,,rsv_vol_1_50_4_40=0,rsv_vol_6_50_4_40=0.554263,rsv_vol_21_50_4_40=0,rsv_vol_28_50_4_40=0,rsv_vol_37_50_4_40=0.812836,rsv_vol_63_50_4_40=0,rsv_vol_65_50_4_40=0,rsv_vol_67_50_4_40=2573.44,sddp_alpha_0_3=1000
o,3,1,sddp_ecut_0_3_56_47,2.50811e+08,,rsv_vol_1_50_3_30=0,rsv_vol_6_50_3_30=0.545396,rsv_vol_21_50_3_30=0,rsv_vol_28_50_3_30=0,rsv_vol_37_50_3_30=0.744395,rsv_vol_63_50_3_30=0,rsv_vol_65_50_3_30=-34.4475,rsv_vol_67_50_3_30=2830.48,sddp_alpha_0_2=1000
o,2,1,sddp_ecut_0_2_56_48,2.25338e+08,,rsv_vol_1_50_2_20=0,rsv_vol_6_50_2_20=0.707866,rsv_vol_21_50_2_20=0,rsv_vol_28_50_2_20=0,rsv_vol_37_50_2_20=0.488828,rsv_vol_63_50_2_20=0,rsv_vol_65_50_2_20=-69.4444,rsv_vol_67_50_2_20=6213.54,sddp_alpha_0_1=1000
o,1,1,sddp_ecut_0_1_56_49,2.65508e+08,,rsv_vol_1_50_1_10=0,rsv_vol_6_50_1_10=0.843154,rsv_vol_21_50_1_10=0,rsv_vol_28_50_1_10=0,rsv_vol_37_50_1_10=0.507562,rsv_vol_63_50_1_10=0,rsv_vol_65_50_1_10=-17.3611,rsv_vol_67_50_1_10=9920.79,sddp_alpha_0_0=1000
o,50,1,sddp_ecut_0_50_57_0,7.4197e+08,,rsv_vol_1_50_50_500=0,rsv_vol_6_50_50_500=1.94792,rsv_vol_21_50_50_500=0,rsv_vol_28_50_50_500=0,rsv_vol_37_50_50_500=2.90475,rsv_vol_63_50_50_500=9343.02,rsv_vol_65_50_50_500=35009.8,rsv_vol_67_50_50_500=15127.2,sddp_alpha_0_49=1000
o,49,1,sddp_ecut_0_49_57_1,5.94245e+08,,rsv_vol_1_50_49_490=0,rsv_vol_6_50_49_490=-12.3816,rsv_vol_21_50_49_490=0,rsv_vol_28_50_49_490=0,rsv_vol_37_50_49_490=1.87958,rsv_vol_63_50_49_490=8418.64,rsv_vol_65_50_49_490=0,rsv_vol_67_50_49_490=14416.9,sddp_alpha_0_48=1000
o,48,1,sddp_ecut_0_48_57_2,6.5112e+08,,rsv_vol_1_50_48_480=0,rsv_vol_6_50_48_480=-26.4146,rsv_vol_21_50_48_480=0,rsv_vol_28_50_48_480=0,rsv_vol_37_50_48_480=2.43005,rsv_vol_63_50_48_480=7621.99,rsv_vol_65_50_48_480=0,rsv_vol_67_50_48_480=13639.3,sddp_alpha_0_47=1000
o,47,1,sddp_ecut_0_47_57_3,6.4186e+08,,rsv_vol_1_50_47_470=0,rsv_vol_6_50_47_470=-95.2668,rsv_vol_21_50_47_470=0,rsv_vol_28_50_47_470=0,rsv_vol_37_50_47_470=1.45394,rsv_vol_63_50_47_470=7678.17,rsv_vol_65_50_47_470=0,rsv_vol_67_50_47_470=9022.1,sddp_alpha_0_46=1000
o,46,1,sddp_ecut_0_46_57_4,6.21959e+08,,rsv_vol_1_50_46_460=0,rsv_vol_6_50_46_460=-123.55,rsv_vol_21_50_46_460=0,rsv_vol_28_50_46_460=0,rsv_vol_37_50_46_460=1.76338,rsv_vol_63_50_46_460=7622.2,rsv_vol_65_50_46_460=0,rsv_vol_67_50_46_460=6941.93,sddp_alpha_0_45=1000
o,45,1,sddp_ecut_0_45_57_5,6.87401e+08,,rsv_vol_1_50_45_450=0,rsv_vol_6_50_45_450=0.839902,rsv_vol_21_50_45_450=0,rsv_vol_28_50_45_450=0,rsv_vol_37_50_45_450=2.51234,rsv_vol_63_50_45_450=7123.3,rsv_vol_65_50_45_450=0,rsv_vol_67_50_45_450=11127.6,sddp_alpha_0_44=1000
o,44,1,sddp_ecut_0_44_57_6,6.90026e+08,,rsv_vol_1_50_44_440=0,rsv_vol_6_50_44_440=1.09349,rsv_vol_21_50_44_440=0,rsv_vol_28_50_44_440=0,rsv_vol_37_50_44_440=2.27898,rsv_vol_63_50_44_440=7545.16,rsv_vol_65_50_44_440=-28.0204,rsv_vol_67_50_44_440=10508.2,sddp_alpha_0_43=1000
o,43,1,sddp_ecut_0_43_57_7,7.71882e+08,,rsv_vol_1_50_43_430=0,rsv_vol_6_50_43_430=1.45338,rsv_vol_21_50_43_430=0,rsv_vol_28_50_43_430=0,rsv_vol_37_50_43_430=2.45561,rsv_vol_63_50_43_430=6525.85,rsv_vol_65_50_43_430=-28.2438,rsv_vol_67_50_43_430=12635.8,sddp_alpha_0_42=1000
o,42,1,sddp_ecut_0_42_57_8,8.26884e+08,,rsv_vol_1_50_42_420=0,rsv_vol_6_50_42_420=2.01369,rsv_vol_21_50_42_420=0,rsv_vol_28_50_42_420=0,rsv_vol_37_50_42_420=3.00551,rsv_vol_63_50_42_420=8883.06,rsv_vol_65_50_42_420=-14.2345,rsv_vol_67_50_42_420=14733.5,sddp_alpha_0_41=1000
o,41,1,sddp_ecut_0_41_57_9,8.32332e+08,,rsv_vol_1_50_41_410=0,rsv_vol_6_50_41_410=1.89132,rsv_vol_21_50_41_410=0,rsv_vol_28_50_41_410=0,rsv_vol_37_50_41_410=2.95122,rsv_vol_63_50_41_410=6677.09,rsv_vol_65_50_41_410=4962.15,rsv_vol_67_50_41_410=11700.4,sddp_alpha_0_40=1000
o,40,1,sddp_ecut_0_40_57_10,8.47719e+08,,rsv_vol_1_50_40_400=0,rsv_vol_6_50_40_400=2.03587,rsv_vol_21_50_40_400=0,rsv_vol_28_50_40_400=0,rsv_vol_37_50_40_400=4.35808,rsv_vol_63_50_40_400=8532.25,rsv_vol_65_50_40_400=4695.37,rsv_vol_67_50_40_400=14517.1,sddp_alpha_0_39=1000
o,39,1,sddp_ecut_0_39_57_11,7.73673e+08,,rsv_vol_1_50_39_390=0,rsv_vol_6_50_39_390=1.80547,rsv_vol_21_50_39_390=0,rsv_vol_28_50_39_390=0,rsv_vol_37_50_39_390=3.81567,rsv_vol_63_50_39_390=8647.2,rsv_vol_65_50_39_390=4663.56,rsv_vol_67_50_39_390=15042.9,sddp_alpha_0_38=1000
o,38,1,sddp_ecut_0_38_57_12,7.79346e+08,,rsv_vol_1_50_38_380=0,rsv_vol_6_50_38_380=-12.7532,rsv_vol_21_50_38_380=0,rsv_vol_28_50_38_380=0,rsv_vol_37_50_38_380=2.83015,rsv_vol_63_50_38_380=9549.15,rsv_vol_65_50_38_380=12661.7,rsv_vol_67_50_38_380=-235.104,sddp_alpha_0_37=1000
o,37,1,sddp_ecut_0_37_57_13,6.45813e+08,,rsv_vol_1_50_37_370=0,rsv_vol_6_50_37_370=-13.6252,rsv_vol_21_50_37_370=0,rsv_vol_28_50_37_370=0,rsv_vol_37_50_37_370=2.23528,rsv_vol_63_50_37_370=9443.88,rsv_vol_65_50_37_370=0,rsv_vol_67_50_37_370=15930,sddp_alpha_0_36=1000
o,36,1,sddp_ecut_0_36_57_14,7.0939e+08,,rsv_vol_1_50_36_360=0,rsv_vol_6_50_36_360=-29.2047,rsv_vol_21_50_36_360=0,rsv_vol_28_50_36_360=0,rsv_vol_37_50_36_360=2.77566,rsv_vol_63_50_36_360=9090.91,rsv_vol_65_50_36_360=0,rsv_vol_67_50_36_360=15229.1,sddp_alpha_0_35=1000
o,35,1,sddp_ecut_0_35_57_15,7.38236e+08,,rsv_vol_1_50_35_350=0,rsv_vol_6_50_35_350=-105.102,rsv_vol_21_50_35_350=0,rsv_vol_28_50_35_350=0,rsv_vol_37_50_35_350=0.693072,rsv_vol_63_50_35_350=8573.34,rsv_vol_65_50_35_350=0,rsv_vol_67_50_35_350=3253.05,sddp_alpha_0_34=1000
o,34,1,sddp_ecut_0_34_57_16,7.15841e+08,,rsv_vol_1_50_34_340=0,rsv_vol_6_50_34_340=-29.8209,rsv_vol_21_50_34_340=0,rsv_vol_28_50_34_340=0,rsv_vol_37_50_34_340=1.1029,rsv_vol_63_50_34_340=9189.82,rsv_vol_65_50_34_340=0,rsv_vol_67_50_34_340=1639.13,sddp_alpha_0_33=1000
o,33,1,sddp_ecut_0_33_57_17,7.85711e+08,,rsv_vol_1_50_33_330=0,rsv_vol_6_50_33_330=1.41522,rsv_vol_21_50_33_330=0,rsv_vol_28_50_33_330=0,rsv_vol_37_50_33_330=2.15555,rsv_vol_63_50_33_330=7432.22,rsv_vol_65_50_33_330=0,rsv_vol_67_50_33_330=7990.96,sddp_alpha_0_32=1000
o,32,1,sddp_ecut_0_32_57_18,7.86227e+08,,rsv_vol_1_50_32_320=0,rsv_vol_6_50_32_320=1.50884,rsv_vol_21_50_32_320=0,rsv_vol_28_50_32_320=0,rsv_vol_37_50_32_320=1.93903,rsv_vol_63_50_32_320=4402.97,rsv_vol_65_50_32_320=0,rsv_vol_67_50_32_320=8573.67,sddp_alpha_0_31=1000
o,31,1,sddp_ecut_0_31_57_19,8.80882e+08,,rsv_vol_1_50_31_310=0,rsv_vol_6_50_31_310=1.86777,rsv_vol_21_50_31_310=0,rsv_vol_28_50_31_310=0,rsv_vol_37_50_31_310=2.48662,rsv_vol_63_50_31_310=1807.29,rsv_vol_65_50_31_310=-15.5341,rsv_vol_67_50_31_310=12724.6,sddp_alpha_0_30=1000
o,30,1,sddp_ecut_0_30_57_20,9.50338e+08,,rsv_vol_1_50_30_300=0,rsv_vol_6_50_30_300=2.42933,rsv_vol_21_50_30_300=0,rsv_vol_28_50_30_300=0,rsv_vol_37_50_30_300=3.57529,rsv_vol_63_50_30_300=8717.49,rsv_vol_65_50_30_300=-31.3159,rsv_vol_67_50_30_300=16476.2,sddp_alpha_0_29=1000
o,29,1,sddp_ecut_0_29_57_21,9.75418e+08,,rsv_vol_1_50_29_290=0,rsv_vol_6_50_29_290=3.07721,rsv_vol_21_50_29_290=0,rsv_vol_28_50_29_290=0,rsv_vol_37_50_29_290=2.22383,rsv_vol_63_50_29_290=8648.77,rsv_vol_65_50_29_290=15585.7,rsv_vol_67_50_29_290=3619.72,sddp_alpha_0_28=1000
o,28,1,sddp_ecut_0_28_57_22,1.03339e+09,,rsv_vol_1_50_28_280=0,rsv_vol_6_50_28_280=3.41761,rsv_vol_21_50_28_280=0,rsv_vol_28_50_28_280=0,rsv_vol_37_50_28_280=6.63199,rsv_vol_63_50_28_280=10199,rsv_vol_65_50_28_280=23688.4,rsv_vol_67_50_28_280=1852.15,sddp_alpha_0_27=1000
o,27,1,sddp_ecut_0_27_57_23,9.23448e+08,,rsv_vol_1_50_27_270=0,rsv_vol_6_50_27_270=-30.9372,rsv_vol_21_50_27_270=0,rsv_vol_28_50_27_270=0,rsv_vol_37_50_27_270=1.23183,rsv_vol_63_50_27_270=9289.17,rsv_vol_65_50_27_270=4392.88,rsv_vol_67_50_27_270=-256.569,sddp_alpha_0_26=1000
o,26,1,sddp_ecut_0_26_57_24,9.38607e+08,,rsv_vol_1_50_26_260=0,rsv_vol_6_50_26_260=-47.1974,rsv_vol_21_50_26_260=0,rsv_vol_28_50_26_260=0,rsv_vol_37_50_26_260=5.18722,rsv_vol_63_50_26_260=10361.7,rsv_vol_65_50_26_260=0,rsv_vol_67_50_26_260=17207.8,sddp_alpha_0_25=1000
o,25,1,sddp_ecut_0_25_57_25,8.2928e+08,,rsv_vol_1_50_25_250=0,rsv_vol_6_50_25_250=-63.968,rsv_vol_21_50_25_250=0,rsv_vol_28_50_25_250=0,rsv_vol_37_50_25_250=4.78176,rsv_vol_63_50_25_250=11019,rsv_vol_65_50_25_250=0,rsv_vol_67_50_25_250=18631.8,sddp_alpha_0_24=1000
o,24,1,sddp_ecut_0_24_57_26,9.00769e+08,,rsv_vol_1_50_24_240=0,rsv_vol_6_50_24_240=-146.75,rsv_vol_21_50_24_240=0,rsv_vol_28_50_24_240=0,rsv_vol_37_50_24_240=3.85428,rsv_vol_63_50_24_240=10337,rsv_vol_65_50_24_240=0,rsv_vol_67_50_24_240=17158.7,sddp_alpha_0_23=1000
o,23,1,sddp_ecut_0_23_57_27,8.7139e+08,,rsv_vol_1_50_23_230=0,rsv_vol_6_50_23_230=-115.323,rsv_vol_21_50_23_230=0,rsv_vol_28_50_23_230=0,rsv_vol_37_50_23_230=1.29822,rsv_vol_63_50_23_230=8882.42,rsv_vol_65_50_23_230=0,rsv_vol_67_50_23_230=6594.82,sddp_alpha_0_22=1000
o,22,1,sddp_ecut_0_22_57_28,2.25306e+08,,rsv_vol_1_50_22_220=0,rsv_vol_6_50_22_220=0.3573,rsv_vol_21_50_22_220=0,rsv_vol_28_50_22_220=0,rsv_vol_37_50_22_220=0.483474,rsv_vol_63_50_22_220=7.80866,rsv_vol_65_50_22_220=-16.6852,rsv_vol_67_50_22_220=2751.78,sddp_alpha_0_21=1000
o,21,1,sddp_ecut_0_21_57_29,1.97243e+08,,rsv_vol_1_50_21_210=0,rsv_vol_6_50_21_210=0.327868,rsv_vol_21_50_21_210=0,rsv_vol_28_50_21_210=0,rsv_vol_37_50_21_210=0.353737,rsv_vol_63_50_21_210=7.20799,rsv_vol_65_50_21_210=-16.6852,rsv_vol_67_50_21_210=1323.9,sddp_alpha_0_20=1000
o,20,1,sddp_ecut_0_20_57_30,2.24944e+08,,rsv_vol_1_50_20_200=0,rsv_vol_6_50_20_200=0.396313,rsv_vol_21_50_20_200=0,rsv_vol_28_50_20_200=0,rsv_vol_37_50_20_200=0.345962,rsv_vol_63_50_20_200=6.00666,rsv_vol_65_50_20_200=-50.0555,rsv_vol_67_50_20_200=1140.36,sddp_alpha_0_19=1000
o,19,1,sddp_ecut_0_19_57_31,1.9615e+08,,rsv_vol_1_50_19_190=0,rsv_vol_6_50_19_190=0.358616,rsv_vol_21_50_19_190=0,rsv_vol_28_50_19_190=0,rsv_vol_37_50_19_190=0.248175,rsv_vol_63_50_19_190=7.20799,rsv_vol_65_50_19_190=-50.0555,rsv_vol_67_50_19_190=392.776,sddp_alpha_0_18=1000
o,18,1,sddp_ecut_0_18_57_32,2.4088e+08,,rsv_vol_1_50_18_180=0,rsv_vol_6_50_18_180=0.402678,rsv_vol_21_50_18_180=0,rsv_vol_28_50_18_180=0,rsv_vol_37_50_18_180=0.414202,rsv_vol_63_50_18_180=7.26547,rsv_vol_65_50_18_180=-50.4547,rsv_vol_67_50_18_180=2041.26,sddp_alpha_0_17=1000
o,17,1,sddp_ecut_0_17_57_33,2.42099e+08,,rsv_vol_1_50_17_170=0,rsv_vol_6_50_17_170=0.412814,rsv_vol_21_50_17_170=0,rsv_vol_28_50_17_170=0,rsv_vol_37_50_17_170=0.503725,rsv_vol_63_50_17_170=7.26547,rsv_vol_65_50_17_170=-33.6364,rsv_vol_67_50_17_170=1572.26,sddp_alpha_0_16=1000
o,16,1,sddp_ecut_0_16_57_34,2.42624e+08,,rsv_vol_1_50_16_160=0,rsv_vol_6_50_16_160=0.418494,rsv_vol_21_50_16_160=0,rsv_vol_28_50_16_160=0,rsv_vol_37_50_16_160=0.488897,rsv_vol_63_50_16_160=6.66001,rsv_vol_65_50_16_160=0,rsv_vol_67_50_16_160=3249.37,sddp_alpha_0_15=1000
o,15,1,sddp_ecut_0_15_57_35,2.12073e+08,,rsv_vol_1_50_15_150=0,rsv_vol_6_50_15_150=0.375323,rsv_vol_21_50_15_150=0,rsv_vol_28_50_15_150=0,rsv_vol_37_50_15_150=0.336979,rsv_vol_63_50_15_150=4.23819,rsv_vol_65_50_15_150=-16.8182,rsv_vol_67_50_15_150=772.609,sddp_alpha_0_14=1000
o,14,1,sddp_ecut_0_14_57_36,2.51893e+08,,rsv_vol_1_50_14_140=0,rsv_vol_6_50_14_140=0.486347,rsv_vol_21_50_14_140=0,rsv_vol_28_50_14_140=0,rsv_vol_37_50_14_140=0.585543,rsv_vol_63_50_14_140=4.88227,rsv_vol_65_50_14_140=-16.9523,rsv_vol_67_50_14_140=5388.82,sddp_alpha_0_13=1000
o,13,1,sddp_ecut_0_13_57_37,2.17886e+08,,rsv_vol_1_50_13_130=0,rsv_vol_6_50_13_130=0.381142,rsv_vol_21_50_13_130=0,rsv_vol_28_50_13_130=0,rsv_vol_37_50_13_130=0.384669,rsv_vol_63_50_13_130=3.05443,rsv_vol_65_50_13_130=-16.9523,rsv_vol_67_50_13_130=1364.34,sddp_alpha_0_12=1000
o,12,1,sddp_ecut_0_12_57_38,2.49692e+08,,rsv_vol_1_50_12_120=0,rsv_vol_6_50_12_120=0.463542,rsv_vol_21_50_12_120=0,rsv_vol_28_50_12_120=0,rsv_vol_37_50_12_120=0.569366,rsv_vol_63_50_12_120=3.66341,rsv_vol_65_50_12_120=-33.9046,rsv_vol_67_50_12_120=4862.43,sddp_alpha_0_11=1000
o,11,1,sddp_ecut_0_11_57_39,2.19629e+08,,rsv_vol_1_50_11_110=0,rsv_vol_6_50_11_110=0.422289,rsv_vol_21_50_11_110=0,rsv_vol_28_50_11_110=0,rsv_vol_37_50_11_110=0.549519,rsv_vol_63_50_11_110=1.22057,rsv_vol_65_50_11_110=0,rsv_vol_67_50_11_110=1867.99,sddp_alpha_0_10=1000
o,10,1,sddp_ecut_0_10_57_40,2.60918e+08,,rsv_vol_1_50_10_100=0,rsv_vol_6_50_10_100=0.460434,rsv_vol_21_50_10_100=0,rsv_vol_28_50_10_100=0,rsv_vol_37_50_10_100=0.520056,rsv_vol_63_50_10_100=1.2303,rsv_vol_65_50_10_100=-34.175,rsv_vol_67_50_10_100=2725.03,sddp_alpha_0_9=1000
o,9,1,sddp_ecut_0_9_57_41,2.6257e+08,,rsv_vol_1_50_9_90=0,rsv_vol_6_50_9_90=0.471838,rsv_vol_21_50_9_90=0,rsv_vol_28_50_9_90=0,rsv_vol_37_50_9_90=0.533764,rsv_vol_63_50_9_90=0,rsv_vol_65_50_9_90=-17.0875,rsv_vol_67_50_9_90=2030.46,sddp_alpha_0_8=1000
o,8,1,sddp_ecut_0_8_57_42,2.63448e+08,,rsv_vol_1_50_8_80=0,rsv_vol_6_50_8_80=0.479546,rsv_vol_21_50_8_80=0,rsv_vol_28_50_8_80=0,rsv_vol_37_50_8_80=0.774691,rsv_vol_63_50_8_80=0.00579216,rsv_vol_65_50_8_80=-17.0875,rsv_vol_67_50_8_80=4295.42,sddp_alpha_0_7=1000
o,7,1,sddp_ecut_0_7_57_43,2.31658e+08,,rsv_vol_1_50_7_70=0,rsv_vol_6_50_7_70=0.434487,rsv_vol_21_50_7_70=0,rsv_vol_28_50_7_70=0,rsv_vol_37_50_7_70=0.680909,rsv_vol_63_50_7_70=0.00517157,rsv_vol_65_50_7_70=-17.0875,rsv_vol_67_50_7_70=3123.81,sddp_alpha_0_6=1000
o,6,1,sddp_ecut_0_6_57_44,2.81814e+08,,rsv_vol_1_50_6_60=0,rsv_vol_6_50_6_60=0.528607,rsv_vol_21_50_6_60=0,rsv_vol_28_50_6_60=0,rsv_vol_37_50_6_60=0.936707,rsv_vol_63_50_6_60=0.00756529,rsv_vol_65_50_6_60=0,rsv_vol_67_50_6_60=5943.57,sddp_alpha_0_5=1000
o,5,1,sddp_ecut_0_5_57_45,2.81885e+08,,rsv_vol_1_50_5_50=0,rsv_vol_6_50_5_50=0.554327,rsv_vol_21_50_5_50=0,rsv_vol_28_50_5_50=0,rsv_vol_37_50_5_50=0.73746,rsv_vol_63_50_5_50=0.00649041,rsv_vol_65_50_5_50=0,rsv_vol_67_50_5_50=4823.92,sddp_alpha_0_4=1000
o,4,1,sddp_ecut_0_4_57_46,2.83267e+08,,rsv_vol_1_50_4_40=0,rsv_vol_6_50_4_40=0.554263,rsv_vol_21_50_4_40=0,rsv_vol_28_50_4_40=0,rsv_vol_37_50_4_40=0.812836,rsv_vol_63_50_4_40=0,rsv_vol_65_50_4_40=0,rsv_vol_67_50_4_40=2573.44,sddp_alpha_0_3=1000
o,3,1,sddp_ecut_0_3_57_47,2.50811e+08,,rsv_vol_1_50_3_30=0,rsv_vol_6_50_3_30=0.545396,rsv_vol_21_50_3_30=0,rsv_vol_28_50_3_30=0,rsv_vol_37_50_3_30=0.744395,rsv_vol_63_50_3_30=0,rsv_vol_65_50_3_30=-34.4475,rsv_vol_67_50_3_30=2830.48,sddp_alpha_0_2=1000
o,2,1,sddp_ecut_0_2_57_48,2.25338e+08,,rsv_vol_1_50_2_20=0,rsv_vol_6_50_2_20=0.707866,rsv_vol_21_50_2_20=0,rsv_vol_28_50_2_20=0,rsv_vol_37_50_2_20=0.488828,rsv_vol_63_50_2_20=0,rsv_vol_65_50_2_20=-69.4444,rsv_vol_67_50_2_20=6213.54,sddp_alpha_0_1=1000
o,1,1,sddp_ecut_0_1_57_49,2.65508e+08,,rsv_vol_1_50_1_10=0,rsv_vol_6_50_1_10=0.843154,rsv_vol_21_50_1_10=0,rsv_vol_28_50_1_10=0,rsv_vol_37_50_1_10=0.507562,rsv_vol_63_50_1_10=0,rsv_vol_65_50_1_10=-17.3611,rsv_vol_67_50_1_10=9920.79,sddp_alpha_0_0=1000
o,50,1,sddp_ecut_0_50_58_0,7.4197e+08,,rsv_vol_1_50_50_500=0,rsv_vol_6_50_50_500=1.94792,rsv_vol_21_50_50_500=0,rsv_vol_28_50_50_500=0,rsv_vol_37_50_50_500=2.90475,rsv_vol_63_50_50_500=9343.02,rsv_vol_65_50_50_500=35009.8,rsv_vol_67_50_50_500=15127.2,sddp_alpha_0_49=1000
o,49,1,sddp_ecut_0_49_58_1,5.94245e+08,,rsv_vol_1_50_49_490=0,rsv_vol_6_50_49_490=-12.3816,rsv_vol_21_50_49_490=0,rsv_vol_28_50_49_490=0,rsv_vol_37_50_49_490=1.87958,rsv_vol_63_50_49_490=8418.64,rsv_vol_65_50_49_490=0,rsv_vol_67_50_49_490=14416.9,sddp_alpha_0_48=1000
o,48,1,sddp_ecut_0_48_58_2,6.5112e+08,,rsv_vol_1_50_48_480=0,rsv_vol_6_50_48_480=-26.4146,rsv_vol_21_50_48_480=0,rsv_vol_28_50_48_480=0,rsv_vol_37_50_48_480=2.43005,rsv_vol_63_50_48_480=7621.99,rsv_vol_65_50_48_480=0,rsv_vol_67_50_48_480=13639.3,sddp_alpha_0_47=1000
o,47,1,sddp_ecut_0_47_58_3,6.4186e+08,,rsv_vol_1_50_47_470=0,rsv_vol_6_50_47_470=-95.2668,rsv_vol_21_50_47_470=0,rsv_vol_28_50_47_470=0,rsv_vol_37_50_47_470=1.45394,rsv_vol_63_50_47_470=7678.17,rsv_vol_65_50_47_470=0,rsv_vol_67_50_47_470=9022.1,sddp_alpha_0_46=1000
o,46,1,sddp_ecut_0_46_58_4,6.21959e+08,,rsv_vol_1_50_46_460=0,rsv_vol_6_50_46_460=-123.55,rsv_vol_21_50_46_460=0,rsv_vol_28_50_46_460=0,rsv_vol_37_50_46_460=1.76338,rsv_vol_63_50_46_460=7622.2,rsv_vol_65_50_46_460=0,rsv_vol_67_50_46_460=6941.93,sddp_alpha_0_45=1000
o,45,1,sddp_ecut_0_45_58_5,6.87401e+08,,rsv_vol_1_50_45_450=0,rsv_vol_6_50_45_450=0.839902,rsv_vol_21_50_45_450=0,rsv_vol_28_50_45_450=0,rsv_vol_37_50_45_450=2.51234,rsv_vol_63_50_45_450=7123.3,rsv_vol_65_50_45_450=0,rsv_vol_67_50_45_450=11127.6,sddp_alpha_0_44=1000
o,44,1,sddp_ecut_0_44_58_6,6.90026e+08,,rsv_vol_1_50_44_440=0,rsv_vol_6_50_44_440=1.09349,rsv_vol_21_50_44_440=0,rsv_vol_28_50_44_440=0,rsv_vol_37_50_44_440=2.27898,rsv_vol_63_50_44_440=7545.16,rsv_vol_65_50_44_440=-28.0204,rsv_vol_67_50_44_440=10508.2,sddp_alpha_0_43=1000
o,43,1,sddp_ecut_0_43_58_7,7.71882e+08,,rsv_vol_1_50_43_430=0,rsv_vol_6_50_43_430=1.45338,rsv_vol_21_50_43_430=0,rsv_vol_28_50_43_430=0,rsv_vol_37_50_43_430=2.45561,rsv_vol_63_50_43_430=6525.85,rsv_vol_65_50_43_430=-28.2438,rsv_vol_67_50_43_430=12635.8,sddp_alpha_0_42=1000
o,42,1,sddp_ecut_0_42_58_8,8.26884e+08,,rsv_vol_1_50_42_420=0,rsv_vol_6_50_42_420=2.01369,rsv_vol_21_50_42_420=0,rsv_vol_28_50_42_420=0,rsv_vol_37_50_42_420=3.00551,rsv_vol_63_50_42_420=8883.06,rsv_vol_65_50_42_420=-14.2345,rsv_vol_67_50_42_420=14733.5,sddp_alpha_0_41=1000
o,41,1,sddp_ecut_0_41_58_9,8.32332e+08,,rsv_vol_1_50_41_410=0,rsv_vol_6_50_41_410=1.89132,rsv_vol_21_50_41_410=0,rsv_vol_28_50_41_410=0,rsv_vol_37_50_41_410=2.95122,rsv_vol_63_50_41_410=6677.09,rsv_vol_65_50_41_410=4962.15,rsv_vol_67_50_41_410=11700.4,sddp_alpha_0_40=1000
o,40,1,sddp_ecut_0_40_58_10,8.47719e+08,,rsv_vol_1_50_40_400=0,rsv_vol_6_50_40_400=2.03587,rsv_vol_21_50_40_400=0,rsv_vol_28_50_40_400=0,rsv_vol_37_50_40_400=4.35808,rsv_vol_63_50_40_400=8532.25,rsv_vol_65_50_40_400=4695.37,rsv_vol_67_50_40_400=14517.1,sddp_alpha_0_39=1000
o,39,1,sddp_ecut_0_39_58_11,7.73673e+08,,rsv_vol_1_50_39_390=0,rsv_vol_6_50_39_390=1.80547,rsv_vol_21_50_39_390=0,rsv_vol_28_50_39_390=0,rsv_vol_37_50_39_390=3.81567,rsv_vol_63_50_39_390=8647.2,rsv_vol_65_50_39_390=4663.56,rsv_vol_67_50_39_390=15042.9,sddp_alpha_0_38=1000
o,38,1,sddp_ecut_0_38_58_12,7.79346e+08,,rsv_vol_1_50_38_380=0,rsv_vol_6_50_38_380=-12.7532,rsv_vol_21_50_38_380=0,rsv_vol_28_50_38_380=0,rsv_vol_37_50_38_380=2.83015,rsv_vol_63_50_38_380=9549.15,rsv_vol_65_50_38_380=12661.7,rsv_vol_67_50_38_380=-235.104,sddp_alpha_0_37=1000
o,37,1,sddp_ecut_0_37_58_13,6.45813e+08,,rsv_vol_1_50_37_370=0,rsv_vol_6_50_37_370=-13.6252,rsv_vol_21_50_37_370=0,rsv_vol_28_50_37_370=0,rsv_vol_37_50_37_370=2.23528,rsv_vol_63_50_37_370=9443.88,rsv_vol_65_50_37_370=0,rsv_vol_67_50_37_370=15930,sddp_alpha_0_36=1000
o,36,1,sddp_ecut_0_36_58_14,7.0939e+08,,rsv_vol_1_50_36_360=0,rsv_vol_6_50_36_360=-29.2047,rsv_vol_21_50_36_360=0,rsv_vol_28_50_36_360=0,rsv_vol_37_50_36_360=2.77566,rsv_vol_63_50_36_360=9090.91,rsv_vol_65_50_36_360=0,rsv_vol_67_50_36_360=15229.1,sddp_alpha_0_35=1000
o,35,1,sddp_ecut_0_35_58_15,7.38236e+08,,rsv_vol_1_50_35_350=0,rsv_vol_6_50_35_350=-105.102,rsv_vol_21_50_35_350=0,rsv_vol_28_50_35_350=0,rsv_vol_37_50_35_350=0.693072,rsv_vol_63_50_35_350=8573.34,rsv_vol_65_50_35_350=0,rsv_vol_67_50_35_350=3253.05,sddp_alpha_0_34=1000
o,34,1,sddp_ecut_0_34_58_16,7.15841e+08,,rsv_vol_1_50_34_340=0,rsv_vol_6_50_34_340=-29.8209,rsv_vol_21_50_34_340=0,rsv_vol_28_50_34_340=0,rsv_vol_37_50_34_340=1.1029,rsv_vol_63_50_34_340=9189.82,rsv_vol_65_50_34_340=0,rsv_vol_67_50_34_340=1639.13,sddp_alpha_0_33=1000
o,33,1,sddp_ecut_0_33_58_17,7.85711e+08,,rsv_vol_1_50_33_330=0,rsv_vol_6_50_33_330=1.41522,rsv_vol_21_50_33_330=0,rsv_vol_28_50_33_330=0,rsv_vol_37_50_33_330=2.15555,rsv_vol_63_50_33_330=7432.22,rsv_vol_65_50_33_330=0,rsv_vol_67_50_33_330=7990.96,sddp_alpha_0_32=1000
o,32,1,sddp_ecut_0_32_58_18,7.86227e+08,,rsv_vol_1_50_32_320=0,rsv_vol_6_50_32_320=1.50884,rsv_vol_21_50_32_320=0,rsv_vol_28_50_32_320=0,rsv_vol_37_50_32_320=1.93903,rsv_vol_63_50_32_320=4402.97,rsv_vol_65_50_32_320=0,rsv_vol_67_50_32_320=8573.67,sddp_alpha_0_31=1000
o,31,1,sddp_ecut_0_31_58_19,8.80882e+08,,rsv_vol_1_50_31_310=0,rsv_vol_6_50_31_310=1.86777,rsv_vol_21_50_31_310=0,rsv_vol_28_50_31_310=0,rsv_vol_37_50_31_310=2.48662,rsv_vol_63_50_31_310=1807.29,rsv_vol_65_50_31_310=-15.5341,rsv_vol_67_50_31_310=12724.6,sddp_alpha_0_30=1000
o,30,1,sddp_ecut_0_30_58_20,9.50338e+08,,rsv_vol_1_50_30_300=0,rsv_vol_6_50_30_300=2.42933,rsv_vol_21_50_30_300=0,rsv_vol_28_50_30_300=0,rsv_vol_37_50_30_300=3.57529,rsv_vol_63_50_30_300=8717.49,rsv_vol_65_50_30_300=-31.3159,rsv_vol_67_50_30_300=16476.2,sddp_alpha_0_29=1000
o,29,1,sddp_ecut_0_29_58_21,9.75418e+08,,rsv_vol_1_50_29_290=0,rsv_vol_6_50_29_290=3.07721,rsv_vol_21_50_29_290=0,rsv_vol_28_50_29_290=0,rsv_vol_37_50_29_290=2.22383,rsv_vol_63_50_29_290=8648.77,rsv_vol_65_50_29_290=15585.7,rsv_vol_67_50_29_290=3619.72,sddp_alpha_0_28=1000
o,28,1,sddp_ecut_0_28_58_22,1.03339e+09,,rsv_vol_1_50_28_280=0,rsv_vol_6_50_28_280=3.41761,rsv_vol_21_50_28_280=0,rsv_vol_28_50_28_280=0,rsv_vol_37_50_28_280=6.63199,rsv_vol_63_50_28_280=10199,rsv_vol_65_50_28_280=23688.4,rsv_vol_67_50_28_280=1852.15,sddp_alpha_0_27=1000
o,27,1,sddp_ecut_0_27_58_23,9.23448e+08,,rsv_vol_1_50_27_270=0,rsv_vol_6_50_27_270=-30.9372,rsv_vol_21_50_27_270=0,rsv_vol_28_50_27_270=0,rsv_vol_37_50_27_270=1.23183,rsv_vol_63_50_27_270=9289.17,rsv_vol_65_50_27_270=4392.88,rsv_vol_67_50_27_270=-256.569,sddp_alpha_0_26=1000
o,26,1,sddp_ecut_0_26_58_24,9.38607e+08,,rsv_vol_1_50_26_260=0,rsv_vol_6_50_26_260=-47.1974,rsv_vol_21_50_26_260=0,rsv_vol_28_50_26_260=0,rsv_vol_37_50_26_260=5.18722,rsv_vol_63_50_26_260=10361.7,rsv_vol_65_50_26_260=0,rsv_vol_67_50_26_260=17207.8,sddp_alpha_0_25=1000
o,25,1,sddp_ecut_0_25_58_25,8.2928e+08,,rsv_vol_1_50_25_250=0,rsv_vol_6_50_25_250=-63.968,rsv_vol_21_50_25_250=0,rsv_vol_28_50_25_250=0,rsv_vol_37_50_25_250=4.78176,rsv_vol_63_50_25_250=11019,rsv_vol_65_50_25_250=0,rsv_vol_67_50_25_250=18631.8,sddp_alpha_0_24=1000
o,24,1,sddp_ecut_0_24_58_26,9.00769e+08,,rsv_vol_1_50_24_240=0,rsv_vol_6_50_24_240=-146.75,rsv_vol_21_50_24_240=0,rsv_vol_28_50_24_240=0,rsv_vol_37_50_24_240=3.85428,rsv_vol_63_50_24_240=10337,rsv_vol_65_50_24_240=0,rsv_vol_67_50_24_240=17158.7,sddp_alpha_0_23=1000
o,23,1,sddp_ecut_0_23_58_27,8.7139e+08,,rsv_vol_1_50_23_230=0,rsv_vol_6_50_23_230=-115.323,rsv_vol_21_50_23_230=0,rsv_vol_28_50_23_230=0,rsv_vol_37_50_23_230=1.29822,rsv_vol_63_50_23_230=8882.42,rsv_vol_65_50_23_230=0,rsv_vol_67_50_23_230=6594.82,sddp_alpha_0_22=1000
o,22,1,sddp_ecut_0_22_58_28,2.25306e+08,,rsv_vol_1_50_22_220=0,rsv_vol_6_50_22_220=0.3573,rsv_vol_21_50_22_220=0,rsv_vol_28_50_22_220=0,rsv_vol_37_50_22_220=0.483474,rsv_vol_63_50_22_220=7.80866,rsv_vol_65_50_22_220=-16.6852,rsv_vol_67_50_22_220=2751.78,sddp_alpha_0_21=1000
o,21,1,sddp_ecut_0_21_58_29,1.97243e+08,,rsv_vol_1_50_21_210=0,rsv_vol_6_50_21_210=0.327868,rsv_vol_21_50_21_210=0,rsv_vol_28_50_21_210=0,rsv_vol_37_50_21_210=0.353737,rsv_vol_63_50_21_210=7.20799,rsv_vol_65_50_21_210=-16.6852,rsv_vol_67_50_21_210=1323.9,sddp_alpha_0_20=1000
o,20,1,sddp_ecut_0_20_58_30,2.24944e+08,,rsv_vol_1_50_20_200=0,rsv_vol_6_50_20_200=0.396313,rsv_vol_21_50_20_200=0,rsv_vol_28_50_20_200=0,rsv_vol_37_50_20_200=0.345962,rsv_vol_63_50_20_200=6.00666,rsv_vol_65_50_20_200=-50.0555,rsv_vol_67_50_20_200=1140.36,sddp_alpha_0_19=1000
o,19,1,sddp_ecut_0_19_58_31,1.9615e+08,,rsv_vol_1_50_19_190=0,rsv_vol_6_50_19_190=0.358616,rsv_vol_21_50_19_190=0,rsv_vol_28_50_19_190=0,rsv_vol_37_50_19_190=0.248175,rsv_vol_63_50_19_190=7.20799,rsv_vol_65_50_19_190=-50.0555,rsv_vol_67_50_19_190=392.776,sddp_alpha_0_18=1000
o,18,1,sddp_ecut_0_18_58_32,2.4088e+08,,rsv_vol_1_50_18_180=0,rsv_vol_6_50_18_180=0.402678,rsv_vol_21_50_18_180=0,rsv_vol_28_50_18_180=0,rsv_vol_37_50_18_180=0.414202,rsv_vol_63_50_18_180=7.26547,rsv_vol_65_50_18_180=-50.4547,rsv_vol_67_50_18_180=2041.26,sddp_alpha_0_17=1000
o,17,1,sddp_ecut_0_17_58_33,2.42099e+08,,rsv_vol_1_50_17_170=0,rsv_vol_6_50_17_170=0.412814,rsv_vol_21_50_17_170=0,rsv_vol_28_50_17_170=0,rsv_vol_37_50_17_170=0.503725,rsv_vol_63_50_17_170=7.26547,rsv_vol_65_50_17_170=-33.6364,rsv_vol_67_50_17_170=1572.26,sddp_alpha_0_16=1000
o,16,1,sddp_ecut_0_16_58_34,2.42624e+08,,rsv_vol_1_50_16_160=0,rsv_vol_6_50_16_160=0.418494,rsv_vol_21_50_16_160=0,rsv_vol_28_50_16_160=0,rsv_vol_37_50_16_160=0.488897,rsv_vol_63_50_16_160=6.66001,rsv_vol_65_50_16_160=0,rsv_vol_67_50_16_160=3249.37,sddp_alpha_0_15=1000
o,15,1,sddp_ecut_0_15_58_35,2.12073e+08,,rsv_vol_1_50_15_150=0,rsv_vol_6_50_15_150=0.375323,rsv_vol_21_50_15_150=0,rsv_vol_28_50_15_150=0,rsv_vol_37_50_15_150=0.336979,rsv_vol_63_50_15_150=4.23819,rsv_vol_65_50_15_150=-16.8182,rsv_vol_67_50_15_150=772.609,sddp_alpha_0_14=1000
o,14,1,sddp_ecut_0_14_58_36,2.51893e+08,,rsv_vol_1_50_14_140=0,rsv_vol_6_50_14_140=0.486347,rsv_vol_21_50_14_140=0,rsv_vol_28_50_14_140=0,rsv_vol_37_50_14_140=0.585543,rsv_vol_63_50_14_140=4.88227,rsv_vol_65_50_14_140=-16.9523,rsv_vol_67_50_14_140=5388.82,sddp_alpha_0_13=1000
o,13,1,sddp_ecut_0_13_58_37,2.17886e+08,,rsv_vol_1_50_13_130=0,rsv_vol_6_50_13_130=0.381142,rsv_vol_21_50_13_130=0,rsv_vol_28_50_13_130=0,rsv_vol_37_50_13_130=0.384669,rsv_vol_63_50_13_130=3.05446,rsv_vol_65_50_13_130=-16.9523,rsv_vol_67_50_13_130=1364.34,sddp_alpha_0_12=1000
o,12,1,sddp_ecut_0_12_58_38,2.49692e+08,,rsv_vol_1_50_12_120=0,rsv_vol_6_50_12_120=0.463542,rsv_vol_21_50_12_120=0,rsv_vol_28_50_12_120=0,rsv_vol_37_50_12_120=0.569366,rsv_vol_63_50_12_120=3.66341,rsv_vol_65_50_12_120=-33.9046,rsv_vol_67_50_12_120=4862.43,sddp_alpha_0_11=1000
o,11,1,sddp_ecut_0_11_58_39,2.19629e+08,,rsv_vol_1_50_11_110=0,rsv_vol_6_50_11_110=0.422289,rsv_vol_21_50_11_110=0,rsv_vol_28_50_11_110=0,rsv_vol_37_50_11_110=0.549519,rsv_vol_63_50_11_110=1.22057,rsv_vol_65_50_11_110=0,rsv_vol_67_50_11_110=1867.99,sddp_alpha_0_10=1000
o,10,1,sddp_ecut_0_10_58_40,2.60918e+08,,rsv_vol_1_50_10_100=0,rsv_vol_6_50_10_100=0.460434,rsv_vol_21_50_10_100=0,rsv_vol_28_50_10_100=0,rsv_vol_37_50_10_100=0.520056,rsv_vol_63_50_10_100=1.2303,rsv_vol_65_50_10_100=-34.175,rsv_vol_67_50_10_100=2725.03,sddp_alpha_0_9=1000
o,9,1,sddp_ecut_0_9_58_41,2.6257e+08,,rsv_vol_1_50_9_90=0,rsv_vol_6_50_9_90=0.471838,rsv_vol_21_50_9_90=0,rsv_vol_28_50_9_90=0,rsv_vol_37_50_9_90=0.533764,rsv_vol_63_50_9_90=0,rsv_vol_65_50_9_90=-17.0875,rsv_vol_67_50_9_90=2030.46,sddp_alpha_0_8=1000
o,8,1,sddp_ecut_0_8_58_42,2.63448e+08,,rsv_vol_1_50_8_80=0,rsv_vol_6_50_8_80=0.479546,rsv_vol_21_50_8_80=0,rsv_vol_28_50_8_80=0,rsv_vol_37_50_8_80=0.774691,rsv_vol_63_50_8_80=0.00579216,rsv_vol_65_50_8_80=-17.0875,rsv_vol_67_50_8_80=4295.42,sddp_alpha_0_7=1000
o,7,1,sddp_ecut_0_7_58_43,2.31658e+08,,rsv_vol_1_50_7_70=0,rsv_vol_6_50_7_70=0.434487,rsv_vol_21_50_7_70=0,rsv_vol_28_50_7_70=0,rsv_vol_37_50_7_70=0.680909,rsv_vol_63_50_7_70=0.00517157,rsv_vol_65_50_7_70=-17.0875,rsv_vol_67_50_7_70=3123.81,sddp_alpha_0_6=1000
o,6,1,sddp_ecut_0_6_58_44,2.81814e+08,,rsv_vol_1_50_6_60=0,rsv_vol_6_50_6_60=0.528607,rsv_vol_21_50_6_60=0,rsv_vol_28_50_6_60=0,rsv_vol_37_50_6_60=0.936707,rsv_vol_63_50_6_60=0.00757443,rsv_vol_65_50_6_60=0,rsv_vol_67_50_6_60=5943.57,sddp_alpha_0_5=1000
o,5,1,sddp_ecut_0_5_58_45,2.81885e+08,,rsv_vol_1_50_5_50=0,rsv_vol_6_50_5_50=0.554327,rsv_vol_21_50_5_50=0,rsv_vol_28_50_5_50=0,rsv_vol_37_50_5_50=0.73746,rsv_vol_63_50_5_50=0.00649041,rsv_vol_65_50_5_50=0,rsv_vol_67_50_5_50=4823.92,sddp_alpha_0_4=1000
o,4,1,sddp_ecut_0_4_58_46,2.83267e+08,,rsv_vol_1_50_4_40=0,rsv_vol_6_50_4_40=0.554263,rsv_vol_21_50_4_40=0,rsv_vol_28_50_4_40=0,rsv_vol_37_50_4_40=0.812836,rsv_vol_63_50_4_40=0,rsv_vol_65_50_4_40=0,rsv_vol_67_50_4_40=2573.44,sddp_alpha_0_3=1000
o,3,1,sddp_ecut_0_3_58_47,2.50811e+08,,rsv_vol_1_50_3_30=0,rsv_vol_6_50_3_30=0.545396,rsv_vol_21_50_3_30=0,rsv_vol_28_50_3_30=0,rsv_vol_37_50_3_30=0.744395,rsv_vol_63_50_3_30=0,rsv_vol_65_50_3_30=-34.4475,rsv_vol_67_50_3_30=2830.48,sddp_alpha_0_2=1000
o,2,1,sddp_ecut_0_2_58_48,2.25338e+08,,rsv_vol_1_50_2_20=0,rsv_vol_6_50_2_20=0.707866,rsv_vol_21_50_2_20=0,rsv_vol_28_50_2_20=0,rsv_vol_37_50_2_20=0.488828,rsv_vol_63_50_2_20=0,rsv_vol_65_50_2_20=-69.4444,rsv_vol_67_50_2_20=6213.54,sddp_alpha_0_1=1000
o,1,1,sddp_ecut_0_1_58_49,2.65508e+08,,rsv_vol_1_50_1_10=0,rsv_vol_6_50_1_10=0.843154,rsv_vol_21_50_1_10=0,rsv_vol_28_50_1_10=0,rsv_vol_37_50_1_10=0.507562,rsv_vol_63_50_1_10=0,rsv_vol_65_50_1_10=-17.3611,rsv_vol_67_50_1_10=9920.79,sddp_alpha_0_0=1000
o,50,1,sddp_ecut_0_50_59_0,7.4197e+08,,rsv_vol_1_50_50_500=0,rsv_vol_6_50_50_500=1.94792,rsv_vol_21_50_50_500=0,rsv_vol_28_50_50_500=0,rsv_vol_37_50_50_500=2.90475,rsv_vol_63_50_50_500=9343.02,rsv_vol_65_50_50_500=35009.8,rsv_vol_67_50_50_500=15127.2,sddp_alpha_0_49=1000
o,49,1,sddp_ecut_0_49_59_1,5.94245e+08,,rsv_vol_1_50_49_490=0,rsv_vol_6_50_49_490=-12.3816,rsv_vol_21_50_49_490=0,rsv_vol_28_50_49_490=0,rsv_vol_37_50_49_490=1.87958,rsv_vol_63_50_49_490=8418.64,rsv_vol_65_50_49_490=0,rsv_vol_67_50_49_490=14416.9,sddp_alpha_0_48=1000
o,48,1,sddp_ecut_0_48_59_2,6.5112e+08,,rsv_vol_1_50_48_480=0,rsv_vol_6_50_48_480=-26.4146,rsv_vol_21_50_48_480=0,rsv_vol_28_50_48_480=0,rsv_vol_37_50_48_480=2.43005,rsv_vol_63_50_48_480=7621.99,rsv_vol_65_50_48_480=0,rsv_vol_67_50_48_480=13639.3,sddp_alpha_0_47=1000
o,47,1,sddp_ecut_0_47_59_3,6.4186e+08,,rsv_vol_1_50_47_470=0,rsv_vol_6_50_47_470=-95.2668,rsv_vol_21_50_47_470=0,rsv_vol_28_50_47_470=0,rsv_vol_37_50_47_470=1.45394,rsv_vol_63_50_47_470=7678.17,rsv_vol_65_50_47_470=0,rsv_vol_67_50_47_470=9022.1,sddp_alpha_0_46=1000
o,46,1,sddp_ecut_0_46_59_4,6.21959e+08,,rsv_vol_1_50_46_460=0,rsv_vol_6_50_46_460=-123.55,rsv_vol_21_50_46_460=0,rsv_vol_28_50_46_460=0,rsv_vol_37_50_46_460=1.76338,rsv_vol_63_50_46_460=7622.2,rsv_vol_65_50_46_460=0,rsv_vol_67_50_46_460=6941.93,sddp_alpha_0_45=1000
o,45,1,sddp_ecut_0_45_59_5,6.87401e+08,,rsv_vol_1_50_45_450=0,rsv_vol_6_50_45_450=0.839902,rsv_vol_21_50_45_450=0,rsv_vol_28_50_45_450=0,rsv_vol_37_50_45_450=2.51234,rsv_vol_63_50_45_450=7123.3,rsv_vol_65_50_45_450=0,rsv_vol_67_50_45_450=11127.6,sddp_alpha_0_44=1000
o,44,1,sddp_ecut_0_44_59_6,6.90026e+08,,rsv_vol_1_50_44_440=0,rsv_vol_6_50_44_440=1.09349,rsv_vol_21_50_44_440=0,rsv_vol_28_50_44_440=0,rsv_vol_37_50_44_440=2.27898,rsv_vol_63_50_44_440=7545.16,rsv_vol_65_50_44_440=-28.0204,rsv_vol_67_50_44_440=10508.2,sddp_alpha_0_43=1000
o,43,1,sddp_ecut_0_43_59_7,7.71882e+08,,rsv_vol_1_50_43_430=0,rsv_vol_6_50_43_430=1.45338,rsv_vol_21_50_43_430=0,rsv_vol_28_50_43_430=0,rsv_vol_37_50_43_430=2.45561,rsv_vol_63_50_43_430=6525.85,rsv_vol_65_50_43_430=-28.2438,rsv_vol_67_50_43_430=12635.8,sddp_alpha_0_42=1000
o,42,1,sddp_ecut_0_42_59_8,8.26884e+08,,rsv_vol_1_50_42_420=0,rsv_vol_6_50_42_420=2.01369,rsv_vol_21_50_42_420=0,rsv_vol_28_50_42_420=0,rsv_vol_37_50_42_420=3.00551,rsv_vol_63_50_42_420=8883.06,rsv_vol_65_50_42_420=-14.2345,rsv_vol_67_50_42_420=14733.5,sddp_alpha_0_41=1000
o,41,1,sddp_ecut_0_41_59_9,8.32332e+08,,rsv_vol_1_50_41_410=0,rsv_vol_6_50_41_410=1.89132,rsv_vol_21_50_41_410=0,rsv_vol_28_50_41_410=0,rsv_vol_37_50_41_410=2.95122,rsv_vol_63_50_41_410=6677.09,rsv_vol_65_50_41_410=4962.15,rsv_vol_67_50_41_410=11700.4,sddp_alpha_0_40=1000
o,40,1,sddp_ecut_0_40_59_10,8.47719e+08,,rsv_vol_1_50_40_400=0,rsv_vol_6_50_40_400=2.03587,rsv_vol_21_50_40_400=0,rsv_vol_28_50_40_400=0,rsv_vol_37_50_40_400=4.35808,rsv_vol_63_50_40_400=8532.25,rsv_vol_65_50_40_400=4695.37,rsv_vol_67_50_40_400=14517.1,sddp_alpha_0_39=1000
o,39,1,sddp_ecut_0_39_59_11,7.73673e+08,,rsv_vol_1_50_39_390=0,rsv_vol_6_50_39_390=1.80547,rsv_vol_21_50_39_390=0,rsv_vol_28_50_39_390=0,rsv_vol_37_50_39_390=3.81567,rsv_vol_63_50_39_390=8647.2,rsv_vol_65_50_39_390=4663.56,rsv_vol_67_50_39_390=15042.9,sddp_alpha_0_38=1000
o,38,1,sddp_ecut_0_38_59_12,7.79346e+08,,rsv_vol_1_50_38_380=0,rsv_vol_6_50_38_380=-12.7532,rsv_vol_21_50_38_380=0,rsv_vol_28_50_38_380=0,rsv_vol_37_50_38_380=2.83015,rsv_vol_63_50_38_380=9549.15,rsv_vol_65_50_38_380=12661.7,rsv_vol_67_50_38_380=-235.104,sddp_alpha_0_37=1000
o,37,1,sddp_ecut_0_37_59_13,6.45813e+08,,rsv_vol_1_50_37_370=0,rsv_vol_6_50_37_370=-13.6252,rsv_vol_21_50_37_370=0,rsv_vol_28_50_37_370=0,rsv_vol_37_50_37_370=2.23528,rsv_vol_63_50_37_370=9443.88,rsv_vol_65_50_37_370=0,rsv_vol_67_50_37_370=15930,sddp_alpha_0_36=1000
o,36,1,sddp_ecut_0_36_59_14,7.0939e+08,,rsv_vol_1_50_36_360=0,rsv_vol_6_50_36_360=-29.2047,rsv_vol_21_50_36_360=0,rsv_vol_28_50_36_360=0,rsv_vol_37_50_36_360=2.77566,rsv_vol_63_50_36_360=9090.91,rsv_vol_65_50_36_360=0,rsv_vol_67_50_36_360=15229.1,sddp_alpha_0_35=1000
o,35,1,sddp_ecut_0_35_59_15,7.38236e+08,,rsv_vol_1_50_35_350=0,rsv_vol_6_50_35_350=-105.102,rsv_vol_21_50_35_350=0,rsv_vol_28_50_35_350=0,rsv_vol_37_50_35_350=0.693072,rsv_vol_63_50_35_350=8573.34,rsv_vol_65_50_35_350=0,rsv_vol_67_50_35_350=3253.05,sddp_alpha_0_34=1000
o,34,1,sddp_ecut_0_34_59_16,7.15841e+08,,rsv_vol_1_50_34_340=0,rsv_vol_6_50_34_340=-29.8209,rsv_vol_21_50_34_340=0,rsv_vol_28_50_34_340=0,rsv_vol_37_50_34_340=1.1029,rsv_vol_63_50_34_340=9189.82,rsv_vol_65_50_34_340=0,rsv_vol_67_50_34_340=1639.13,sddp_alpha_0_33=1000
o,33,1,sddp_ecut_0_33_59_17,7.85711e+08,,rsv_vol_1_50_33_330=0,rsv_vol_6_50_33_330=1.41522,rsv_vol_21_50_33_330=0,rsv_vol_28_50_33_330=0,rsv_vol_37_50_33_330=2.15555,rsv_vol_63_50_33_330=7432.22,rsv_vol_65_50_33_330=0,rsv_vol_67_50_33_330=7990.96,sddp_alpha_0_32=1000
o,32,1,sddp_ecut_0_32_59_18,7.86227e+08,,rsv_vol_1_50_32_320=0,rsv_vol_6_50_32_320=1.50884,rsv_vol_21_50_32_320=0,rsv_vol_28_50_32_320=0,rsv_vol_37_50_32_320=1.93903,rsv_vol_63_50_32_320=4402.97,rsv_vol_65_50_32_320=0,rsv_vol_67_50_32_320=8573.67,sddp_alpha_0_31=1000
o,31,1,sddp_ecut_0_31_59_19,8.80882e+08,,rsv_vol_1_50_31_310=0,rsv_vol_6_50_31_310=1.86777,rsv_vol_21_50_31_310=0,rsv_vol_28_50_31_310=0,rsv_vol_37_50_31_310=2.48662,rsv_vol_63_50_31_310=1807.29,rsv_vol_65_50_31_310=-15.5341,rsv_vol_67_50_31_310=12724.6,sddp_alpha_0_30=1000
o,30,1,sddp_ecut_0_30_59_20,9.50338e+08,,rsv_vol_1_50_30_300=0,rsv_vol_6_50_30_300=2.42933,rsv_vol_21_50_30_300=0,rsv_vol_28_50_30_300=0,rsv_vol_37_50_30_300=3.57529,rsv_vol_63_50_30_300=8717.49,rsv_vol_65_50_30_300=-31.3159,rsv_vol_67_50_30_300=16476.2,sddp_alpha_0_29=1000
o,29,1,sddp_ecut_0_29_59_21,9.75418e+08,,rsv_vol_1_50_29_290=0,rsv_vol_6_50_29_290=3.07721,rsv_vol_21_50_29_290=0,rsv_vol_28_50_29_290=0,rsv_vol_37_50_29_290=2.22383,rsv_vol_63_50_29_290=8648.77,rsv_vol_65_50_29_290=15585.7,rsv_vol_67_50_29_290=3619.72,sddp_alpha_0_28=1000
o,28,1,sddp_ecut_0_28_59_22,1.03339e+09,,rsv_vol_1_50_28_280=0,rsv_vol_6_50_28_280=3.41761,rsv_vol_21_50_28_280=0,rsv_vol_28_50_28_280=0,rsv_vol_37_50_28_280=6.63199,rsv_vol_63_50_28_280=10199,rsv_vol_65_50_28_280=23688.4,rsv_vol_67_50_28_280=1852.15,sddp_alpha_0_27=1000
o,27,1,sddp_ecut_0_27_59_23,9.23448e+08,,rsv_vol_1_50_27_270=0,rsv_vol_6_50_27_270=-30.9372,rsv_vol_21_50_27_270=0,rsv_vol_28_50_27_270=0,rsv_vol_37_50_27_270=1.23183,rsv_vol_63_50_27_270=9289.17,rsv_vol_65_50_27_270=4392.88,rsv_vol_67_50_27_270=-256.569,sddp_alpha_0_26=1000
o,26,1,sddp_ecut_0_26_59_24,9.38607e+08,,rsv_vol_1_50_26_260=0,rsv_vol_6_50_26_260=-47.1974,rsv_vol_21_50_26_260=0,rsv_vol_28_50_26_260=0,rsv_vol_37_50_26_260=5.18722,rsv_vol_63_50_26_260=10361.7,rsv_vol_65_50_26_260=0,rsv_vol_67_50_26_260=17207.8,sddp_alpha_0_25=1000
o,25,1,sddp_ecut_0_25_59_25,8.2928e+08,,rsv_vol_1_50_25_250=0,rsv_vol_6_50_25_250=-63.968,rsv_vol_21_50_25_250=0,rsv_vol_28_50_25_250=0,rsv_vol_37_50_25_250=4.78176,rsv_vol_63_50_25_250=11019,rsv_vol_65_50_25_250=0,rsv_vol_67_50_25_250=18631.8,sddp_alpha_0_24=1000
o,24,1,sddp_ecut_0_24_59_26,9.00769e+08,,rsv_vol_1_50_24_240=0,rsv_vol_6_50_24_240=-146.75,rsv_vol_21_50_24_240=0,rsv_vol_28_50_24_240=0,rsv_vol_37_50_24_240=3.85428,rsv_vol_63_50_24_240=10337,rsv_vol_65_50_24_240=0,rsv_vol_67_50_24_240=17158.7,sddp_alpha_0_23=1000
o,23,1,sddp_ecut_0_23_59_27,8.7139e+08,,rsv_vol_1_50_23_230=0,rsv_vol_6_50_23_230=-115.323,rsv_vol_21_50_23_230=0,rsv_vol_28_50_23_230=0,rsv_vol_37_50_23_230=1.29822,rsv_vol_63_50_23_230=8882.42,rsv_vol_65_50_23_230=0,rsv_vol_67_50_23_230=6594.82,sddp_alpha_0_22=1000
o,22,1,sddp_ecut_0_22_59_28,2.25306e+08,,rsv_vol_1_50_22_220=0,rsv_vol_6_50_22_220=0.3573,rsv_vol_21_50_22_220=0,rsv_vol_28_50_22_220=0,rsv_vol_37_50_22_220=0.483474,rsv_vol_63_50_22_220=7.80866,rsv_vol_65_50_22_220=-16.6852,rsv_vol_67_50_22_220=2751.78,sddp_alpha_0_21=1000
o,21,1,sddp_ecut_0_21_59_29,1.97243e+08,,rsv_vol_1_50_21_210=0,rsv_vol_6_50_21_210=0.327868,rsv_vol_21_50_21_210=0,rsv_vol_28_50_21_210=0,rsv_vol_37_50_21_210=0.353737,rsv_vol_63_50_21_210=7.20799,rsv_vol_65_50_21_210=-16.6852,rsv_vol_67_50_21_210=1323.9,sddp_alpha_0_20=1000
o,20,1,sddp_ecut_0_20_59_30,2.24944e+08,,rsv_vol_1_50_20_200=0,rsv_vol_6_50_20_200=0.396313,rsv_vol_21_50_20_200=0,rsv_vol_28_50_20_200=0,rsv_vol_37_50_20_200=0.345962,rsv_vol_63_50_20_200=6.00666,rsv_vol_65_50_20_200=-50.0555,rsv_vol_67_50_20_200=1140.36,sddp_alpha_0_19=1000
o,19,1,sddp_ecut_0_19_59_31,1.9615e+08,,rsv_vol_1_50_19_190=0,rsv_vol_6_50_19_190=0.358616,rsv_vol_21_50_19_190=0,rsv_vol_28_50_19_190=0,rsv_vol_37_50_19_190=0.248175,rsv_vol_63_50_19_190=7.20799,rsv_vol_65_50_19_190=-50.0555,rsv_vol_67_50_19_190=392.776,sddp_alpha_0_18=1000
o,18,1,sddp_ecut_0_18_59_32,2.4088e+08,,rsv_vol_1_50_18_180=0,rsv_vol_6_50_18_180=0.402678,rsv_vol_21_50_18_180=0,rsv_vol_28_50_18_180=0,rsv_vol_37_50_18_180=0.414202,rsv_vol_63_50_18_180=7.26547,rsv_vol_65_50_18_180=-50.4547,rsv_vol_67_50_18_180=2041.26,sddp_alpha_0_17=1000
o,17,1,sddp_ecut_0_17_59_33,2.42099e+08,,rsv_vol_1_50_17_170=0,rsv_vol_6_50_17_170=0.412814,rsv_vol_21_50_17_170=0,rsv_vol_28_50_17_170=0,rsv_vol_37_50_17_170=0.503725,rsv_vol_63_50_17_170=7.26547,rsv_vol_65_50_17_170=-33.6364,rsv_vol_67_50_17_170=1572.26,sddp_alpha_0_16=1000
o,16,1,sddp_ecut_0_16_59_34,2.42624e+08,,rsv_vol_1_50_16_160=0,rsv_vol_6_50_16_160=0.418494,rsv_vol_21_50_16_160=0,rsv_vol_28_50_16_160=0,rsv_vol_37_50_16_160=0.488897,rsv_vol_63_50_16_160=6.66001,rsv_vol_65_50_16_160=0,rsv_vol_67_50_16_160=3249.37,sddp_alpha_0_15=1000
o,15,1,sddp_ecut_0_15_59_35,2.12073e+08,,rsv_vol_1_50_15_150=0,rsv_vol_6_50_15_150=0.375323,rsv_vol_21_50_15_150=0,rsv_vol_28_50_15_150=0,rsv_vol_37_50_15_150=0.336979,rsv_vol_63_50_15_150=4.23819,rsv_vol_65_50_15_150=-16.8182,rsv_vol_67_50_15_150=772.609,sddp_alpha_0_14=1000
o,14,1,sddp_ecut_0_14_59_36,2.51893e+08,,rsv_vol_1_50_14_140=0,rsv_vol_6_50_14_140=0.486347,rsv_vol_21_50_14_140=0,rsv_vol_28_50_14_140=0,rsv_vol_37_50_14_140=0.585543,rsv_vol_63_50_14_140=4.88227,rsv_vol_65_50_14_140=-16.9523,rsv_vol_67_50_14_140=5388.82,sddp_alpha_0_13=1000
o,13,1,sddp_ecut_0_13_59_37,2.17886e+08,,rsv_vol_1_50_13_130=0,rsv_vol_6_50_13_130=0.381142,rsv_vol_21_50_13_130=0,rsv_vol_28_50_13_130=0,rsv_vol_37_50_13_130=0.384669,rsv_vol_63_50_13_130=3.05446,rsv_vol_65_50_13_130=-16.9523,rsv_vol_67_50_13_130=1364.34,sddp_alpha_0_12=1000
o,12,1,sddp_ecut_0_12_59_38,2.49692e+08,,rsv_vol_1_50_12_120=0,rsv_vol_6_50_12_120=0.463542,rsv_vol_21_50_12_120=0,rsv_vol_28_50_12_120=0,rsv_vol_37_50_12_120=0.569366,rsv_vol_63_50_12_120=3.66341,rsv_vol_65_50_12_120=-33.9046,rsv_vol_67_50_12_120=4862.43,sddp_alpha_0_11=1000
o,11,1,sddp_ecut_0_11_59_39,2.19629e+08,,rsv_vol_1_50_11_110=0,rsv_vol_6_50_11_110=0.422289,rsv_vol_21_50_11_110=0,rsv_vol_28_50_11_110=0,rsv_vol_37_50_11_110=0.549519,rsv_vol_63_50_11_110=1.22057,rsv_vol_65_50_11_110=0,rsv_vol_67_50_11_110=1867.99,sddp_alpha_0_10=1000
o,10,1,sddp_ecut_0_10_59_40,2.60918e+08,,rsv_vol_1_50_10_100=0,rsv_vol_6_50_10_100=0.460434,rsv_vol_21_50_10_100=0,rsv_vol_28_50_10_100=0,rsv_vol_37_50_10_100=0.520056,rsv_vol_63_50_10_100=1.2303,rsv_vol_65_50_10_100=-34.175,rsv_vol_67_50_10_100=2725.03,sddp_alpha_0_9=1000
o,9,1,sddp_ecut_0_9_59_41,2.6257e+08,,rsv_vol_1_50_9_90=0,rsv_vol_6_50_9_90=0.471838,rsv_vol_21_50_9_90=0,rsv_vol_28_50_9_90=0,rsv_vol_37_50_9_90=0.533764,rsv_vol_63_50_9_90=0,rsv_vol_65_50_9_90=-17.0875,rsv_vol_67_50_9_90=2030.46,sddp_alpha_0_8=1000
o,8,1,sddp_ecut_0_8_59_42,2.63448e+08,,rsv_vol_1_50_8_80=0,rsv_vol_6_50_8_80=0.479546,rsv_vol_21_50_8_80=0,rsv_vol_28_50_8_80=0,rsv_vol_37_50_8_80=0.774691,rsv_vol_63_50_8_80=0.00579216,rsv_vol_65_50_8_80=-17.0875,rsv_vol_67_50_8_80=4295.42,sddp_alpha_0_7=1000
o,7,1,sddp_ecut_0_7_59_43,2.31658e+08,,rsv_vol_1_50_7_70=0,rsv_vol_6_50_7_70=0.434487,rsv_vol_21_50_7_70=0,rsv_vol_28_50_7_70=0,rsv_vol_37_50_7_70=0.680909,rsv_vol_63_50_7_70=0.00517157,rsv_vol_65_50_7_70=-17.0875,rsv_vol_67_50_7_70=3123.81,sddp_alpha_0_6=1000
o,6,1,sddp_ecut_0_6_59_44,2.81814e+08,,rsv_vol_1_50_6_60=0,rsv_vol_6_50_6_60=0.528607,rsv_vol_21_50_6_60=0,rsv_vol_28_50_6_60=0,rsv_vol_37_50_6_60=0.936707,rsv_vol_63_50_6_60=0.00756529,rsv_vol_65_50_6_60=0,rsv_vol_67_50_6_60=5943.57,sddp_alpha_0_5=1000
o,5,1,sddp_ecut_0_5_59_45,2.81885e+08,,rsv_vol_1_50_5_50=0,rsv_vol_6_50_5_50=0.554327,rsv_vol_21_50_5_50=0,rsv_vol_28_50_5_50=0,rsv_vol_37_50_5_50=0.73746,rsv_vol_63_50_5_50=0.00649041,rsv_vol_65_50_5_50=0,rsv_vol_67_50_5_50=4823.92,sddp_alpha_0_4=1000
o,4,1,sddp_ecut_0_4_59_46,2.83267e+08,,rsv_vol_1_50_4_40=0,rsv_vol_6_50_4_40=0.554263,rsv_vol_21_50_4_40=0,rsv_vol_28_50_4_40=0,rsv_vol_37_50_4_40=0.812836,rsv_vol_63_50_4_40=0,rsv_vol_65_50_4_40=0,rsv_vol_67_50_4_40=2573.44,sddp_alpha_0_3=1000
o,3,1,sddp_ecut_0_3_59_47,2.50811e+08,,rsv_vol_1_50_3_30=0,rsv_vol_6_50_3_30=0.545396,rsv_vol_21_50_3_30=0,rsv_vol_28_50_3_30=0,rsv_vol_37_50_3_30=0.744395,rsv_vol_63_50_3_30=0,rsv_vol_65_50_3_30=-34.4475,rsv_vol_67_50_3_30=2830.48,sddp_alpha_0_2=1000
o,2,1,sddp_ecut_0_2_59_48,2.25338e+08,,rsv_vol_1_50_2_20=0,rsv_vol_6_50_2_20=0.707866,rsv_vol_21_50_2_20=0,rsv_vol_28_50_2_20=0,rsv_vol_37_50_2_20=0.488828,rsv_vol_63_50_2_20=0,rsv_vol_65_50_2_20=-69.4444,rsv_vol_67_50_2_20=6213.54,sddp_alpha_0_1=1000
o,1,1,sddp_ecut_0_1_59_49,2.65508e+08,,rsv_vol_1_50_1_10=0,rsv_vol_6_50_1_10=0.843154,rsv_vol_21_50_1_10=0,rsv_vol_28_50_1_10=0,rsv_vol_37_50_1_10=0.507562,rsv_vol_63_50_1_10=0,rsv_vol_65_50_1_10=-17.3611,rsv_vol_67_50_1_10=9920.79,sddp_alpha_0_0=1000
o,50,1,sddp_ecut_0_50_60_0,7.4197e+08,,rsv_vol_1_50_50_500=0,rsv_vol_6_50_50_500=1.94792,rsv_vol_21_50_50_500=0,rsv_vol_28_50_50_500=0,rsv_vol_37_50_50_500=2.90475,rsv_vol_63_50_50_500=9343.02,rsv_vol_65_50_50_500=35009.8,rsv_vol_67_50_50_500=15127.2,sddp_alpha_0_49=1000
o,49,1,sddp_ecut_0_49_60_1,5.94245e+08,,rsv_vol_1_50_49_490=0,rsv_vol_6_50_49_490=-12.3816,rsv_vol_21_50_49_490=0,rsv_vol_28_50_49_490=0,rsv_vol_37_50_49_490=1.87958,rsv_vol_63_50_49_490=8418.64,rsv_vol_65_50_49_490=0,rsv_vol_67_50_49_490=14416.9,sddp_alpha_0_48=1000
o,48,1,sddp_ecut_0_48_60_2,6.5112e+08,,rsv_vol_1_50_48_480=0,rsv_vol_6_50_48_480=-26.4146,rsv_vol_21_50_48_480=0,rsv_vol_28_50_48_480=0,rsv_vol_37_50_48_480=2.43005,rsv_vol_63_50_48_480=7621.99,rsv_vol_65_50_48_480=0,rsv_vol_67_50_48_480=13639.3,sddp_alpha_0_47=1000
o,47,1,sddp_ecut_0_47_60_3,6.4186e+08,,rsv_vol_1_50_47_470=0,rsv_vol_6_50_47_470=-95.2668,rsv_vol_21_50_47_470=0,rsv_vol_28_50_47_470=0,rsv_vol_37_50_47_470=1.45394,rsv_vol_63_50_47_470=7678.17,rsv_vol_65_50_47_470=0,rsv_vol_67_50_47_470=9022.1,sddp_alpha_0_46=1000
o,46,1,sddp_ecut_0_46_60_4,6.21959e+08,,rsv_vol_1_50_46_460=0,rsv_vol_6_50_46_460=-123.55,rsv_vol_21_50_46_460=0,rsv_vol_28_50_46_460=0,rsv_vol_37_50_46_460=1.76338,rsv_vol_63_50_46_460=7622.2,rsv_vol_65_50_46_460=0,rsv_vol_67_50_46_460=6941.93,sddp_alpha_0_45=1000
o,45,1,sddp_ecut_0_45_60_5,6.87401e+08,,rsv_vol_1_50_45_450=0,rsv_vol_6_50_45_450=0.839902,rsv_vol_21_50_45_450=0,rsv_vol_28_50_45_450=0,rsv_vol_37_50_45_450=2.51234,rsv_vol_63_50_45_450=7123.3,rsv_vol_65_50_45_450=0,rsv_vol_67_50_45_450=11127.6,sddp_alpha_0_44=1000
o,44,1,sddp_ecut_0_44_60_6,6.90026e+08,,rsv_vol_1_50_44_440=0,rsv_vol_6_50_44_440=1.09349,rsv_vol_21_50_44_440=0,rsv_vol_28_50_44_440=0,rsv_vol_37_50_44_440=2.27898,rsv_vol_63_50_44_440=7545.16,rsv_vol_65_50_44_440=-28.0204,rsv_vol_67_50_44_440=10508.2,sddp_alpha_0_43=1000
o,43,1,sddp_ecut_0_43_60_7,7.71882e+08,,rsv_vol_1_50_43_430=0,rsv_vol_6_50_43_430=1.45338,rsv_vol_21_50_43_430=0,rsv_vol_28_50_43_430=0,rsv_vol_37_50_43_430=2.45561,rsv_vol_63_50_43_430=6525.85,rsv_vol_65_50_43_430=-28.2438,rsv_vol_67_50_43_430=12635.8,sddp_alpha_0_42=1000
o,42,1,sddp_ecut_0_42_60_8,8.26884e+08,,rsv_vol_1_50_42_420=0,rsv_vol_6_50_42_420=2.01369,rsv_vol_21_50_42_420=0,rsv_vol_28_50_42_420=0,rsv_vol_37_50_42_420=3.00551,rsv_vol_63_50_42_420=8883.06,rsv_vol_65_50_42_420=-14.2345,rsv_vol_67_50_42_420=14733.5,sddp_alpha_0_41=1000
o,41,1,sddp_ecut_0_41_60_9,8.32332e+08,,rsv_vol_1_50_41_410=0,rsv_vol_6_50_41_410=1.89132,rsv_vol_21_50_41_410=0,rsv_vol_28_50_41_410=0,rsv_vol_37_50_41_410=2.95122,rsv_vol_63_50_41_410=6677.09,rsv_vol_65_50_41_410=4962.15,rsv_vol_67_50_41_410=11700.4,sddp_alpha_0_40=1000
o,40,1,sddp_ecut_0_40_60_10,8.47719e+08,,rsv_vol_1_50_40_400=0,rsv_vol_6_50_40_400=2.03587,rsv_vol_21_50_40_400=0,rsv_vol_28_50_40_400=0,rsv_vol_37_50_40_400=4.35808,rsv_vol_63_50_40_400=8532.25,rsv_vol_65_50_40_400=4695.37,rsv_vol_67_50_40_400=14517.1,sddp_alpha_0_39=1000
o,39,1,sddp_ecut_0_39_60_11,7.73673e+08,,rsv_vol_1_50_39_390=0,rsv_vol_6_50_39_390=1.80547,rsv_vol_21_50_39_390=0,rsv_vol_28_50_39_390=0,rsv_vol_37_50_39_390=3.81567,rsv_vol_63_50_39_390=8647.2,rsv_vol_65_50_39_390=4663.56,rsv_vol_67_50_39_390=15042.9,sddp_alpha_0_38=1000
o,38,1,sddp_ecut_0_38_60_12,7.79346e+08,,rsv_vol_1_50_38_380=0,rsv_vol_6_50_38_380=-12.7532,rsv_vol_21_50_38_380=0,rsv_vol_28_50_38_380=0,rsv_vol_37_50_38_380=2.83015,rsv_vol_63_50_38_380=9549.15,rsv_vol_65_50_38_380=12661.7,rsv_vol_67_50_38_380=-235.104,sddp_alpha_0_37=1000
o,37,1,sddp_ecut_0_37_60_13,6.45813e+08,,rsv_vol_1_50_37_370=0,rsv_vol_6_50_37_370=-13.6252,rsv_vol_21_50_37_370=0,rsv_vol_28_50_37_370=0,rsv_vol_37_50_37_370=2.23528,rsv_vol_63_50_37_370=9443.88,rsv_vol_65_50_37_370=0,rsv_vol_67_50_37_370=15930,sddp_alpha_0_36=1000
o,36,1,sddp_ecut_0_36_60_14,7.0939e+08,,rsv_vol_1_50_36_360=0,rsv_vol_6_50_36_360=-29.2047,rsv_vol_21_50_36_360=0,rsv_vol_28_50_36_360=0,rsv_vol_37_50_36_360=2.77566,rsv_vol_63_50_36_360=9090.91,rsv_vol_65_50_36_360=0,rsv_vol_67_50_36_360=15229.1,sddp_alpha_0_35=1000
o,35,1,sddp_ecut_0_35_60_15,7.38236e+08,,rsv_vol_1_50_35_350=0,rsv_vol_6_50_35_350=-105.102,rsv_vol_21_50_35_350=0,rsv_vol_28_50_35_350=0,rsv_vol_37_50_35_350=0.693072,rsv_vol_63_50_35_350=8573.34,rsv_vol_65_50_35_350=0,rsv_vol_67_50_35_350=3253.05,sddp_alpha_0_34=1000
o,34,1,sddp_ecut_0_34_60_16,7.15841e+08,,rsv_vol_1_50_34_340=0,rsv_vol_6_50_34_340=-29.8209,rsv_vol_21_50_34_340=0,rsv_vol_28_50_34_340=0,rsv_vol_37_50_34_340=1.1029,rsv_vol_63_50_34_340=9189.82,rsv_vol_65_50_34_340=0,rsv_vol_67_50_34_340=1639.13,sddp_alpha_0_33=1000
o,33,1,sddp_ecut_0_33_60_17,7.85711e+08,,rsv_vol_1_50_33_330=0,rsv_vol_6_50_33_330=1.41522,rsv_vol_21_50_33_330=0,rsv_vol_28_50_33_330=0,rsv_vol_37_50_33_330=2.15555,rsv_vol_63_50_33_330=7432.22,rsv_vol_65_50_33_330=0,rsv_vol_67_50_33_330=7990.96,sddp_alpha_0_32=1000
o,32,1,sddp_ecut_0_32_60_18,7.86227e+08,,rsv_vol_1_50_32_320=0,rsv_vol_6_50_32_320=1.50884,rsv_vol_21_50_32_320=0,rsv_vol_28_50_32_320=0,rsv_vol_37_50_32_320=1.93903,rsv_vol_63_50_32_320=4402.97,rsv_vol_65_50_32_320=0,rsv_vol_67_50_32_320=8573.67,sddp_alpha_0_31=1000
o,31,1,sddp_ecut_0_31_60_19,8.80882e+08,,rsv_vol_1_50_31_310=0,rsv_vol_6_50_31_310=1.86777,rsv_vol_21_50_31_310=0,rsv_vol_28_50_31_310=0,rsv_vol_37_50_31_310=2.48662,rsv_vol_63_50_31_310=1807.29,rsv_vol_65_50_31_310=-15.5341,rsv_vol_67_50_31_310=12724.6,sddp_alpha_0_30=1000
o,30,1,sddp_ecut_0_30_60_20,9.50338e+08,,rsv_vol_1_50_30_300=0,rsv_vol_6_50_30_300=2.42933,rsv_vol_21_50_30_300=0,rsv_vol_28_50_30_300=0,rsv_vol_37_50_30_300=3.57529,rsv_vol_63_50_30_300=8717.49,rsv_vol_65_50_30_300=-31.3159,rsv_vol_67_50_30_300=16476.2,sddp_alpha_0_29=1000
o,29,1,sddp_ecut_0_29_60_21,9.75418e+08,,rsv_vol_1_50_29_290=0,rsv_vol_6_50_29_290=3.07721,rsv_vol_21_50_29_290=0,rsv_vol_28_50_29_290=0,rsv_vol_37_50_29_290=2.22383,rsv_vol_63_50_29_290=8648.77,rsv_vol_65_50_29_290=15585.7,rsv_vol_67_50_29_290=3619.72,sddp_alpha_0_28=1000
o,28,1,sddp_ecut_0_28_60_22,1.03339e+09,,rsv_vol_1_50_28_280=0,rsv_vol_6_50_28_280=3.41761,rsv_vol_21_50_28_280=0,rsv_vol_28_50_28_280=0,rsv_vol_37_50_28_280=6.63199,rsv_vol_63_50_28_280=10199,rsv_vol_65_50_28_280=23688.4,rsv_vol_67_50_28_280=1852.15,sddp_alpha_0_27=1000
o,27,1,sddp_ecut_0_27_60_23,9.23448e+08,,rsv_vol_1_50_27_270=0,rsv_vol_6_50_27_270=-30.9372,rsv_vol_21_50_27_270=0,rsv_vol_28_50_27_270=0,rsv_vol_37_50_27_270=1.23183,rsv_vol_63_50_27_270=9289.17,rsv_vol_65_50_27_270=4392.88,rsv_vol_67_50_27_270=-256.569,sddp_alpha_0_26=1000
o,26,1,sddp_ecut_0_26_60_24,9.38607e+08,,rsv_vol_1_50_26_260=0,rsv_vol_6_50_26_260=-47.1974,rsv_vol_21_50_26_260=0,rsv_vol_28_50_26_260=0,rsv_vol_37_50_26_260=5.18722,rsv_vol_63_50_26_260=10361.7,rsv_vol_65_50_26_260=0,rsv_vol_67_50_26_260=17207.8,sddp_alpha_0_25=1000
o,25,1,sddp_ecut_0_25_60_25,8.2928e+08,,rsv_vol_1_50_25_250=0,rsv_vol_6_50_25_250=-63.968,rsv_vol_21_50_25_250=0,rsv_vol_28_50_25_250=0,rsv_vol_37_50_25_250=4.78176,rsv_vol_63_50_25_250=11019,rsv_vol_65_50_25_250=0,rsv_vol_67_50_25_250=18631.8,sddp_alpha_0_24=1000
o,24,1,sddp_ecut_0_24_60_26,9.00769e+08,,rsv_vol_1_50_24_240=0,rsv_vol_6_50_24_240=-146.75,rsv_vol_21_50_24_240=0,rsv_vol_28_50_24_240=0,rsv_vol_37_50_24_240=3.85428,rsv_vol_63_50_24_240=10337,rsv_vol_65_50_24_240=0,rsv_vol_67_50_24_240=17158.7,sddp_alpha_0_23=1000
o,23,1,sddp_ecut_0_23_60_27,8.7139e+08,,rsv_vol_1_50_23_230=0,rsv_vol_6_50_23_230=-115.323,rsv_vol_21_50_23_230=0,rsv_vol_28_50_23_230=0,rsv_vol_37_50_23_230=1.29822,rsv_vol_63_50_23_230=8882.42,rsv_vol_65_50_23_230=0,rsv_vol_67_50_23_230=6594.82,sddp_alpha_0_22=1000
o,22,1,sddp_ecut_0_22_60_28,2.25306e+08,,rsv_vol_1_50_22_220=0,rsv_vol_6_50_22_220=0.3573,rsv_vol_21_50_22_220=0,rsv_vol_28_50_22_220=0,rsv_vol_37_50_22_220=0.483474,rsv_vol_63_50_22_220=7.80866,rsv_vol_65_50_22_220=-16.6852,rsv_vol_67_50_22_220=2751.78,sddp_alpha_0_21=1000
o,21,1,sddp_ecut_0_21_60_29,1.97243e+08,,rsv_vol_1_50_21_210=0,rsv_vol_6_50_21_210=0.327868,rsv_vol_21_50_21_210=0,rsv_vol_28_50_21_210=0,rsv_vol_37_50_21_210=0.353737,rsv_vol_63_50_21_210=7.20799,rsv_vol_65_50_21_210=-16.6852,rsv_vol_67_50_21_210=1323.9,sddp_alpha_0_20=1000
o,20,1,sddp_ecut_0_20_60_30,2.24944e+08,,rsv_vol_1_50_20_200=0,rsv_vol_6_50_20_200=0.396313,rsv_vol_21_50_20_200=0,rsv_vol_28_50_20_200=0,rsv_vol_37_50_20_200=0.345962,rsv_vol_63_50_20_200=6.00666,rsv_vol_65_50_20_200=-50.0555,rsv_vol_67_50_20_200=1140.36,sddp_alpha_0_19=1000
o,19,1,sddp_ecut_0_19_60_31,1.9615e+08,,rsv_vol_1_50_19_190=0,rsv_vol_6_50_19_190=0.358616,rsv_vol_21_50_19_190=0,rsv_vol_28_50_19_190=0,rsv_vol_37_50_19_190=0.248175,rsv_vol_63_50_19_190=7.20799,rsv_vol_65_50_19_190=-50.0555,rsv_vol_67_50_19_190=392.776,sddp_alpha_0_18=1000
o,18,1,sddp_ecut_0_18_60_32,2.4088e+08,,rsv_vol_1_50_18_180=0,rsv_vol_6_50_18_180=0.402678,rsv_vol_21_50_18_180=0,rsv_vol_28_50_18_180=0,rsv_vol_37_50_18_180=0.414202,rsv_vol_63_50_18_180=7.26547,rsv_vol_65_50_18_180=-50.4547,rsv_vol_67_50_18_180=2041.26,sddp_alpha_0_17=1000
o,17,1,sddp_ecut_0_17_60_33,2.42099e+08,,rsv_vol_1_50_17_170=0,rsv_vol_6_50_17_170=0.412814,rsv_vol_21_50_17_170=0,rsv_vol_28_50_17_170=0,rsv_vol_37_50_17_170=0.503725,rsv_vol_63_50_17_170=7.26547,rsv_vol_65_50_17_170=-33.6364,rsv_vol_67_50_17_170=1572.26,sddp_alpha_0_16=1000
o,16,1,sddp_ecut_0_16_60_34,2.42624e+08,,rsv_vol_1_50_16_160=0,rsv_vol_6_50_16_160=0.418494,rsv_vol_21_50_16_160=0,rsv_vol_28_50_16_160=0,rsv_vol_37_50_16_160=0.488897,rsv_vol_63_50_16_160=6.66001,rsv_vol_65_50_16_160=0,rsv_vol_67_50_16_160=3249.37,sddp_alpha_0_15=1000
o,15,1,sddp_ecut_0_15_60_35,2.12073e+08,,rsv_vol_1_50_15_150=0,rsv_vol_6_50_15_150=0.375323,rsv_vol_21_50_15_150=0,rsv_vol_28_50_15_150=0,rsv_vol_37_50_15_150=0.336979,rsv_vol_63_50_15_150=4.23819,rsv_vol_65_50_15_150=-16.8182,rsv_vol_67_50_15_150=772.609,sddp_alpha_0_14=1000
o,14,1,sddp_ecut_0_14_60_36,2.51893e+08,,rsv_vol_1_50_14_140=0,rsv_vol_6_50_14_140=0.486347,rsv_vol_21_50_14_140=0,rsv_vol_28_50_14_140=0,rsv_vol_37_50_14_140=0.585543,rsv_vol_63_50_14_140=4.88227,rsv_vol_65_50_14_140=-16.9523,rsv_vol_67_50_14_140=5388.82,sddp_alpha_0_13=1000
o,13,1,sddp_ecut_0_13_60_37,2.17886e+08,,rsv_vol_1_50_13_130=0,rsv_vol_6_50_13_130=0.381142,rsv_vol_21_50_13_130=0,rsv_vol_28_50_13_130=0,rsv_vol_37_50_13_130=0.384669,rsv_vol_63_50_13_130=3.0545,rsv_vol_65_50_13_130=-16.9523,rsv_vol_67_50_13_130=1364.34,sddp_alpha_0_12=1000
o,12,1,sddp_ecut_0_12_60_38,2.49692e+08,,rsv_vol_1_50_12_120=0,rsv_vol_6_50_12_120=0.463542,rsv_vol_21_50_12_120=0,rsv_vol_28_50_12_120=0,rsv_vol_37_50_12_120=0.569366,rsv_vol_63_50_12_120=3.66341,rsv_vol_65_50_12_120=-33.9046,rsv_vol_67_50_12_120=4862.43,sddp_alpha_0_11=1000
o,11,1,sddp_ecut_0_11_60_39,2.19629e+08,,rsv_vol_1_50_11_110=0,rsv_vol_6_50_11_110=0.422289,rsv_vol_21_50_11_110=0,rsv_vol_28_50_11_110=0,rsv_vol_37_50_11_110=0.549519,rsv_vol_63_50_11_110=1.22057,rsv_vol_65_50_11_110=0,rsv_vol_67_50_11_110=1867.99,sddp_alpha_0_10=1000
o,10,1,sddp_ecut_0_10_60_40,2.60918e+08,,rsv_vol_1_50_10_100=0,rsv_vol_6_50_10_100=0.460434,rsv_vol_21_50_10_100=0,rsv_vol_28_50_10_100=0,rsv_vol_37_50_10_100=0.520056,rsv_vol_63_50_10_100=1.2303,rsv_vol_65_50_10_100=-34.175,rsv_vol_67_50_10_100=2725.03,sddp_alpha_0_9=1000
o,9,1,sddp_ecut_0_9_60_41,2.6257e+08,,rsv_vol_1_50_9_90=0,rsv_vol_6_50_9_90=0.471838,rsv_vol_21_50_9_90=0,rsv_vol_28_50_9_90=0,rsv_vol_37_50_9_90=0.533764,rsv_vol_63_50_9_90=0,rsv_vol_65_50_9_90=-17.0875,rsv_vol_67_50_9_90=2030.46,sddp_alpha_0_8=1000
o,8,1,sddp_ecut_0_8_60_42,2.63448e+08,,rsv_vol_1_50_8_80=0,rsv_vol_6_50_8_80=0.479546,rsv_vol_21_50_8_80=0,rsv_vol_28_50_8_80=0,rsv_vol_37_50_8_80=0.774691,rsv_vol_63_50_8_80=0.00579216,rsv_vol_65_50_8_80=-17.0875,rsv_vol_67_50_8_80=4295.42,sddp_alpha_0_7=1000
o,7,1,sddp_ecut_0_7_60_43,2.31658e+08,,rsv_vol_1_50_7_70=0,rsv_vol_6_50_7_70=0.434487,rsv_vol_21_50_7_70=0,rsv_vol_28_50_7_70=0,rsv_vol_37_50_7_70=0.680909,rsv_vol_63_50_7_70=0.00517157,rsv_vol_65_50_7_70=-17.0875,rsv_vol_67_50_7_70=3123.81,sddp_alpha_0_6=1000
o,6,1,sddp_ecut_0_6_60_44,2.81814e+08,,rsv_vol_1_50_6_60=0,rsv_vol_6_50_6_60=0.528607,rsv_vol_21_50_6_60=0,rsv_vol_28_50_6_60=0,rsv_vol_37_50_6_60=0.936707,rsv_vol_63_50_6_60=0.00756529,rsv_vol_65_50_6_60=0,rsv_vol_67_50_6_60=5943.57,sddp_alpha_0_5=1000
o,5,1,sddp_ecut_0_5_60_45,2.81885e+08,,rsv_vol_1_50_5_50=0,rsv_vol_6_50_5_50=0.554327,rsv_vol_21_50_5_50=0,rsv_vol_28_50_5_50=0,rsv_vol_37_50_5_50=0.73746,rsv_vol_63_50_5_50=0.00649041,rsv_vol_65_50_5_50=0,rsv_vol_67_50_5_50=4823.92,sddp_alpha_0_4=1000
o,4,1,sddp_ecut_0_4_60_46,2.83267e+08,,rsv_vol_1_50_4_40=0,rsv_vol_6_50_4_40=0.554263,rsv_vol_21_50_4_40=0,rsv_vol_28_50_4_40=0,rsv_vol_37_50_4_40=0.812836,rsv_vol_63_50_4_40=0,rsv_vol_65_50_4_40=0,rsv_vol_67_50_4_40=2573.44,sddp_alpha_0_3=1000
o,3,1,sddp_ecut_0_3_60_47,2.50811e+08,,rsv_vol_1_50_3_30=0,rsv_vol_6_50_3_30=0.545396,rsv_vol_21_50_3_30=0,rsv_vol_28_50_3_30=0,rsv_vol_37_50_3_30=0.744395,rsv_vol_63_50_3_30=0,rsv_vol_65_50_3_30=-34.4475,rsv_vol_67_50_3_30=2830.48,sddp_alpha_0_2=1000
o,2,1,sddp_ecut_0_2_60_48,2.25338e+08,,rsv_vol_1_50_2_20=0,rsv_vol_6_50_2_20=0.707866,rsv_vol_21_50_2_20=0,rsv_vol_28_50_2_20=0,rsv_vol_37_50_2_20=0.488828,rsv_vol_63_50_2_20=0,rsv_vol_65_50_2_20=-69.4444,rsv_vol_67_50_2_20=6213.54,sddp_alpha_0_1=1000
o,1,1,sddp_ecut_0_1_60_49,2.65508e+08,,rsv_vol_1_50_1_10=0,rsv_vol_6_50_1_10=0.843154,rsv_vol_21_50_1_10=0,rsv_vol_28_50_1_10=0,rsv_vol_37_50_1_10=0.507562,rsv_vol_63_50_1_10=0,rsv_vol_65_50_1_10=-17.3611,rsv_vol_67_50_1_10=9920.79,sddp_alpha_0_0=1000
o,50,1,sddp_ecut_0_50_61_0,7.4197e+08,,rsv_vol_1_50_50_500=0,rsv_vol_6_50_50_500=1.94792,rsv_vol_21_50_50_500=0,rsv_vol_28_50_50_500=0,rsv_vol_37_50_50_500=2.90475,rsv_vol_63_50_50_500=9343.02,rsv_vol_65_50_50_500=35009.8,rsv_vol_67_50_50_500=15127.2,sddp_alpha_0_49=1000
o,49,1,sddp_ecut_0_49_61_1,5.94245e+08,,rsv_vol_1_50_49_490=0,rsv_vol_6_50_49_490=-12.3816,rsv_vol_21_50_49_490=0,rsv_vol_28_50_49_490=0,rsv_vol_37_50_49_490=1.87958,rsv_vol_63_50_49_490=8418.64,rsv_vol_65_50_49_490=0,rsv_vol_67_50_49_490=14416.9,sddp_alpha_0_48=1000
o,48,1,sddp_ecut_0_48_61_2,6.5112e+08,,rsv_vol_1_50_48_480=0,rsv_vol_6_50_48_480=-26.4146,rsv_vol_21_50_48_480=0,rsv_vol_28_50_48_480=0,rsv_vol_37_50_48_480=2.43005,rsv_vol_63_50_48_480=7621.99,rsv_vol_65_50_48_480=0,rsv_vol_67_50_48_480=13639.3,sddp_alpha_0_47=1000
o,47,1,sddp_ecut_0_47_61_3,6.4186e+08,,rsv_vol_1_50_47_470=0,rsv_vol_6_50_47_470=-95.2668,rsv_vol_21_50_47_470=0,rsv_vol_28_50_47_470=0,rsv_vol_37_50_47_470=1.45394,rsv_vol_63_50_47_470=7678.17,rsv_vol_65_50_47_470=0,rsv_vol_67_50_47_470=9022.1,sddp_alpha_0_46=1000
o,46,1,sddp_ecut_0_46_61_4,6.21959e+08,,rsv_vol_1_50_46_460=0,rsv_vol_6_50_46_460=-123.55,rsv_vol_21_50_46_460=0,rsv_vol_28_50_46_460=0,rsv_vol_37_50_46_460=1.76338,rsv_vol_63_50_46_460=7622.2,rsv_vol_65_50_46_460=0,rsv_vol_67_50_46_460=6941.93,sddp_alpha_0_45=1000
o,45,1,sddp_ecut_0_45_61_5,6.87401e+08,,rsv_vol_1_50_45_450=0,rsv_vol_6_50_45_450=0.839902,rsv_vol_21_50_45_450=0,rsv_vol_28_50_45_450=0,rsv_vol_37_50_45_450=2.51234,rsv_vol_63_50_45_450=7123.3,rsv_vol_65_50_45_450=0,rsv_vol_67_50_45_450=11127.6,sddp_alpha_0_44=1000
o,44,1,sddp_ecut_0_44_61_6,6.90026e+08,,rsv_vol_1_50_44_440=0,rsv_vol_6_50_44_440=1.09349,rsv_vol_21_50_44_440=0,rsv_vol_28_50_44_440=0,rsv_vol_37_50_44_440=2.27898,rsv_vol_63_50_44_440=7545.16,rsv_vol_65_50_44_440=-28.0204,rsv_vol_67_50_44_440=10508.2,sddp_alpha_0_43=1000
o,43,1,sddp_ecut_0_43_61_7,7.71882e+08,,rsv_vol_1_50_43_430=0,rsv_vol_6_50_43_430=1.45338,rsv_vol_21_50_43_430=0,rsv_vol_28_50_43_430=0,rsv_vol_37_50_43_430=2.45561,rsv_vol_63_50_43_430=6525.85,rsv_vol_65_50_43_430=-28.2438,rsv_vol_67_50_43_430=12635.8,sddp_alpha_0_42=1000
o,42,1,sddp_ecut_0_42_61_8,8.26884e+08,,rsv_vol_1_50_42_420=0,rsv_vol_6_50_42_420=2.01369,rsv_vol_21_50_42_420=0,rsv_vol_28_50_42_420=0,rsv_vol_37_50_42_420=3.00551,rsv_vol_63_50_42_420=8883.06,rsv_vol_65_50_42_420=-14.2345,rsv_vol_67_50_42_420=14733.5,sddp_alpha_0_41=1000
o,41,1,sddp_ecut_0_41_61_9,8.32332e+08,,rsv_vol_1_50_41_410=0,rsv_vol_6_50_41_410=1.89132,rsv_vol_21_50_41_410=0,rsv_vol_28_50_41_410=0,rsv_vol_37_50_41_410=2.95122,rsv_vol_63_50_41_410=6677.09,rsv_vol_65_50_41_410=4962.15,rsv_vol_67_50_41_410=11700.4,sddp_alpha_0_40=1000
o,40,1,sddp_ecut_0_40_61_10,8.47719e+08,,rsv_vol_1_50_40_400=0,rsv_vol_6_50_40_400=2.03587,rsv_vol_21_50_40_400=0,rsv_vol_28_50_40_400=0,rsv_vol_37_50_40_400=4.35808,rsv_vol_63_50_40_400=8532.25,rsv_vol_65_50_40_400=4695.37,rsv_vol_67_50_40_400=14517.1,sddp_alpha_0_39=1000
o,39,1,sddp_ecut_0_39_61_11,7.73673e+08,,rsv_vol_1_50_39_390=0,rsv_vol_6_50_39_390=1.80547,rsv_vol_21_50_39_390=0,rsv_vol_28_50_39_390=0,rsv_vol_37_50_39_390=3.81567,rsv_vol_63_50_39_390=8647.2,rsv_vol_65_50_39_390=4663.56,rsv_vol_67_50_39_390=15042.9,sddp_alpha_0_38=1000
o,38,1,sddp_ecut_0_38_61_12,7.79346e+08,,rsv_vol_1_50_38_380=0,rsv_vol_6_50_38_380=-12.7532,rsv_vol_21_50_38_380=0,rsv_vol_28_50_38_380=0,rsv_vol_37_50_38_380=2.83015,rsv_vol_63_50_38_380=9549.15,rsv_vol_65_50_38_380=12661.7,rsv_vol_67_50_38_380=-235.104,sddp_alpha_0_37=1000
o,37,1,sddp_ecut_0_37_61_13,6.45813e+08,,rsv_vol_1_50_37_370=0,rsv_vol_6_50_37_370=-13.6252,rsv_vol_21_50_37_370=0,rsv_vol_28_50_37_370=0,rsv_vol_37_50_37_370=2.23528,rsv_vol_63_50_37_370=9443.88,rsv_vol_65_50_37_370=0,rsv_vol_67_50_37_370=15930,sddp_alpha_0_36=1000
o,36,1,sddp_ecut_0_36_61_14,7.0939e+08,,rsv_vol_1_50_36_360=0,rsv_vol_6_50_36_360=-29.2047,rsv_vol_21_50_36_360=0,rsv_vol_28_50_36_360=0,rsv_vol_37_50_36_360=2.77566,rsv_vol_63_50_36_360=9090.91,rsv_vol_65_50_36_360=0,rsv_vol_67_50_36_360=15229.1,sddp_alpha_0_35=1000
o,35,1,sddp_ecut_0_35_61_15,7.38236e+08,,rsv_vol_1_50_35_350=0,rsv_vol_6_50_35_350=-105.102,rsv_vol_21_50_35_350=0,rsv_vol_28_50_35_350=0,rsv_vol_37_50_35_350=0.693072,rsv_vol_63_50_35_350=8573.34,rsv_vol_65_50_35_350=0,rsv_vol_67_50_35_350=3253.05,sddp_alpha_0_34=1000
o,34,1,sddp_ecut_0_34_61_16,7.15841e+08,,rsv_vol_1_50_34_340=0,rsv_vol_6_50_34_340=-29.8209,rsv_vol_21_50_34_340=0,rsv_vol_28_50_34_340=0,rsv_vol_37_50_34_340=1.1029,rsv_vol_63_50_34_340=9189.82,rsv_vol_65_50_34_340=0,rsv_vol_67_50_34_340=1639.13,sddp_alpha_0_33=1000
o,33,1,sddp_ecut_0_33_61_17,7.85711e+08,,rsv_vol_1_50_33_330=0,rsv_vol_6_50_33_330=1.41522,rsv_vol_21_50_33_330=0,rsv_vol_28_50_33_330=0,rsv_vol_37_50_33_330=2.15555,rsv_vol_63_50_33_330=7432.22,rsv_vol_65_50_33_330=0,rsv_vol_67_50_33_330=7990.96,sddp_alpha_0_32=1000
o,32,1,sddp_ecut_0_32_61_18,7.86227e+08,,rsv_vol_1_50_32_320=0,rsv_vol_6_50_32_320=1.50884,rsv_vol_21_50_32_320=0,rsv_vol_28_50_32_320=0,rsv_vol_37_50_32_320=1.93903,rsv_vol_63_50_32_320=4402.97,rsv_vol_65_50_32_320=0,rsv_vol_67_50_32_320=8573.67,sddp_alpha_0_31=1000
o,31,1,sddp_ecut_0_31_61_19,8.80882e+08,,rsv_vol_1_50_31_310=0,rsv_vol_6_50_31_310=1.86777,rsv_vol_21_50_31_310=0,rsv_vol_28_50_31_310=0,rsv_vol_37_50_31_310=2.48662,rsv_vol_63_50_31_310=1807.29,rsv_vol_65_50_31_310=-15.5341,rsv_vol_67_50_31_310=12724.6,sddp_alpha_0_30=1000
o,30,1,sddp_ecut_0_30_61_20,9.50338e+08,,rsv_vol_1_50_30_300=0,rsv_vol_6_50_30_300=2.42933,rsv_vol_21_50_30_300=0,rsv_vol_28_50_30_300=0,rsv_vol_37_50_30_300=3.57529,rsv_vol_63_50_30_300=8717.49,rsv_vol_65_50_30_300=-31.3159,rsv_vol_67_50_30_300=16476.2,sddp_alpha_0_29=1000
o,29,1,sddp_ecut_0_29_61_21,9.75418e+08,,rsv_vol_1_50_29_290=0,rsv_vol_6_50_29_290=3.07721,rsv_vol_21_50_29_290=0,rsv_vol_28_50_29_290=0,rsv_vol_37_50_29_290=2.22383,rsv_vol_63_50_29_290=8648.77,rsv_vol_65_50_29_290=15585.7,rsv_vol_67_50_29_290=3619.72,sddp_alpha_0_28=1000
o,28,1,sddp_ecut_0_28_61_22,1.03339e+09,,rsv_vol_1_50_28_280=0,rsv_vol_6_50_28_280=3.41761,rsv_vol_21_50_28_280=0,rsv_vol_28_50_28_280=0,rsv_vol_37_50_28_280=6.63199,rsv_vol_63_50_28_280=10199,rsv_vol_65_50_28_280=23688.4,rsv_vol_67_50_28_280=1852.15,sddp_alpha_0_27=1000
o,27,1,sddp_ecut_0_27_61_23,9.23448e+08,,rsv_vol_1_50_27_270=0,rsv_vol_6_50_27_270=-30.9372,rsv_vol_21_50_27_270=0,rsv_vol_28_50_27_270=0,rsv_vol_37_50_27_270=1.23183,rsv_vol_63_50_27_270=9289.17,rsv_vol_65_50_27_270=4392.88,rsv_vol_67_50_27_270=-256.569,sddp_alpha_0_26=1000
o,26,1,sddp_ecut_0_26_61_24,9.38607e+08,,rsv_vol_1_50_26_260=0,rsv_vol_6_50_26_260=-47.1974,rsv_vol_21_50_26_260=0,rsv_vol_28_50_26_260=0,rsv_vol_37_50_26_260=5.18722,rsv_vol_63_50_26_260=10361.7,rsv_vol_65_50_26_260=0,rsv_vol_67_50_26_260=17207.8,sddp_alpha_0_25=1000
o,25,1,sddp_ecut_0_25_61_25,8.2928e+08,,rsv_vol_1_50_25_250=0,rsv_vol_6_50_25_250=-63.968,rsv_vol_21_50_25_250=0,rsv_vol_28_50_25_250=0,rsv_vol_37_50_25_250=4.78176,rsv_vol_63_50_25_250=11019,rsv_vol_65_50_25_250=0,rsv_vol_67_50_25_250=18631.8,sddp_alpha_0_24=1000
o,24,1,sddp_ecut_0_24_61_26,9.00769e+08,,rsv_vol_1_50_24_240=0,rsv_vol_6_50_24_240=-146.75,rsv_vol_21_50_24_240=0,rsv_vol_28_50_24_240=0,rsv_vol_37_50_24_240=3.85428,rsv_vol_63_50_24_240=10337,rsv_vol_65_50_24_240=0,rsv_vol_67_50_24_240=17158.7,sddp_alpha_0_23=1000
o,23,1,sddp_ecut_0_23_61_27,8.7139e+08,,rsv_vol_1_50_23_230=0,rsv_vol_6_50_23_230=-115.323,rsv_vol_21_50_23_230=0,rsv_vol_28_50_23_230=0,rsv_vol_37_50_23_230=1.29822,rsv_vol_63_50_23_230=8882.42,rsv_vol_65_50_23_230=0,rsv_vol_67_50_23_230=6594.82,sddp_alpha_0_22=1000
o,22,1,sddp_ecut_0_22_61_28,2.25306e+08,,rsv_vol_1_50_22_220=0,rsv_vol_6_50_22_220=0.3573,rsv_vol_21_50_22_220=0,rsv_vol_28_50_22_220=0,rsv_vol_37_50_22_220=0.483474,rsv_vol_63_50_22_220=7.80866,rsv_vol_65_50_22_220=-16.6852,rsv_vol_67_50_22_220=2751.78,sddp_alpha_0_21=1000
o,21,1,sddp_ecut_0_21_61_29,1.97243e+08,,rsv_vol_1_50_21_210=0,rsv_vol_6_50_21_210=0.327868,rsv_vol_21_50_21_210=0,rsv_vol_28_50_21_210=0,rsv_vol_37_50_21_210=0.353737,rsv_vol_63_50_21_210=7.20799,rsv_vol_65_50_21_210=-16.6852,rsv_vol_67_50_21_210=1323.9,sddp_alpha_0_20=1000
o,20,1,sddp_ecut_0_20_61_30,2.24944e+08,,rsv_vol_1_50_20_200=0,rsv_vol_6_50_20_200=0.396313,rsv_vol_21_50_20_200=0,rsv_vol_28_50_20_200=0,rsv_vol_37_50_20_200=0.345962,rsv_vol_63_50_20_200=6.00666,rsv_vol_65_50_20_200=-50.0555,rsv_vol_67_50_20_200=1140.36,sddp_alpha_0_19=1000
o,19,1,sddp_ecut_0_19_61_31,1.9615e+08,,rsv_vol_1_50_19_190=0,rsv_vol_6_50_19_190=0.358616,rsv_vol_21_50_19_190=0,rsv_vol_28_50_19_190=0,rsv_vol_37_50_19_190=0.248175,rsv_vol_63_50_19_190=7.20799,rsv_vol_65_50_19_190=-50.0555,rsv_vol_67_50_19_190=392.776,sddp_alpha_0_18=1000
o,18,1,sddp_ecut_0_18_61_32,2.4088e+08,,rsv_vol_1_50_18_180=0,rsv_vol_6_50_18_180=0.402678,rsv_vol_21_50_18_180=0,rsv_vol_28_50_18_180=0,rsv_vol_37_50_18_180=0.414202,rsv_vol_63_50_18_180=7.26547,rsv_vol_65_50_18_180=-50.4547,rsv_vol_67_50_18_180=2041.26,sddp_alpha_0_17=1000
o,17,1,sddp_ecut_0_17_61_33,2.42099e+08,,rsv_vol_1_50_17_170=0,rsv_vol_6_50_17_170=0.412814,rsv_vol_21_50_17_170=0,rsv_vol_28_50_17_170=0,rsv_vol_37_50_17_170=0.503725,rsv_vol_63_50_17_170=7.26547,rsv_vol_65_50_17_170=-33.6364,rsv_vol_67_50_17_170=1572.26,sddp_alpha_0_16=1000
o,16,1,sddp_ecut_0_16_61_34,2.42624e+08,,rsv_vol_1_50_16_160=0,rsv_vol_6_50_16_160=0.418494,rsv_vol_21_50_16_160=0,rsv_vol_28_50_16_160=0,rsv_vol_37_50_16_160=0.488897,rsv_vol_63_50_16_160=6.66001,rsv_vol_65_50_16_160=0,rsv_vol_67_50_16_160=3249.37,sddp_alpha_0_15=1000
o,15,1,sddp_ecut_0_15_61_35,2.12073e+08,,rsv_vol_1_50_15_150=0,rsv_vol_6_50_15_150=0.375323,rsv_vol_21_50_15_150=0,rsv_vol_28_50_15_150=0,rsv_vol_37_50_15_150=0.336979,rsv_vol_63_50_15_150=4.23819,rsv_vol_65_50_15_150=-16.8182,rsv_vol_67_50_15_150=772.609,sddp_alpha_0_14=1000
o,14,1,sddp_ecut_0_14_61_36,2.51893e+08,,rsv_vol_1_50_14_140=0,rsv_vol_6_50_14_140=0.486347,rsv_vol_21_50_14_140=0,rsv_vol_28_50_14_140=0,rsv_vol_37_50_14_140=0.585543,rsv_vol_63_50_14_140=4.88227,rsv_vol_65_50_14_140=-16.9523,rsv_vol_67_50_14_140=5388.82,sddp_alpha_0_13=1000
o,13,1,sddp_ecut_0_13_61_37,2.17886e+08,,rsv_vol_1_50_13_130=0,rsv_vol_6_50_13_130=0.381142,rsv_vol_21_50_13_130=0,rsv_vol_28_50_13_130=0,rsv_vol_37_50_13_130=0.384669,rsv_vol_63_50_13_130=3.05447,rsv_vol_65_50_13_130=-16.9523,rsv_vol_67_50_13_130=1364.34,sddp_alpha_0_12=1000
o,12,1,sddp_ecut_0_12_61_38,2.49692e+08,,rsv_vol_1_50_12_120=0,rsv_vol_6_50_12_120=0.463542,rsv_vol_21_50_12_120=0,rsv_vol_28_50_12_120=0,rsv_vol_37_50_12_120=0.569366,rsv_vol_63_50_12_120=3.66341,rsv_vol_65_50_12_120=-33.9046,rsv_vol_67_50_12_120=4862.43,sddp_alpha_0_11=1000
o,11,1,sddp_ecut_0_11_61_39,2.19629e+08,,rsv_vol_1_50_11_110=0,rsv_vol_6_50_11_110=0.422289,rsv_vol_21_50_11_110=0,rsv_vol_28_50_11_110=0,rsv_vol_37_50_11_110=0.549519,rsv_vol_63_50_11_110=1.22057,rsv_vol_65_50_11_110=0,rsv_vol_67_50_11_110=1867.99,sddp_alpha_0_10=1000
o,10,1,sddp_ecut_0_10_61_40,2.60918e+08,,rsv_vol_1_50_10_100=0,rsv_vol_6_50_10_100=0.460434,rsv_vol_21_50_10_100=0,rsv_vol_28_50_10_100=0,rsv_vol_37_50_10_100=0.520056,rsv_vol_63_50_10_100=1.2303,rsv_vol_65_50_10_100=-34.175,rsv_vol_67_50_10_100=2725.03,sddp_alpha_0_9=1000
o,9,1,sddp_ecut_0_9_61_41,2.6257e+08,,rsv_vol_1_50_9_90=0,rsv_vol_6_50_9_90=0.471838,rsv_vol_21_50_9_90=0,rsv_vol_28_50_9_90=0,rsv_vol_37_50_9_90=0.533764,rsv_vol_63_50_9_90=0,rsv_vol_65_50_9_90=-17.0875,rsv_vol_67_50_9_90=2030.46,sddp_alpha_0_8=1000
o,8,1,sddp_ecut_0_8_61_42,2.63448e+08,,rsv_vol_1_50_8_80=0,rsv_vol_6_50_8_80=0.479546,rsv_vol_21_50_8_80=0,rsv_vol_28_50_8_80=0,rsv_vol_37_50_8_80=0.774691,rsv_vol_63_50_8_80=0.00579216,rsv_vol_65_50_8_80=-17.0875,rsv_vol_67_50_8_80=4295.42,sddp_alpha_0_7=1000
o,7,1,sddp_ecut_0_7_61_43,2.31658e+08,,rsv_vol_1_50_7_70=0,rsv_vol_6_50_7_70=0.434487,rsv_vol_21_50_7_70=0,rsv_vol_28_50_7_70=0,rsv_vol_37_50_7_70=0.680909,rsv_vol_63_50_7_70=0.00517157,rsv_vol_65_50_7_70=-17.0875,rsv_vol_67_50_7_70=3123.81,sddp_alpha_0_6=1000
o,6,1,sddp_ecut_0_6_61_44,2.81814e+08,,rsv_vol_1_50_6_60=0,rsv_vol_6_50_6_60=0.528607,rsv_vol_21_50_6_60=0,rsv_vol_28_50_6_60=0,rsv_vol_37_50_6_60=0.936707,rsv_vol_63_50_6_60=0.00756529,rsv_vol_65_50_6_60=0,rsv_vol_67_50_6_60=5943.57,sddp_alpha_0_5=1000
o,5,1,sddp_ecut_0_5_61_45,2.81885e+08,,rsv_vol_1_50_5_50=0,rsv_vol_6_50_5_50=0.554327,rsv_vol_21_50_5_50=0,rsv_vol_28_50_5_50=0,rsv_vol_37_50_5_50=0.73746,rsv_vol_63_50_5_50=0.00649041,rsv_vol_65_50_5_50=0,rsv_vol_67_50_5_50=4823.92,sddp_alpha_0_4=1000
o,4,1,sddp_ecut_0_4_61_46,2.83267e+08,,rsv_vol_1_50_4_40=0,rsv_vol_6_50_4_40=0.554263,rsv_vol_21_50_4_40=0,rsv_vol_28_50_4_40=0,rsv_vol_37_50_4_40=0.812836,rsv_vol_63_50_4_40=0,rsv_vol_65_50_4_40=0,rsv_vol_67_50_4_40=2573.44,sddp_alpha_0_3=1000
o,3,1,sddp_ecut_0_3_61_47,2.50811e+08,,rsv_vol_1_50_3_30=0,rsv_vol_6_50_3_30=0.545396,rsv_vol_21_50_3_30=0,rsv_vol_28_50_3_30=0,rsv_vol_37_50_3_30=0.744395,rsv_vol_63_50_3_30=0,rsv_vol_65_50_3_30=-34.4475,rsv_vol_67_50_3_30=2830.48,sddp_alpha_0_2=1000
o,2,1,sddp_ecut_0_2_61_48,2.25338e+08,,rsv_vol_1_50_2_20=0,rsv_vol_6_50_2_20=0.707866,rsv_vol_21_50_2_20=0,rsv_vol_28_50_2_20=0,rsv_vol_37_50_2_20=0.488828,rsv_vol_63_50_2_20=0,rsv_vol_65_50_2_20=-69.4444,rsv_vol_67_50_2_20=6213.54,sddp_alpha_0_1=1000
o,1,1,sddp_ecut_0_1_61_49,2.65508e+08,,rsv_vol_1_50_1_10=0,rsv_vol_6_50_1_10=0.843154,rsv_vol_21_50_1_10=0,rsv_vol_28_50_1_10=0,rsv_vol_37_50_1_10=0.507562,rsv_vol_63_50_1_10=0,rsv_vol_65_50_1_10=-17.3611,rsv_vol_67_50_1_10=9920.79,sddp_alpha_0_0=1000
o,50,1,sddp_ecut_0_50_62_0,7.4197e+08,,rsv_vol_1_50_50_500=0,rsv_vol_6_50_50_500=1.94792,rsv_vol_21_50_50_500=0,rsv_vol_28_50_50_500=0,rsv_vol_37_50_50_500=2.90475,rsv_vol_63_50_50_500=9343.02,rsv_vol_65_50_50_500=35009.8,rsv_vol_67_50_50_500=15127.2,sddp_alpha_0_49=1000
o,49,1,sddp_ecut_0_49_62_1,5.94245e+08,,rsv_vol_1_50_49_490=0,rsv_vol_6_50_49_490=-12.3816,rsv_vol_21_50_49_490=0,rsv_vol_28_50_49_490=0,rsv_vol_37_50_49_490=1.87958,rsv_vol_63_50_49_490=8418.64,rsv_vol_65_50_49_490=0,rsv_vol_67_50_49_490=14416.9,sddp_alpha_0_48=1000
o,48,1,sddp_ecut_0_48_62_2,6.5112e+08,,rsv_vol_1_50_48_480=0,rsv_vol_6_50_48_480=-26.4146,rsv_vol_21_50_48_480=0,rsv_vol_28_50_48_480=0,rsv_vol_37_50_48_480=2.43005,rsv_vol_63_50_48_480=7621.99,rsv_vol_65_50_48_480=0,rsv_vol_67_50_48_480=13639.3,sddp_alpha_0_47=1000
o,47,1,sddp_ecut_0_47_62_3,6.4186e+08,,rsv_vol_1_50_47_470=0,rsv_vol_6_50_47_470=-95.2668,rsv_vol_21_50_47_470=0,rsv_vol_28_50_47_470=0,rsv_vol_37_50_47_470=1.45394,rsv_vol_63_50_47_470=7678.17,rsv_vol_65_50_47_470=0,rsv_vol_67_50_47_470=9022.1,sddp_alpha_0_46=1000
o,46,1,sddp_ecut_0_46_62_4,6.21959e+08,,rsv_vol_1_50_46_460=0,rsv_vol_6_50_46_460=-123.55,rsv_vol_21_50_46_460=0,rsv_vol_28_50_46_460=0,rsv_vol_37_50_46_460=1.76338,rsv_vol_63_50_46_460=7622.2,rsv_vol_65_50_46_460=0,rsv_vol_67_50_46_460=6941.93,sddp_alpha_0_45=1000
o,45,1,sddp_ecut_0_45_62_5,6.87401e+08,,rsv_vol_1_50_45_450=0,rsv_vol_6_50_45_450=0.839902,rsv_vol_21_50_45_450=0,rsv_vol_28_50_45_450=0,rsv_vol_37_50_45_450=2.51234,rsv_vol_63_50_45_450=7123.3,rsv_vol_65_50_45_450=0,rsv_vol_67_50_45_450=11127.6,sddp_alpha_0_44=1000
o,44,1,sddp_ecut_0_44_62_6,6.90026e+08,,rsv_vol_1_50_44_440=0,rsv_vol_6_50_44_440=1.09349,rsv_vol_21_50_44_440=0,rsv_vol_28_50_44_440=0,rsv_vol_37_50_44_440=2.27898,rsv_vol_63_50_44_440=7545.16,rsv_vol_65_50_44_440=-28.0204,rsv_vol_67_50_44_440=10508.2,sddp_alpha_0_43=1000
o,43,1,sddp_ecut_0_43_62_7,7.71882e+08,,rsv_vol_1_50_43_430=0,rsv_vol_6_50_43_430=1.45338,rsv_vol_21_50_43_430=0,rsv_vol_28_50_43_430=0,rsv_vol_37_50_43_430=2.45561,rsv_vol_63_50_43_430=6525.85,rsv_vol_65_50_43_430=-28.2438,rsv_vol_67_50_43_430=12635.8,sddp_alpha_0_42=1000
o,42,1,sddp_ecut_0_42_62_8,8.26884e+08,,rsv_vol_1_50_42_420=0,rsv_vol_6_50_42_420=2.01369,rsv_vol_21_50_42_420=0,rsv_vol_28_50_42_420=0,rsv_vol_37_50_42_420=3.00551,rsv_vol_63_50_42_420=8883.06,rsv_vol_65_50_42_420=-14.2345,rsv_vol_67_50_42_420=14733.5,sddp_alpha_0_41=1000
o,41,1,sddp_ecut_0_41_62_9,8.32332e+08,,rsv_vol_1_50_41_410=0,rsv_vol_6_50_41_410=1.89132,rsv_vol_21_50_41_410=0,rsv_vol_28_50_41_410=0,rsv_vol_37_50_41_410=2.95122,rsv_vol_63_50_41_410=6677.09,rsv_vol_65_50_41_410=4962.15,rsv_vol_67_50_41_410=11700.4,sddp_alpha_0_40=1000
o,40,1,sddp_ecut_0_40_62_10,8.47719e+08,,rsv_vol_1_50_40_400=0,rsv_vol_6_50_40_400=2.03587,rsv_vol_21_50_40_400=0,rsv_vol_28_50_40_400=0,rsv_vol_37_50_40_400=4.35808,rsv_vol_63_50_40_400=8532.25,rsv_vol_65_50_40_400=4695.37,rsv_vol_67_50_40_400=14517.1,sddp_alpha_0_39=1000
o,39,1,sddp_ecut_0_39_62_11,7.73673e+08,,rsv_vol_1_50_39_390=0,rsv_vol_6_50_39_390=1.80547,rsv_vol_21_50_39_390=0,rsv_vol_28_50_39_390=0,rsv_vol_37_50_39_390=3.81567,rsv_vol_63_50_39_390=8647.2,rsv_vol_65_50_39_390=4663.56,rsv_vol_67_50_39_390=15042.9,sddp_alpha_0_38=1000
o,38,1,sddp_ecut_0_38_62_12,7.79346e+08,,rsv_vol_1_50_38_380=0,rsv_vol_6_50_38_380=-12.7532,rsv_vol_21_50_38_380=0,rsv_vol_28_50_38_380=0,rsv_vol_37_50_38_380=2.83015,rsv_vol_63_50_38_380=9549.15,rsv_vol_65_50_38_380=12661.7,rsv_vol_67_50_38_380=-235.104,sddp_alpha_0_37=1000
o,37,1,sddp_ecut_0_37_62_13,6.45813e+08,,rsv_vol_1_50_37_370=0,rsv_vol_6_50_37_370=-13.6252,rsv_vol_21_50_37_370=0,rsv_vol_28_50_37_370=0,rsv_vol_37_50_37_370=2.23528,rsv_vol_63_50_37_370=9443.88,rsv_vol_65_50_37_370=0,rsv_vol_67_50_37_370=15930,sddp_alpha_0_36=1000
o,36,1,sddp_ecut_0_36_62_14,7.0939e+08,,rsv_vol_1_50_36_360=0,rsv_vol_6_50_36_360=-29.2047,rsv_vol_21_50_36_360=0,rsv_vol_28_50_36_360=0,rsv_vol_37_50_36_360=2.77566,rsv_vol_63_50_36_360=9090.91,rsv_vol_65_50_36_360=0,rsv_vol_67_50_36_360=15229.1,sddp_alpha_0_35=1000
o,35,1,sddp_ecut_0_35_62_15,7.38236e+08,,rsv_vol_1_50_35_350=0,rsv_vol_6_50_35_350=-105.102,rsv_vol_21_50_35_350=0,rsv_vol_28_50_35_350=0,rsv_vol_37_50_35_350=0.693072,rsv_vol_63_50_35_350=8573.34,rsv_vol_65_50_35_350=0,rsv_vol_67_50_35_350=3253.05,sddp_alpha_0_34=1000
o,34,1,sddp_ecut_0_34_62_16,7.15841e+08,,rsv_vol_1_50_34_340=0,rsv_vol_6_50_34_340=-29.8209,rsv_vol_21_50_34_340=0,rsv_vol_28_50_34_340=0,rsv_vol_37_50_34_340=1.1029,rsv_vol_63_50_34_340=9189.82,rsv_vol_65_50_34_340=0,rsv_vol_67_50_34_340=1639.13,sddp_alpha_0_33=1000
o,33,1,sddp_ecut_0_33_62_17,7.85711e+08,,rsv_vol_1_50_33_330=0,rsv_vol_6_50_33_330=1.41522,rsv_vol_21_50_33_330=0,rsv_vol_28_50_33_330=0,rsv_vol_37_50_33_330=2.15555,rsv_vol_63_50_33_330=7432.22,rsv_vol_65_50_33_330=0,rsv_vol_67_50_33_330=7990.96,sddp_alpha_0_32=1000
o,32,1,sddp_ecut_0_32_62_18,7.86227e+08,,rsv_vol_1_50_32_320=0,rsv_vol_6_50_32_320=1.50884,rsv_vol_21_50_32_320=0,rsv_vol_28_50_32_320=0,rsv_vol_37_50_32_320=1.93903,rsv_vol_63_50_32_320=4402.97,rsv_vol_65_50_32_320=0,rsv_vol_67_50_32_320=8573.67,sddp_alpha_0_31=1000
o,31,1,sddp_ecut_0_31_62_19,8.80882e+08,,rsv_vol_1_50_31_310=0,rsv_vol_6_50_31_310=1.86777,rsv_vol_21_50_31_310=0,rsv_vol_28_50_31_310=0,rsv_vol_37_50_31_310=2.48662,rsv_vol_63_50_31_310=1807.29,rsv_vol_65_50_31_310=-15.5341,rsv_vol_67_50_31_310=12724.6,sddp_alpha_0_30=1000
o,30,1,sddp_ecut_0_30_62_20,9.50338e+08,,rsv_vol_1_50_30_300=0,rsv_vol_6_50_30_300=2.42933,rsv_vol_21_50_30_300=0,rsv_vol_28_50_30_300=0,rsv_vol_37_50_30_300=3.57529,rsv_vol_63_50_30_300=8717.49,rsv_vol_65_50_30_300=-31.3159,rsv_vol_67_50_30_300=16476.2,sddp_alpha_0_29=1000
o,29,1,sddp_ecut_0_29_62_21,9.75418e+08,,rsv_vol_1_50_29_290=0,rsv_vol_6_50_29_290=3.07721,rsv_vol_21_50_29_290=0,rsv_vol_28_50_29_290=0,rsv_vol_37_50_29_290=2.22383,rsv_vol_63_50_29_290=8648.77,rsv_vol_65_50_29_290=15585.7,rsv_vol_67_50_29_290=3619.72,sddp_alpha_0_28=1000
o,28,1,sddp_ecut_0_28_62_22,1.03339e+09,,rsv_vol_1_50_28_280=0,rsv_vol_6_50_28_280=3.41761,rsv_vol_21_50_28_280=0,rsv_vol_28_50_28_280=0,rsv_vol_37_50_28_280=6.63199,rsv_vol_63_50_28_280=10199,rsv_vol_65_50_28_280=23688.4,rsv_vol_67_50_28_280=1852.15,sddp_alpha_0_27=1000
o,27,1,sddp_ecut_0_27_62_23,9.23448e+08,,rsv_vol_1_50_27_270=0,rsv_vol_6_50_27_270=-30.9372,rsv_vol_21_50_27_270=0,rsv_vol_28_50_27_270=0,rsv_vol_37_50_27_270=1.23183,rsv_vol_63_50_27_270=9289.17,rsv_vol_65_50_27_270=4392.88,rsv_vol_67_50_27_270=-256.569,sddp_alpha_0_26=1000
o,26,1,sddp_ecut_0_26_62_24,9.38607e+08,,rsv_vol_1_50_26_260=0,rsv_vol_6_50_26_260=-47.1974,rsv_vol_21_50_26_260=0,rsv_vol_28_50_26_260=0,rsv_vol_37_50_26_260=5.18722,rsv_vol_63_50_26_260=10361.7,rsv_vol_65_50_26_260=0,rsv_vol_67_50_26_260=17207.8,sddp_alpha_0_25=1000
o,25,1,sddp_ecut_0_25_62_25,8.2928e+08,,rsv_vol_1_50_25_250=0,rsv_vol_6_50_25_250=-63.968,rsv_vol_21_50_25_250=0,rsv_vol_28_50_25_250=0,rsv_vol_37_50_25_250=4.78176,rsv_vol_63_50_25_250=11019,rsv_vol_65_50_25_250=0,rsv_vol_67_50_25_250=18631.8,sddp_alpha_0_24=1000
o,24,1,sddp_ecut_0_24_62_26,9.00769e+08,,rsv_vol_1_50_24_240=0,rsv_vol_6_50_24_240=-146.75,rsv_vol_21_50_24_240=0,rsv_vol_28_50_24_240=0,rsv_vol_37_50_24_240=3.85428,rsv_vol_63_50_24_240=10337,rsv_vol_65_50_24_240=0,rsv_vol_67_50_24_240=17158.7,sddp_alpha_0_23=1000
o,23,1,sddp_ecut_0_23_62_27,8.7139e+08,,rsv_vol_1_50_23_230=0,rsv_vol_6_50_23_230=-115.323,rsv_vol_21_50_23_230=0,rsv_vol_28_50_23_230=0,rsv_vol_37_50_23_230=1.29822,rsv_vol_63_50_23_230=8882.42,rsv_vol_65_50_23_230=0,rsv_vol_67_50_23_230=6594.82,sddp_alpha_0_22=1000
o,22,1,sddp_ecut_0_22_62_28,2.25306e+08,,rsv_vol_1_50_22_220=0,rsv_vol_6_50_22_220=0.3573,rsv_vol_21_50_22_220=0,rsv_vol_28_50_22_220=0,rsv_vol_37_50_22_220=0.483474,rsv_vol_63_50_22_220=7.80866,rsv_vol_65_50_22_220=-16.6852,rsv_vol_67_50_22_220=2751.78,sddp_alpha_0_21=1000
o,21,1,sddp_ecut_0_21_62_29,1.97243e+08,,rsv_vol_1_50_21_210=0,rsv_vol_6_50_21_210=0.327868,rsv_vol_21_50_21_210=0,rsv_vol_28_50_21_210=0,rsv_vol_37_50_21_210=0.353737,rsv_vol_63_50_21_210=7.20799,rsv_vol_65_50_21_210=-16.6852,rsv_vol_67_50_21_210=1323.9,sddp_alpha_0_20=1000
o,20,1,sddp_ecut_0_20_62_30,2.24944e+08,,rsv_vol_1_50_20_200=0,rsv_vol_6_50_20_200=0.396313,rsv_vol_21_50_20_200=0,rsv_vol_28_50_20_200=0,rsv_vol_37_50_20_200=0.345962,rsv_vol_63_50_20_200=6.00666,rsv_vol_65_50_20_200=-50.0555,rsv_vol_67_50_20_200=1140.36,sddp_alpha_0_19=1000
o,19,1,sddp_ecut_0_19_62_31,1.9615e+08,,rsv_vol_1_50_19_190=0,rsv_vol_6_50_19_190=0.358616,rsv_vol_21_50_19_190=0,rsv_vol_28_50_19_190=0,rsv_vol_37_50_19_190=0.248175,rsv_vol_63_50_19_190=7.20799,rsv_vol_65_50_19_190=-50.0555,rsv_vol_67_50_19_190=392.776,sddp_alpha_0_18=1000
o,18,1,sddp_ecut_0_18_62_32,2.4088e+08,,rsv_vol_1_50_18_180=0,rsv_vol_6_50_18_180=0.402678,rsv_vol_21_50_18_180=0,rsv_vol_28_50_18_180=0,rsv_vol_37_50_18_180=0.414202,rsv_vol_63_50_18_180=7.26547,rsv_vol_65_50_18_180=-50.4547,rsv_vol_67_50_18_180=2041.26,sddp_alpha_0_17=1000
o,17,1,sddp_ecut_0_17_62_33,2.42099e+08,,rsv_vol_1_50_17_170=0,rsv_vol_6_50_17_170=0.412814,rsv_vol_21_50_17_170=0,rsv_vol_28_50_17_170=0,rsv_vol_37_50_17_170=0.503725,rsv_vol_63_50_17_170=7.26547,rsv_vol_65_50_17_170=-33.6364,rsv_vol_67_50_17_170=1572.26,sddp_alpha_0_16=1000
o,16,1,sddp_ecut_0_16_62_34,2.42624e+08,,rsv_vol_1_50_16_160=0,rsv_vol_6_50_16_160=0.418494,rsv_vol_21_50_16_160=0,rsv_vol_28_50_16_160=0,rsv_vol_37_50_16_160=0.488897,rsv_vol_63_50_16_160=6.66001,rsv_vol_65_50_16_160=0,rsv_vol_67_50_16_160=3249.37,sddp_alpha_0_15=1000
o,15,1,sddp_ecut_0_15_62_35,2.12073e+08,,rsv_vol_1_50_15_150=0,rsv_vol_6_50_15_150=0.375323,rsv_vol_21_50_15_150=0,rsv_vol_28_50_15_150=0,rsv_vol_37_50_15_150=0.336979,rsv_vol_63_50_15_150=4.23819,rsv_vol_65_50_15_150=-16.8182,rsv_vol_67_50_15_150=772.609,sddp_alpha_0_14=1000
o,14,1,sddp_ecut_0_14_62_36,2.51893e+08,,rsv_vol_1_50_14_140=0,rsv_vol_6_50_14_140=0.486347,rsv_vol_21_50_14_140=0,rsv_vol_28_50_14_140=0,rsv_vol_37_50_14_140=0.585543,rsv_vol_63_50_14_140=4.88227,rsv_vol_65_50_14_140=-16.9523,rsv_vol_67_50_14_140=5388.82,sddp_alpha_0_13=1000
o,13,1,sddp_ecut_0_13_62_37,2.17886e+08,,rsv_vol_1_50_13_130=0,rsv_vol_6_50_13_130=0.381142,rsv_vol_21_50_13_130=0,rsv_vol_28_50_13_130=0,rsv_vol_37_50_13_130=0.384669,rsv_vol_63_50_13_130=3.0545,rsv_vol_65_50_13_130=-16.9523,rsv_vol_67_50_13_130=1364.34,sddp_alpha_0_12=1000
o,12,1,sddp_ecut_0_12_62_38,2.49692e+08,,rsv_vol_1_50_12_120=0,rsv_vol_6_50_12_120=0.463542,rsv_vol_21_50_12_120=0,rsv_vol_28_50_12_120=0,rsv_vol_37_50_12_120=0.569366,rsv_vol_63_50_12_120=3.66341,rsv_vol_65_50_12_120=-33.9046,rsv_vol_67_50_12_120=4862.43,sddp_alpha_0_11=1000
o,11,1,sddp_ecut_0_11_62_39,2.19629e+08,,rsv_vol_1_50_11_110=0,rsv_vol_6_50_11_110=0.422289,rsv_vol_21_50_11_110=0,rsv_vol_28_50_11_110=0,rsv_vol_37_50_11_110=0.549519,rsv_vol_63_50_11_110=1.22057,rsv_vol_65_50_11_110=0,rsv_vol_67_50_11_110=1867.99,sddp_alpha_0_10=1000
o,10,1,sddp_ecut_0_10_62_40,2.60918e+08,,rsv_vol_1_50_10_100=0,rsv_vol_6_50_10_100=0.460434,rsv_vol_21_50_10_100=0,rsv_vol_28_50_10_100=0,rsv_vol_37_50_10_100=0.520056,rsv_vol_63_50_10_100=1.2303,rsv_vol_65_50_10_100=-34.175,rsv_vol_67_50_10_100=2725.03,sddp_alpha_0_9=1000
o,9,1,sddp_ecut_0_9_62_41,2.6257e+08,,rsv_vol_1_50_9_90=0,rsv_vol_6_50_9_90=0.471838,rsv_vol_21_50_9_90=0,rsv_vol_28_50_9_90=0,rsv_vol_37_50_9_90=0.533764,rsv_vol_63_50_9_90=0,rsv_vol_65_50_9_90=-17.0875,rsv_vol_67_50_9_90=2030.46,sddp_alpha_0_8=1000
o,8,1,sddp_ecut_0_8_62_42,2.63448e+08,,rsv_vol_1_50_8_80=0,rsv_vol_6_50_8_80=0.479546,rsv_vol_21_50_8_80=0,rsv_vol_28_50_8_80=0,rsv_vol_37_50_8_80=0.774691,rsv_vol_63_50_8_80=0.00579216,rsv_vol_65_50_8_80=-17.0875,rsv_vol_67_50_8_80=4295.42,sddp_alpha_0_7=1000
o,7,1,sddp_ecut_0_7_62_43,2.31658e+08,,rsv_vol_1_50_7_70=0,rsv_vol_6_50_7_70=0.434487,rsv_vol_21_50_7_70=0,rsv_vol_28_50_7_70=0,rsv_vol_37_50_7_70=0.680909,rsv_vol_63_50_7_70=0.00517157,rsv_vol_65_50_7_70=-17.0875,rsv_vol_67_50_7_70=3123.81,sddp_alpha_0_6=1000
o,6,1,sddp_ecut_0_6_62_44,2.81814e+08,,rsv_vol_1_50_6_60=0,rsv_vol_6_50_6_60=0.528607,rsv_vol_21_50_6_60=0,rsv_vol_28_50_6_60=0,rsv_vol_37_50_6_60=0.936707,rsv_vol_63_50_6_60=0.00756529,rsv_vol_65_50_6_60=0,rsv_vol_67_50_6_60=5943.57,sddp_alpha_0_5=1000
o,5,1,sddp_ecut_0_5_62_45,2.81885e+08,,rsv_vol_1_50_5_50=0,rsv_vol_6_50_5_50=0.554327,rsv_vol_21_50_5_50=0,rsv_vol_28_50_5_50=0,rsv_vol_37_50_5_50=0.73746,rsv_vol_63_50_5_50=0.00649041,rsv_vol_65_50_5_50=0,rsv_vol_67_50_5_50=4823.92,sddp_alpha_0_4=1000
o,4,1,sddp_ecut_0_4_62_46,2.83267e+08,,rsv_vol_1_50_4_40=0,rsv_vol_6_50_4_40=0.554263,rsv_vol_21_50_4_40=0,rsv_vol_28_50_4_40=0,rsv_vol_37_50_4_40=0.812836,rsv_vol_63_50_4_40=0,rsv_vol_65_50_4_40=0,rsv_vol_67_50_4_40=2573.44,sddp_alpha_0_3=1000
o,3,1,sddp_ecut_0_3_62_47,2.50811e+08,,rsv_vol_1_50_3_30=0,rsv_vol_6_50_3_30=0.545396,rsv_vol_21_50_3_30=0,rsv_vol_28_50_3_30=0,rsv_vol_37_50_3_30=0.744395,rsv_vol_63_50_3_30=0,rsv_vol_65_50_3_30=-34.4475,rsv_vol_67_50_3_30=2830.48,sddp_alpha_0_2=1000
o,2,1,sddp_ecut_0_2_62_48,2.25338e+08,,rsv_vol_1_50_2_20=0,rsv_vol_6_50_2_20=0.707866,rsv_vol_21_50_2_20=0,rsv_vol_28_50_2_20=0,rsv_vol_37_50_2_20=0.488828,rsv_vol_63_50_2_20=0,rsv_vol_65_50_2_20=-69.4444,rsv_vol_67_50_2_20=6213.54,sddp_alpha_0_1=1000
o,1,1,sddp_ecut_0_1_62_49,2.65508e+08,,rsv_vol_1_50_1_10=0,rsv_vol_6_50_1_10=0.843154,rsv_vol_21_50_1_10=0,rsv_vol_28_50_1_10=0,rsv_vol_37_50_1_10=0.507562,rsv_vol_63_50_1_10=0,rsv_vol_65_50_1_10=-17.3611,rsv_vol_67_50_1_10=9920.79,sddp_alpha_0_0=1000
o,50,1,sddp_ecut_0_50_63_0,7.4197e+08,,rsv_vol_1_50_50_500=0,rsv_vol_6_50_50_500=1.94792,rsv_vol_21_50_50_500=0,rsv_vol_28_50_50_500=0,rsv_vol_37_50_50_500=2.90475,rsv_vol_63_50_50_500=9343.02,rsv_vol_65_50_50_500=35009.8,rsv_vol_67_50_50_500=15127.2,sddp_alpha_0_49=1000
o,49,1,sddp_ecut_0_49_63_1,5.94245e+08,,rsv_vol_1_50_49_490=0,rsv_vol_6_50_49_490=-12.3816,rsv_vol_21_50_49_490=0,rsv_vol_28_50_49_490=0,rsv_vol_37_50_49_490=1.87958,rsv_vol_63_50_49_490=8418.64,rsv_vol_65_50_49_490=0,rsv_vol_67_50_49_490=14416.9,sddp_alpha_0_48=1000
o,48,1,sddp_ecut_0_48_63_2,6.5112e+08,,rsv_vol_1_50_48_480=0,rsv_vol_6_50_48_480=-26.4146,rsv_vol_21_50_48_480=0,rsv_vol_28_50_48_480=0,rsv_vol_37_50_48_480=2.43005,rsv_vol_63_50_48_480=7621.99,rsv_vol_65_50_48_480=0,rsv_vol_67_50_48_480=13639.3,sddp_alpha_0_47=1000
o,47,1,sddp_ecut_0_47_63_3,6.4186e+08,,rsv_vol_1_50_47_470=0,rsv_vol_6_50_47_470=-95.2668,rsv_vol_21_50_47_470=0,rsv_vol_28_50_47_470=0,rsv_vol_37_50_47_470=1.45394,rsv_vol_63_50_47_470=7678.17,rsv_vol_65_50_47_470=0,rsv_vol_67_50_47_470=9022.1,sddp_alpha_0_46=1000
o,46,1,sddp_ecut_0_46_63_4,6.21959e+08,,rsv_vol_1_50_46_460=0,rsv_vol_6_50_46_460=-123.55,rsv_vol_21_50_46_460=0,rsv_vol_28_50_46_460=0,rsv_vol_37_50_46_460=1.76338,rsv_vol_63_50_46_460=7622.2,rsv_vol_65_50_46_460=0,rsv_vol_67_50_46_460=6941.93,sddp_alpha_0_45=1000
o,45,1,sddp_ecut_0_45_63_5,6.87401e+08,,rsv_vol_1_50_45_450=0,rsv_vol_6_50_45_450=0.839902,rsv_vol_21_50_45_450=0,rsv_vol_28_50_45_450=0,rsv_vol_37_50_45_450=2.51234,rsv_vol_63_50_45_450=7123.3,rsv_vol_65_50_45_450=0,rsv_vol_67_50_45_450=11127.6,sddp_alpha_0_44=1000
o,44,1,sddp_ecut_0_44_63_6,6.90026e+08,,rsv_vol_1_50_44_440=0,rsv_vol_6_50_44_440=1.09349,rsv_vol_21_50_44_440=0,rsv_vol_28_50_44_440=0,rsv_vol_37_50_44_440=2.27898,rsv_vol_63_50_44_440=7545.16,rsv_vol_65_50_44_440=-28.0204,rsv_vol_67_50_44_440=10508.2,sddp_alpha_0_43=1000
o,43,1,sddp_ecut_0_43_63_7,7.71882e+08,,rsv_vol_1_50_43_430=0,rsv_vol_6_50_43_430=1.45338,rsv_vol_21_50_43_430=0,rsv_vol_28_50_43_430=0,rsv_vol_37_50_43_430=2.45561,rsv_vol_63_50_43_430=6525.85,rsv_vol_65_50_43_430=-28.2438,rsv_vol_67_50_43_430=12635.8,sddp_alpha_0_42=1000
o,42,1,sddp_ecut_0_42_63_8,8.26884e+08,,rsv_vol_1_50_42_420=0,rsv_vol_6_50_42_420=2.01369,rsv_vol_21_50_42_420=0,rsv_vol_28_50_42_420=0,rsv_vol_37_50_42_420=3.00551,rsv_vol_63_50_42_420=8883.06,rsv_vol_65_50_42_420=-14.2345,rsv_vol_67_50_42_420=14733.5,sddp_alpha_0_41=1000
o,41,1,sddp_ecut_0_41_63_9,8.32332e+08,,rsv_vol_1_50_41_410=0,rsv_vol_6_50_41_410=1.89132,rsv_vol_21_50_41_410=0,rsv_vol_28_50_41_410=0,rsv_vol_37_50_41_410=2.95122,rsv_vol_63_50_41_410=6677.09,rsv_vol_65_50_41_410=4962.15,rsv_vol_67_50_41_410=11700.4,sddp_alpha_0_40=1000
o,40,1,sddp_ecut_0_40_63_10,8.47719e+08,,rsv_vol_1_50_40_400=0,rsv_vol_6_50_40_400=2.03587,rsv_vol_21_50_40_400=0,rsv_vol_28_50_40_400=0,rsv_vol_37_50_40_400=4.35808,rsv_vol_63_50_40_400=8532.25,rsv_vol_65_50_40_400=4695.37,rsv_vol_67_50_40_400=14517.1,sddp_alpha_0_39=1000
o,39,1,sddp_ecut_0_39_63_11,7.73673e+08,,rsv_vol_1_50_39_390=0,rsv_vol_6_50_39_390=1.80547,rsv_vol_21_50_39_390=0,rsv_vol_28_50_39_390=0,rsv_vol_37_50_39_390=3.81567,rsv_vol_63_50_39_390=8647.2,rsv_vol_65_50_39_390=4663.56,rsv_vol_67_50_39_390=15042.9,sddp_alpha_0_38=1000
o,38,1,sddp_ecut_0_38_63_12,7.79346e+08,,rsv_vol_1_50_38_380=0,rsv_vol_6_50_38_380=-12.7532,rsv_vol_21_50_38_380=0,rsv_vol_28_50_38_380=0,rsv_vol_37_50_38_380=2.83015,rsv_vol_63_50_38_380=9549.15,rsv_vol_65_50_38_380=12661.7,rsv_vol_67_50_38_380=-235.104,sddp_alpha_0_37=1000
o,37,1,sddp_ecut_0_37_63_13,6.45813e+08,,rsv_vol_1_50_37_370=0,rsv_vol_6_50_37_370=-13.6252,rsv_vol_21_50_37_370=0,rsv_vol_28_50_37_370=0,rsv_vol_37_50_37_370=2.23528,rsv_vol_63_50_37_370=9443.88,rsv_vol_65_50_37_370=0,rsv_vol_67_50_37_370=15930,sddp_alpha_0_36=1000
o,36,1,sddp_ecut_0_36_63_14,7.0939e+08,,rsv_vol_1_50_36_360=0,rsv_vol_6_50_36_360=-29.2047,rsv_vol_21_50_36_360=0,rsv_vol_28_50_36_360=0,rsv_vol_37_50_36_360=2.77566,rsv_vol_63_50_36_360=9090.91,rsv_vol_65_50_36_360=0,rsv_vol_67_50_36_360=15229.1,sddp_alpha_0_35=1000
o,35,1,sddp_ecut_0_35_63_15,7.38236e+08,,rsv_vol_1_50_35_350=0,rsv_vol_6_50_35_350=-105.102,rsv_vol_21_50_35_350=0,rsv_vol_28_50_35_350=0,rsv_vol_37_50_35_350=0.693072,rsv_vol_63_50_35_350=8573.34,rsv_vol_65_50_35_350=0,rsv_vol_67_50_35_350=3253.05,sddp_alpha_0_34=1000
o,34,1,sddp_ecut_0_34_63_16,7.15841e+08,,rsv_vol_1_50_34_340=0,rsv_vol_6_50_34_340=-29.8209,rsv_vol_21_50_34_340=0,rsv_vol_28_50_34_340=0,rsv_vol_37_50_34_340=1.1029,rsv_vol_63_50_34_340=9189.82,rsv_vol_65_50_34_340=0,rsv_vol_67_50_34_340=1639.13,sddp_alpha_0_33=1000
o,33,1,sddp_ecut_0_33_63_17,7.85711e+08,,rsv_vol_1_50_33_330=0,rsv_vol_6_50_33_330=1.41522,rsv_vol_21_50_33_330=0,rsv_vol_28_50_33_330=0,rsv_vol_37_50_33_330=2.15555,rsv_vol_63_50_33_330=7432.22,rsv_vol_65_50_33_330=0,rsv_vol_67_50_33_330=7990.96,sddp_alpha_0_32=1000
o,32,1,sddp_ecut_0_32_63_18,7.86227e+08,,rsv_vol_1_50_32_320=0,rsv_vol_6_50_32_320=1.50884,rsv_vol_21_50_32_320=0,rsv_vol_28_50_32_320=0,rsv_vol_37_50_32_320=1.93903,rsv_vol_63_50_32_320=4402.97,rsv_vol_65_50_32_320=0,rsv_vol_67_50_32_320=8573.67,sddp_alpha_0_31=1000
o,31,1,sddp_ecut_0_31_63_19,8.80882e+08,,rsv_vol_1_50_31_310=0,rsv_vol_6_50_31_310=1.86777,rsv_vol_21_50_31_310=0,rsv_vol_28_50_31_310=0,rsv_vol_37_50_31_310=2.48662,rsv_vol_63_50_31_310=1807.29,rsv_vol_65_50_31_310=-15.5341,rsv_vol_67_50_31_310=12724.6,sddp_alpha_0_30=1000
o,30,1,sddp_ecut_0_30_63_20,9.50338e+08,,rsv_vol_1_50_30_300=0,rsv_vol_6_50_30_300=2.42933,rsv_vol_21_50_30_300=0,rsv_vol_28_50_30_300=0,rsv_vol_37_50_30_300=3.57529,rsv_vol_63_50_30_300=8717.49,rsv_vol_65_50_30_300=-31.3159,rsv_vol_67_50_30_300=16476.2,sddp_alpha_0_29=1000
o,29,1,sddp_ecut_0_29_63_21,9.75418e+08,,rsv_vol_1_50_29_290=0,rsv_vol_6_50_29_290=3.07721,rsv_vol_21_50_29_290=0,rsv_vol_28_50_29_290=0,rsv_vol_37_50_29_290=2.22383,rsv_vol_63_50_29_290=8648.77,rsv_vol_65_50_29_290=15585.7,rsv_vol_67_50_29_290=3619.72,sddp_alpha_0_28=1000
o,28,1,sddp_ecut_0_28_63_22,1.03339e+09,,rsv_vol_1_50_28_280=0,rsv_vol_6_50_28_280=3.41761,rsv_vol_21_50_28_280=0,rsv_vol_28_50_28_280=0,rsv_vol_37_50_28_280=6.63199,rsv_vol_63_50_28_280=10199,rsv_vol_65_50_28_280=23688.4,rsv_vol_67_50_28_280=1852.15,sddp_alpha_0_27=1000
o,27,1,sddp_ecut_0_27_63_23,9.23448e+08,,rsv_vol_1_50_27_270=0,rsv_vol_6_50_27_270=-30.9372,rsv_vol_21_50_27_270=0,rsv_vol_28_50_27_270=0,rsv_vol_37_50_27_270=1.23183,rsv_vol_63_50_27_270=9289.17,rsv_vol_65_50_27_270=4392.88,rsv_vol_67_50_27_270=-256.569,sddp_alpha_0_26=1000
o,26,1,sddp_ecut_0_26_63_24,9.38607e+08,,rsv_vol_1_50_26_260=0,rsv_vol_6_50_26_260=-47.1974,rsv_vol_21_50_26_260=0,rsv_vol_28_50_26_260=0,rsv_vol_37_50_26_260=5.18722,rsv_vol_63_50_26_260=10361.7,rsv_vol_65_50_26_260=0,rsv_vol_67_50_26_260=17207.8,sddp_alpha_0_25=1000
o,25,1,sddp_ecut_0_25_63_25,8.2928e+08,,rsv_vol_1_50_25_250=0,rsv_vol_6_50_25_250=-63.968,rsv_vol_21_50_25_250=0,rsv_vol_28_50_25_250=0,rsv_vol_37_50_25_250=4.78176,rsv_vol_63_50_25_250=11019,rsv_vol_65_50_25_250=0,rsv_vol_67_50_25_250=18631.8,sddp_alpha_0_24=1000
o,24,1,sddp_ecut_0_24_63_26,9.00769e+08,,rsv_vol_1_50_24_240=0,rsv_vol_6_50_24_240=-146.75,rsv_vol_21_50_24_240=0,rsv_vol_28_50_24_240=0,rsv_vol_37_50_24_240=3.85428,rsv_vol_63_50_24_240=10337,rsv_vol_65_50_24_240=0,rsv_vol_67_50_24_240=17158.7,sddp_alpha_0_23=1000
o,23,1,sddp_ecut_0_23_63_27,8.7139e+08,,rsv_vol_1_50_23_230=0,rsv_vol_6_50_23_230=-115.323,rsv_vol_21_50_23_230=0,rsv_vol_28_50_23_230=0,rsv_vol_37_50_23_230=1.29822,rsv_vol_63_50_23_230=8882.42,rsv_vol_65_50_23_230=0,rsv_vol_67_50_23_230=6594.82,sddp_alpha_0_22=1000
o,22,1,sddp_ecut_0_22_63_28,2.25306e+08,,rsv_vol_1_50_22_220=0,rsv_vol_6_50_22_220=0.3573,rsv_vol_21_50_22_220=0,rsv_vol_28_50_22_220=0,rsv_vol_37_50_22_220=0.483474,rsv_vol_63_50_22_220=7.80866,rsv_vol_65_50_22_220=-16.6852,rsv_vol_67_50_22_220=2751.78,sddp_alpha_0_21=1000
o,21,1,sddp_ecut_0_21_63_29,1.97243e+08,,rsv_vol_1_50_21_210=0,rsv_vol_6_50_21_210=0.327868,rsv_vol_21_50_21_210=0,rsv_vol_28_50_21_210=0,rsv_vol_37_50_21_210=0.353737,rsv_vol_63_50_21_210=7.20799,rsv_vol_65_50_21_210=-16.6852,rsv_vol_67_50_21_210=1323.9,sddp_alpha_0_20=1000
o,20,1,sddp_ecut_0_20_63_30,2.24944e+08,,rsv_vol_1_50_20_200=0,rsv_vol_6_50_20_200=0.396313,rsv_vol_21_50_20_200=0,rsv_vol_28_50_20_200=0,rsv_vol_37_50_20_200=0.345962,rsv_vol_63_50_20_200=6.00666,rsv_vol_65_50_20_200=-50.0555,rsv_vol_67_50_20_200=1140.36,sddp_alpha_0_19=1000
o,19,1,sddp_ecut_0_19_63_31,1.9615e+08,,rsv_vol_1_50_19_190=0,rsv_vol_6_50_19_190=0.358616,rsv_vol_21_50_19_190=0,rsv_vol_28_50_19_190=0,rsv_vol_37_50_19_190=0.248175,rsv_vol_63_50_19_190=7.20799,rsv_vol_65_50_19_190=-50.0555,rsv_vol_67_50_19_190=392.776,sddp_alpha_0_18=1000
o,18,1,sddp_ecut_0_18_63_32,2.4088e+08,,rsv_vol_1_50_18_180=0,rsv_vol_6_50_18_180=0.402678,rsv_vol_21_50_18_180=0,rsv_vol_28_50_18_180=0,rsv_vol_37_50_18_180=0.414202,rsv_vol_63_50_18_180=7.26547,rsv_vol_65_50_18_180=-50.4547,rsv_vol_67_50_18_180=2041.26,sddp_alpha_0_17=1000
o,17,1,sddp_ecut_0_17_63_33,2.42099e+08,,rsv_vol_1_50_17_170=0,rsv_vol_6_50_17_170=0.412814,rsv_vol_21_50_17_170=0,rsv_vol_28_50_17_170=0,rsv_vol_37_50_17_170=0.503725,rsv_vol_63_50_17_170=7.26547,rsv_vol_65_50_17_170=-33.6364,rsv_vol_67_50_17_170=1572.26,sddp_alpha_0_16=1000
o,16,1,sddp_ecut_0_16_63_34,2.42624e+08,,rsv_vol_1_50_16_160=0,rsv_vol_6_50_16_160=0.418494,rsv_vol_21_50_16_160=0,rsv_vol_28_50_16_160=0,rsv_vol_37_50_16_160=0.488897,rsv_vol_63_50_16_160=6.66001,rsv_vol_65_50_16_160=0,rsv_vol_67_50_16_160=3249.37,sddp_alpha_0_15=1000
o,15,1,sddp_ecut_0_15_63_35,2.12073e+08,,rsv_vol_1_50_15_150=0,rsv_vol_6_50_15_150=0.375323,rsv_vol_21_50_15_150=0,rsv_vol_28_50_15_150=0,rsv_vol_37_50_15_150=0.336979,rsv_vol_63_50_15_150=4.23819,rsv_vol_65_50_15_150=-16.8182,rsv_vol_67_50_15_150=772.609,sddp_alpha_0_14=1000
o,14,1,sddp_ecut_0_14_63_36,2.51893e+08,,rsv_vol_1_50_14_140=0,rsv_vol_6_50_14_140=0.486347,rsv_vol_21_50_14_140=0,rsv_vol_28_50_14_140=0,rsv_vol_37_50_14_140=0.585543,rsv_vol_63_50_14_140=4.88227,rsv_vol_65_50_14_140=-16.9523,rsv_vol_67_50_14_140=5388.82,sddp_alpha_0_13=1000
o,13,1,sddp_ecut_0_13_63_37,2.17886e+08,,rsv_vol_1_50_13_130=0,rsv_vol_6_50_13_130=0.381142,rsv_vol_21_50_13_130=0,rsv_vol_28_50_13_130=0,rsv_vol_37_50_13_130=0.384669,rsv_vol_63_50_13_130=3.05443,rsv_vol_65_50_13_130=-16.9523,rsv_vol_67_50_13_130=1364.34,sddp_alpha_0_12=1000
o,12,1,sddp_ecut_0_12_63_38,2.49692e+08,,rsv_vol_1_50_12_120=0,rsv_vol_6_50_12_120=0.463542,rsv_vol_21_50_12_120=0,rsv_vol_28_50_12_120=0,rsv_vol_37_50_12_120=0.569366,rsv_vol_63_50_12_120=3.66341,rsv_vol_65_50_12_120=-33.9046,rsv_vol_67_50_12_120=4862.43,sddp_alpha_0_11=1000
o,11,1,sddp_ecut_0_11_63_39,2.19629e+08,,rsv_vol_1_50_11_110=0,rsv_vol_6_50_11_110=0.422289,rsv_vol_21_50_11_110=0,rsv_vol_28_50_11_110=0,rsv_vol_37_50_11_110=0.549519,rsv_vol_63_50_11_110=1.22057,rsv_vol_65_50_11_110=0,rsv_vol_67_50_11_110=1867.99,sddp_alpha_0_10=1000
o,10,1,sddp_ecut_0_10_63_40,2.60918e+08,,rsv_vol_1_50_10_100=0,rsv_vol_6_50_10_100=0.460434,rsv_vol_21_50_10_100=0,rsv_vol_28_50_10_100=0,rsv_vol_37_50_10_100=0.520056,rsv_vol_63_50_10_100=1.2303,rsv_vol_65_50_10_100=-34.175,rsv_vol_67_50_10_100=2725.03,sddp_alpha_0_9=1000
o,9,1,sddp_ecut_0_9_63_41,2.6257e+08,,rsv_vol_1_50_9_90=0,rsv_vol_6_50_9_90=0.471838,rsv_vol_21_50_9_90=0,rsv_vol_28_50_9_90=0,rsv_vol_37_50_9_90=0.533764,rsv_vol_63_50_9_90=0,rsv_vol_65_50_9_90=-17.0875,rsv_vol_67_50_9_90=2030.46,sddp_alpha_0_8=1000
o,8,1,sddp_ecut_0_8_63_42,2.63448e+08,,rsv_vol_1_50_8_80=0,rsv_vol_6_50_8_80=0.479546,rsv_vol_21_50_8_80=0,rsv_vol_28_50_8_80=0,rsv_vol_37_50_8_80=0.774691,rsv_vol_63_50_8_80=0.00579216,rsv_vol_65_50_8_80=-17.0875,rsv_vol_67_50_8_80=4295.42,sddp_alpha_0_7=1000
o,7,1,sddp_ecut_0_7_63_43,2.31658e+08,,rsv_vol_1_50_7_70=0,rsv_vol_6_50_7_70=0.434487,rsv_vol_21_50_7_70=0,rsv_vol_28_50_7_70=0,rsv_vol_37_50_7_70=0.680909,rsv_vol_63_50_7_70=0.00517157,rsv_vol_65_50_7_70=-17.0875,rsv_vol_67_50_7_70=3123.81,sddp_alpha_0_6=1000
o,6,1,sddp_ecut_0_6_63_44,2.81814e+08,,rsv_vol_1_50_6_60=0,rsv_vol_6_50_6_60=0.528607,rsv_vol_21_50_6_60=0,rsv_vol_28_50_6_60=0,rsv_vol_37_50_6_60=0.936707,rsv_vol_63_50_6_60=0.00756529,rsv_vol_65_50_6_60=0,rsv_vol_67_50_6_60=5943.57,sddp_alpha_0_5=1000
o,5,1,sddp_ecut_0_5_63_45,2.81885e+08,,rsv_vol_1_50_5_50=0,rsv_vol_6_50_5_50=0.554327,rsv_vol_21_50_5_50=0,rsv_vol_28_50_5_50=0,rsv_vol_37_50_5_50=0.73746,rsv_vol_63_50_5_50=0.00649041,rsv_vol_65_50_5_50=0,rsv_vol_67_50_5_50=4823.92,sddp_alpha_0_4=1000
o,4,1,sddp_ecut_0_4_63_46,2.83267e+08,,rsv_vol_1_50_4_40=0,rsv_vol_6_50_4_40=0.554263,rsv_vol_21_50_4_40=0,rsv_vol_28_50_4_40=0,rsv_vol_37_50_4_40=0.812836,rsv_vol_63_50_4_40=0,rsv_vol_65_50_4_40=0,rsv_vol_67_50_4_40=2573.44,sddp_alpha_0_3=1000
o,3,1,sddp_ecut_0_3_63_47,2.50811e+08,,rsv_vol_1_50_3_30=0,rsv_vol_6_50_3_30=0.545396,rsv_vol_21_50_3_30=0,rsv_vol_28_50_3_30=0,rsv_vol_37_50_3_30=0.744395,rsv_vol_63_50_3_30=0,rsv_vol_65_50_3_30=-34.4475,rsv_vol_67_50_3_30=2830.48,sddp_alpha_0_2=1000
o,2,1,sddp_ecut_0_2_63_48,2.25338e+08,,rsv_vol_1_50_2_20=0,rsv_vol_6_50_2_20=0.707866,rsv_vol_21_50_2_20=0,rsv_vol_28_50_2_20=0,rsv_vol_37_50_2_20=0.488828,rsv_vol_63_50_2_20=0,rsv_vol_65_50_2_20=-69.4444,rsv_vol_67_50_2_20=6213.54,sddp_alpha_0_1=1000
o,1,1,sddp_ecut_0_1_63_49,2.65508e+08,,rsv_vol_1_50_1_10=0,rsv_vol_6_50_1_10=0.843154,rsv_vol_21_50_1_10=0,rsv_vol_28_50_1_10=0,rsv_vol_37_50_1_10=0.507562,rsv_vol_63_50_1_10=0,rsv_vol_65_50_1_10=-17.3611,rsv_vol_67_50_1_10=9920.79,sddp_alpha_0_0=1000
o,50,1,sddp_ecut_0_50_64_0,7.4197e+08,,rsv_vol_1_50_50_500=0,rsv_vol_6_50_50_500=1.94792,rsv_vol_21_50_50_500=0,rsv_vol_28_50_50_500=0,rsv_vol_37_50_50_500=2.90475,rsv_vol_63_50_50_500=9343.02,rsv_vol_65_50_50_500=35009.8,rsv_vol_67_50_50_500=15127.2,sddp_alpha_0_49=1000
o,49,1,sddp_ecut_0_49_64_1,5.94245e+08,,rsv_vol_1_50_49_490=0,rsv_vol_6_50_49_490=-12.3816,rsv_vol_21_50_49_490=0,rsv_vol_28_50_49_490=0,rsv_vol_37_50_49_490=1.87958,rsv_vol_63_50_49_490=8418.64,rsv_vol_65_50_49_490=0,rsv_vol_67_50_49_490=14416.9,sddp_alpha_0_48=1000
o,48,1,sddp_ecut_0_48_64_2,6.5112e+08,,rsv_vol_1_50_48_480=0,rsv_vol_6_50_48_480=-26.4146,rsv_vol_21_50_48_480=0,rsv_vol_28_50_48_480=0,rsv_vol_37_50_48_480=2.43005,rsv_vol_63_50_48_480=7621.99,rsv_vol_65_50_48_480=0,rsv_vol_67_50_48_480=13639.3,sddp_alpha_0_47=1000
o,47,1,sddp_ecut_0_47_64_3,6.4186e+08,,rsv_vol_1_50_47_470=0,rsv_vol_6_50_47_470=-95.2668,rsv_vol_21_50_47_470=0,rsv_vol_28_50_47_470=0,rsv_vol_37_50_47_470=1.45394,rsv_vol_63_50_47_470=7678.17,rsv_vol_65_50_47_470=0,rsv_vol_67_50_47_470=9022.1,sddp_alpha_0_46=1000
o,46,1,sddp_ecut_0_46_64_4,6.21959e+08,,rsv_vol_1_50_46_460=0,rsv_vol_6_50_46_460=-123.55,rsv_vol_21_50_46_460=0,rsv_vol_28_50_46_460=0,rsv_vol_37_50_46_460=1.76338,rsv_vol_63_50_46_460=7622.2,rsv_vol_65_50_46_460=0,rsv_vol_67_50_46_460=6941.93,sddp_alpha_0_45=1000
o,45,1,sddp_ecut_0_45_64_5,6.87401e+08,,rsv_vol_1_50_45_450=0,rsv_vol_6_50_45_450=0.839902,rsv_vol_21_50_45_450=0,rsv_vol_28_50_45_450=0,rsv_vol_37_50_45_450=2.51234,rsv_vol_63_50_45_450=7123.3,rsv_vol_65_50_45_450=0,rsv_vol_67_50_45_450=11127.6,sddp_alpha_0_44=1000
o,44,1,sddp_ecut_0_44_64_6,6.90026e+08,,rsv_vol_1_50_44_440=0,rsv_vol_6_50_44_440=1.09349,rsv_vol_21_50_44_440=0,rsv_vol_28_50_44_440=0,rsv_vol_37_50_44_440=2.27898,rsv_vol_63_50_44_440=7545.16,rsv_vol_65_50_44_440=-28.0204,rsv_vol_67_50_44_440=10508.2,sddp_alpha_0_43=1000
o,43,1,sddp_ecut_0_43_64_7,7.71882e+08,,rsv_vol_1_50_43_430=0,rsv_vol_6_50_43_430=1.45338,rsv_vol_21_50_43_430=0,rsv_vol_28_50_43_430=0,rsv_vol_37_50_43_430=2.45561,rsv_vol_63_50_43_430=6525.85,rsv_vol_65_50_43_430=-28.2438,rsv_vol_67_50_43_430=12635.8,sddp_alpha_0_42=1000
o,42,1,sddp_ecut_0_42_64_8,8.26884e+08,,rsv_vol_1_50_42_420=0,rsv_vol_6_50_42_420=2.01369,rsv_vol_21_50_42_420=0,rsv_vol_28_50_42_420=0,rsv_vol_37_50_42_420=3.00551,rsv_vol_63_50_42_420=8883.06,rsv_vol_65_50_42_420=-14.2345,rsv_vol_67_50_42_420=14733.5,sddp_alpha_0_41=1000
o,41,1,sddp_ecut_0_41_64_9,8.32332e+08,,rsv_vol_1_50_41_410=0,rsv_vol_6_50_41_410=1.89132,rsv_vol_21_50_41_410=0,rsv_vol_28_50_41_410=0,rsv_vol_37_50_41_410=2.95122,rsv_vol_63_50_41_410=6677.09,rsv_vol_65_50_41_410=4962.15,rsv_vol_67_50_41_410=11700.4,sddp_alpha_0_40=1000
o,40,1,sddp_ecut_0_40_64_10,8.47719e+08,,rsv_vol_1_50_40_400=0,rsv_vol_6_50_40_400=2.03587,rsv_vol_21_50_40_400=0,rsv_vol_28_50_40_400=0,rsv_vol_37_50_40_400=4.35808,rsv_vol_63_50_40_400=8532.25,rsv_vol_65_50_40_400=4695.37,rsv_vol_67_50_40_400=14517.1,sddp_alpha_0_39=1000
o,39,1,sddp_ecut_0_39_64_11,7.73673e+08,,rsv_vol_1_50_39_390=0,rsv_vol_6_50_39_390=1.80547,rsv_vol_21_50_39_390=0,rsv_vol_28_50_39_390=0,rsv_vol_37_50_39_390=3.81567,rsv_vol_63_50_39_390=8647.2,rsv_vol_65_50_39_390=4663.56,rsv_vol_67_50_39_390=15042.9,sddp_alpha_0_38=1000
o,38,1,sddp_ecut_0_38_64_12,7.79346e+08,,rsv_vol_1_50_38_380=0,rsv_vol_6_50_38_380=-12.7532,rsv_vol_21_50_38_380=0,rsv_vol_28_50_38_380=0,rsv_vol_37_50_38_380=2.83015,rsv_vol_63_50_38_380=9549.15,rsv_vol_65_50_38_380=12661.7,rsv_vol_67_50_38_380=-235.104,sddp_alpha_0_37=1000
o,37,1,sddp_ecut_0_37_64_13,6.45813e+08,,rsv_vol_1_50_37_370=0,rsv_vol_6_50_37_370=-13.6252,rsv_vol_21_50_37_370=0,rsv_vol_28_50_37_370=0,rsv_vol_37_50_37_370=2.23528,rsv_vol_63_50_37_370=9443.88,rsv_vol_65_50_37_370=0,rsv_vol_67_50_37_370=15930,sddp_alpha_0_36=1000
o,36,1,sddp_ecut_0_36_64_14,7.0939e+08,,rsv_vol_1_50_36_360=0,rsv_vol_6_50_36_360=-29.2047,rsv_vol_21_50_36_360=0,rsv_vol_28_50_36_360=0,rsv_vol_37_50_36_360=2.77566,rsv_vol_63_50_36_360=9090.91,rsv_vol_65_50_36_360=0,rsv_vol_67_50_36_360=15229.1,sddp_alpha_0_35=1000
o,35,1,sddp_ecut_0_35_64_15,7.38236e+08,,rsv_vol_1_50_35_350=0,rsv_vol_6_50_35_350=-105.102,rsv_vol_21_50_35_350=0,rsv_vol_28_50_35_350=0,rsv_vol_37_50_35_350=0.693072,rsv_vol_63_50_35_350=8573.34,rsv_vol_65_50_35_350=0,rsv_vol_67_50_35_350=3253.05,sddp_alpha_0_34=1000
o,34,1,sddp_ecut_0_34_64_16,7.15841e+08,,rsv_vol_1_50_34_340=0,rsv_vol_6_50_34_340=-29.8209,rsv_vol_21_50_34_340=0,rsv_vol_28_50_34_340=0,rsv_vol_37_50_34_340=1.1029,rsv_vol_63_50_34_340=9189.82,rsv_vol_65_50_34_340=0,rsv_vol_67_50_34_340=1639.13,sddp_alpha_0_33=1000
o,33,1,sddp_ecut_0_33_64_17,7.85711e+08,,rsv_vol_1_50_33_330=0,rsv_vol_6_50_33_330=1.41522,rsv_vol_21_50_33_330=0,rsv_vol_28_50_33_330=0,rsv_vol_37_50_33_330=2.15555,rsv_vol_63_50_33_330=7432.22,rsv_vol_65_50_33_330=0,rsv_vol_67_50_33_330=7990.96,sddp_alpha_0_32=1000
o,32,1,sddp_ecut_0_32_64_18,7.86227e+08,,rsv_vol_1_50_32_320=0,rsv_vol_6_50_32_320=1.50884,rsv_vol_21_50_32_320=0,rsv_vol_28_50_32_320=0,rsv_vol_37_50_32_320=1.93903,rsv_vol_63_50_32_320=4402.97,rsv_vol_65_50_32_320=0,rsv_vol_67_50_32_320=8573.67,sddp_alpha_0_31=1000
o,31,1,sddp_ecut_0_31_64_19,8.80882e+08,,rsv_vol_1_50_31_310=0,rsv_vol_6_50_31_310=1.86777,rsv_vol_21_50_31_310=0,rsv_vol_28_50_31_310=0,rsv_vol_37_50_31_310=2.48662,rsv_vol_63_50_31_310=1807.29,rsv_vol_65_50_31_310=-15.5341,rsv_vol_67_50_31_310=12724.6,sddp_alpha_0_30=1000
o,30,1,sddp_ecut_0_30_64_20,9.50338e+08,,rsv_vol_1_50_30_300=0,rsv_vol_6_50_30_300=2.42933,rsv_vol_21_50_30_300=0,rsv_vol_28_50_30_300=0,rsv_vol_37_50_30_300=3.57529,rsv_vol_63_50_30_300=8717.49,rsv_vol_65_50_30_300=-31.3159,rsv_vol_67_50_30_300=16476.2,sddp_alpha_0_29=1000
o,29,1,sddp_ecut_0_29_64_21,9.75418e+08,,rsv_vol_1_50_29_290=0,rsv_vol_6_50_29_290=3.07721,rsv_vol_21_50_29_290=0,rsv_vol_28_50_29_290=0,rsv_vol_37_50_29_290=2.22383,rsv_vol_63_50_29_290=8648.77,rsv_vol_65_50_29_290=15585.7,rsv_vol_67_50_29_290=3619.72,sddp_alpha_0_28=1000
o,28,1,sddp_ecut_0_28_64_22,1.03339e+09,,rsv_vol_1_50_28_280=0,rsv_vol_6_50_28_280=3.41761,rsv_vol_21_50_28_280=0,rsv_vol_28_50_28_280=0,rsv_vol_37_50_28_280=6.63199,rsv_vol_63_50_28_280=10199,rsv_vol_65_50_28_280=23688.4,rsv_vol_67_50_28_280=1852.15,sddp_alpha_0_27=1000
o,27,1,sddp_ecut_0_27_64_23,9.23448e+08,,rsv_vol_1_50_27_270=0,rsv_vol_6_50_27_270=-30.9372,rsv_vol_21_50_27_270=0,rsv_vol_28_50_27_270=0,rsv_vol_37_50_27_270=1.23183,rsv_vol_63_50_27_270=9289.17,rsv_vol_65_50_27_270=4392.88,rsv_vol_67_50_27_270=-256.569,sddp_alpha_0_26=1000
o,26,1,sddp_ecut_0_26_64_24,9.38607e+08,,rsv_vol_1_50_26_260=0,rsv_vol_6_50_26_260=-47.1974,rsv_vol_21_50_26_260=0,rsv_vol_28_50_26_260=0,rsv_vol_37_50_26_260=5.18722,rsv_vol_63_50_26_260=10361.7,rsv_vol_65_50_26_260=0,rsv_vol_67_50_26_260=17207.8,sddp_alpha_0_25=1000
o,25,1,sddp_ecut_0_25_64_25,8.2928e+08,,rsv_vol_1_50_25_250=0,rsv_vol_6_50_25_250=-63.968,rsv_vol_21_50_25_250=0,rsv_vol_28_50_25_250=0,rsv_vol_37_50_25_250=4.78176,rsv_vol_63_50_25_250=11019,rsv_vol_65_50_25_250=0,rsv_vol_67_50_25_250=18631.8,sddp_alpha_0_24=1000
o,24,1,sddp_ecut_0_24_64_26,9.00769e+08,,rsv_vol_1_50_24_240=0,rsv_vol_6_50_24_240=-146.75,rsv_vol_21_50_24_240=0,rsv_vol_28_50_24_240=0,rsv_vol_37_50_24_240=3.85428,rsv_vol_63_50_24_240=10337,rsv_vol_65_50_24_240=0,rsv_vol_67_50_24_240=17158.7,sddp_alpha_0_23=1000
o,23,1,sddp_ecut_0_23_64_27,8.7139e+08,,rsv_vol_1_50_23_230=0,rsv_vol_6_50_23_230=-115.323,rsv_vol_21_50_23_230=0,rsv_vol_28_50_23_230=0,rsv_vol_37_50_23_230=1.29822,rsv_vol_63_50_23_230=8882.42,rsv_vol_65_50_23_230=0,rsv_vol_67_50_23_230=6594.82,sddp_alpha_0_22=1000
o,22,1,sddp_ecut_0_22_64_28,2.25306e+08,,rsv_vol_1_50_22_220=0,rsv_vol_6_50_22_220=0.3573,rsv_vol_21_50_22_220=0,rsv_vol_28_50_22_220=0,rsv_vol_37_50_22_220=0.483474,rsv_vol_63_50_22_220=7.80866,rsv_vol_65_50_22_220=-16.6852,rsv_vol_67_50_22_220=2751.78,sddp_alpha_0_21=1000
o,21,1,sddp_ecut_0_21_64_29,1.97243e+08,,rsv_vol_1_50_21_210=0,rsv_vol_6_50_21_210=0.327868,rsv_vol_21_50_21_210=0,rsv_vol_28_50_21_210=0,rsv_vol_37_50_21_210=0.353737,rsv_vol_63_50_21_210=7.20799,rsv_vol_65_50_21_210=-16.6852,rsv_vol_67_50_21_210=1323.9,sddp_alpha_0_20=1000
o,20,1,sddp_ecut_0_20_64_30,2.24944e+08,,rsv_vol_1_50_20_200=0,rsv_vol_6_50_20_200=0.396313,rsv_vol_21_50_20_200=0,rsv_vol_28_50_20_200=0,rsv_vol_37_50_20_200=0.345962,rsv_vol_63_50_20_200=6.00666,rsv_vol_65_50_20_200=-50.0555,rsv_vol_67_50_20_200=1140.36,sddp_alpha_0_19=1000
o,19,1,sddp_ecut_0_19_64_31,1.9615e+08,,rsv_vol_1_50_19_190=0,rsv_vol_6_50_19_190=0.358616,rsv_vol_21_50_19_190=0,rsv_vol_28_50_19_190=0,rsv_vol_37_50_19_190=0.248175,rsv_vol_63_50_19_190=7.20799,rsv_vol_65_50_19_190=-50.0555,rsv_vol_67_50_19_190=392.776,sddp_alpha_0_18=1000
o,18,1,sddp_ecut_0_18_64_32,2.4088e+08,,rsv_vol_1_50_18_180=0,rsv_vol_6_50_18_180=0.402678,rsv_vol_21_50_18_180=0,rsv_vol_28_50_18_180=0,rsv_vol_37_50_18_180=0.414202,rsv_vol_63_50_18_180=7.26547,rsv_vol_65_50_18_180=-50.4547,rsv_vol_67_50_18_180=2041.26,sddp_alpha_0_17=1000
o,17,1,sddp_ecut_0_17_64_33,2.42099e+08,,rsv_vol_1_50_17_170=0,rsv_vol_6_50_17_170=0.412814,rsv_vol_21_50_17_170=0,rsv_vol_28_50_17_170=0,rsv_vol_37_50_17_170=0.503725,rsv_vol_63_50_17_170=7.26547,rsv_vol_65_50_17_170=-33.6364,rsv_vol_67_50_17_170=1572.26,sddp_alpha_0_16=1000
o,16,1,sddp_ecut_0_16_64_34,2.42624e+08,,rsv_vol_1_50_16_160=0,rsv_vol_6_50_16_160=0.418494,rsv_vol_21_50_16_160=0,rsv_vol_28_50_16_160=0,rsv_vol_37_50_16_160=0.488897,rsv_vol_63_50_16_160=6.66001,rsv_vol_65_50_16_160=0,rsv_vol_67_50_16_160=3249.37,sddp_alpha_0_15=1000
o,15,1,sddp_ecut_0_15_64_35,2.12073e+08,,rsv_vol_1_50_15_150=0,rsv_vol_6_50_15_150=0.375323,rsv_vol_21_50_15_150=0,rsv_vol_28_50_15_150=0,rsv_vol_37_50_15_150=0.336979,rsv_vol_63_50_15_150=4.23819,rsv_vol_65_50_15_150=-16.8182,rsv_vol_67_50_15_150=772.609,sddp_alpha_0_14=1000
o,14,1,sddp_ecut_0_14_64_36,2.51893e+08,,rsv_vol_1_50_14_140=0,rsv_vol_6_50_14_140=0.486347,rsv_vol_21_50_14_140=0,rsv_vol_28_50_14_140=0,rsv_vol_37_50_14_140=0.585543,rsv_vol_63_50_14_140=4.88227,rsv_vol_65_50_14_140=-16.9523,rsv_vol_67_50_14_140=5388.82,sddp_alpha_0_13=1000
o,13,1,sddp_ecut_0_13_64_37,2.17886e+08,,rsv_vol_1_50_13_130=0,rsv_vol_6_50_13_130=0.381142,rsv_vol_21_50_13_130=0,rsv_vol_28_50_13_130=0,rsv_vol_37_50_13_130=0.384669,rsv_vol_63_50_13_130=3.05447,rsv_vol_65_50_13_130=-16.9523,rsv_vol_67_50_13_130=1364.34,sddp_alpha_0_12=1000
o,12,1,sddp_ecut_0_12_64_38,2.49692e+08,,rsv_vol_1_50_12_120=0,rsv_vol_6_50_12_120=0.463542,rsv_vol_21_50_12_120=0,rsv_vol_28_50_12_120=0,rsv_vol_37_50_12_120=0.569366,rsv_vol_63_50_12_120=3.66341,rsv_vol_65_50_12_120=-33.9046,rsv_vol_67_50_12_120=4862.43,sddp_alpha_0_11=1000
o,11,1,sddp_ecut_0_11_64_39,2.19629e+08,,rsv_vol_1_50_11_110=0,rsv_vol_6_50_11_110=0.422289,rsv_vol_21_50_11_110=0,rsv_vol_28_50_11_110=0,rsv_vol_37_50_11_110=0.549519,rsv_vol_63_50_11_110=1.22057,rsv_vol_65_50_11_110=0,rsv_vol_67_50_11_110=1867.99,sddp_alpha_0_10=1000
o,10,1,sddp_ecut_0_10_64_40,2.60918e+08,,rsv_vol_1_50_10_100=0,rsv_vol_6_50_10_100=0.460434,rsv_vol_21_50_10_100=0,rsv_vol_28_50_10_100=0,rsv_vol_37_50_10_100=0.520056,rsv_vol_63_50_10_100=1.2303,rsv_vol_65_50_10_100=-34.175,rsv_vol_67_50_10_100=2725.03,sddp_alpha_0_9=1000
o,9,1,sddp_ecut_0_9_64_41,2.6257e+08,,rsv_vol_1_50_9_90=0,rsv_vol_6_50_9_90=0.471838,rsv_vol_21_50_9_90=0,rsv_vol_28_50_9_90=0,rsv_vol_37_50_9_90=0.533764,rsv_vol_63_50_9_90=0,rsv_vol_65_50_9_90=-17.0875,rsv_vol_67_50_9_90=2030.46,sddp_alpha_0_8=1000
o,8,1,sddp_ecut_0_8_64_42,2.63448e+08,,rsv_vol_1_50_8_80=0,rsv_vol_6_50_8_80=0.479546,rsv_vol_21_50_8_80=0,rsv_vol_28_50_8_80=0,rsv_vol_37_50_8_80=0.774691,rsv_vol_63_50_8_80=0.00579216,rsv_vol_65_50_8_80=-17.0875,rsv_vol_67_50_8_80=4295.42,sddp_alpha_0_7=1000
o,7,1,sddp_ecut_0_7_64_43,2.31658e+08,,rsv_vol_1_50_7_70=0,rsv_vol_6_50_7_70=0.434487,rsv_vol_21_50_7_70=0,rsv_vol_28_50_7_70=0,rsv_vol_37_50_7_70=0.680909,rsv_vol_63_50_7_70=0.00517157,rsv_vol_65_50_7_70=-17.0875,rsv_vol_67_50_7_70=3123.81,sddp_alpha_0_6=1000
o,6,1,sddp_ecut_0_6_64_44,2.81814e+08,,rsv_vol_1_50_6_60=0,rsv_vol_6_50_6_60=0.528607,rsv_vol_21_50_6_60=0,rsv_vol_28_50_6_60=0,rsv_vol_37_50_6_60=0.936707,rsv_vol_63_50_6_60=0.00755614,rsv_vol_65_50_6_60=0,rsv_vol_67_50_6_60=5943.57,sddp_alpha_0_5=1000
o,5,1,sddp_ecut_0_5_64_45,2.81885e+08,,rsv_vol_1_50_5_50=0,rsv_vol_6_50_5_50=0.554327,rsv_vol_21_50_5_50=0,rsv_vol_28_50_5_50=0,rsv_vol_37_50_5_50=0.73746,rsv_vol_63_50_5_50=0.00649041,rsv_vol_65_50_5_50=0,rsv_vol_67_50_5_50=4823.92,sddp_alpha_0_4=1000
o,4,1,sddp_ecut_0_4_64_46,2.83267e+08,,rsv_vol_1_50_4_40=0,rsv_vol_6_50_4_40=0.554263,rsv_vol_21_50_4_40=0,rsv_vol_28_50_4_40=0,rsv_vol_37_50_4_40=0.812836,rsv_vol_63_50_4_40=0,rsv_vol_65_50_4_40=0,rsv_vol_67_50_4_40=2573.44,sddp_alpha_0_3=1000
o,3,1,sddp_ecut_0_3_64_47,2.50811e+08,,rsv_vol_1_50_3_30=0,rsv_vol_6_50_3_30=0.545396,rsv_vol_21_50_3_30=0,rsv_vol_28_50_3_30=0,rsv_vol_37_50_3_30=0.744395,rsv_vol_63_50_3_30=0,rsv_vol_65_50_3_30=-34.4475,rsv_vol_67_50_3_30=2830.48,sddp_alpha_0_2=1000
o,2,1,sddp_ecut_0_2_64_48,2.25338e+08,,rsv_vol_1_50_2_20=0,rsv_vol_6_50_2_20=0.707866,rsv_vol_21_50_2_20=0,rsv_vol_28_50_2_20=0,rsv_vol_37_50_2_20=0.488828,rsv_vol_63_50_2_20=0,rsv_vol_65_50_2_20=-69.4444,rsv_vol_67_50_2_20=6213.54,sddp_alpha_0_1=1000
o,1,1,sddp_ecut_0_1_64_49,2.65508e+08,,rsv_vol_1_50_1_10=0,rsv_vol_6_50_1_10=0.843154,rsv_vol_21_50_1_10=0,rsv_vol_28_50_1_10=0,rsv_vol_37_50_1_10=0.507562,rsv_vol_63_50_1_10=0,rsv_vol_65_50_1_10=-17.3611,rsv_vol_67_50_1_10=9920.79,sddp_alpha_0_0=1000
o,50,1,sddp_ecut_0_50_65_0,7.4197e+08,,rsv_vol_1_50_50_500=0,rsv_vol_6_50_50_500=1.94792,rsv_vol_21_50_50_500=0,rsv_vol_28_50_50_500=0,rsv_vol_37_50_50_500=2.90475,rsv_vol_63_50_50_500=9343.02,rsv_vol_65_50_50_500=35009.8,rsv_vol_67_50_50_500=15127.2,sddp_alpha_0_49=1000
o,49,1,sddp_ecut_0_49_65_1,5.94245e+08,,rsv_vol_1_50_49_490=0,rsv_vol_6_50_49_490=-12.3816,rsv_vol_21_50_49_490=0,rsv_vol_28_50_49_490=0,rsv_vol_37_50_49_490=1.87958,rsv_vol_63_50_49_490=8418.64,rsv_vol_65_50_49_490=0,rsv_vol_67_50_49_490=14416.9,sddp_alpha_0_48=1000
o,48,1,sddp_ecut_0_48_65_2,6.5112e+08,,rsv_vol_1_50_48_480=0,rsv_vol_6_50_48_480=-26.4146,rsv_vol_21_50_48_480=0,rsv_vol_28_50_48_480=0,rsv_vol_37_50_48_480=2.43005,rsv_vol_63_50_48_480=7621.99,rsv_vol_65_50_48_480=0,rsv_vol_67_50_48_480=13639.3,sddp_alpha_0_47=1000
o,47,1,sddp_ecut_0_47_65_3,6.4186e+08,,rsv_vol_1_50_47_470=0,rsv_vol_6_50_47_470=-95.2668,rsv_vol_21_50_47_470=0,rsv_vol_28_50_47_470=0,rsv_vol_37_50_47_470=1.45394,rsv_vol_63_50_47_470=7678.17,rsv_vol_65_50_47_470=0,rsv_vol_67_50_47_470=9022.1,sddp_alpha_0_46=1000
o,46,1,sddp_ecut_0_46_65_4,6.21959e+08,,rsv_vol_1_50_46_460=0,rsv_vol_6_50_46_460=-123.55,rsv_vol_21_50_46_460=0,rsv_vol_28_50_46_460=0,rsv_vol_37_50_46_460=1.76338,rsv_vol_63_50_46_460=7622.2,rsv_vol_65_50_46_460=0,rsv_vol_67_50_46_460=6941.93,sddp_alpha_0_45=1000
o,45,1,sddp_ecut_0_45_65_5,6.87401e+08,,rsv_vol_1_50_45_450=0,rsv_vol_6_50_45_450=0.839902,rsv_vol_21_50_45_450=0,rsv_vol_28_50_45_450=0,rsv_vol_37_50_45_450=2.51234,rsv_vol_63_50_45_450=7123.3,rsv_vol_65_50_45_450=0,rsv_vol_67_50_45_450=11127.6,sddp_alpha_0_44=1000
o,44,1,sddp_ecut_0_44_65_6,6.90026e+08,,rsv_vol_1_50_44_440=0,rsv_vol_6_50_44_440=1.09349,rsv_vol_21_50_44_440=0,rsv_vol_28_50_44_440=0,rsv_vol_37_50_44_440=2.27898,rsv_vol_63_50_44_440=7545.16,rsv_vol_65_50_44_440=-28.0204,rsv_vol_67_50_44_440=10508.2,sddp_alpha_0_43=1000
o,43,1,sddp_ecut_0_43_65_7,7.71882e+08,,rsv_vol_1_50_43_430=0,rsv_vol_6_50_43_430=1.45338,rsv_vol_21_50_43_430=0,rsv_vol_28_50_43_430=0,rsv_vol_37_50_43_430=2.45561,rsv_vol_63_50_43_430=6525.85,rsv_vol_65_50_43_430=-28.2438,rsv_vol_67_50_43_430=12635.8,sddp_alpha_0_42=1000
o,42,1,sddp_ecut_0_42_65_8,8.26884e+08,,rsv_vol_1_50_42_420=0,rsv_vol_6_50_42_420=2.01369,rsv_vol_21_50_42_420=0,rsv_vol_28_50_42_420=0,rsv_vol_37_50_42_420=3.00551,rsv_vol_63_50_42_420=8883.06,rsv_vol_65_50_42_420=-14.2345,rsv_vol_67_50_42_420=14733.5,sddp_alpha_0_41=1000
o,41,1,sddp_ecut_0_41_65_9,8.32332e+08,,rsv_vol_1_50_41_410=0,rsv_vol_6_50_41_410=1.89132,rsv_vol_21_50_41_410=0,rsv_vol_28_50_41_410=0,rsv_vol_37_50_41_410=2.95122,rsv_vol_63_50_41_410=6677.09,rsv_vol_65_50_41_410=4962.15,rsv_vol_67_50_41_410=11700.4,sddp_alpha_0_40=1000
o,40,1,sddp_ecut_0_40_65_10,8.47719e+08,,rsv_vol_1_50_40_400=0,rsv_vol_6_50_40_400=2.03587,rsv_vol_21_50_40_400=0,rsv_vol_28_50_40_400=0,rsv_vol_37_50_40_400=4.35808,rsv_vol_63_50_40_400=8532.25,rsv_vol_65_50_40_400=4695.37,rsv_vol_67_50_40_400=14517.1,sddp_alpha_0_39=1000
o,39,1,sddp_ecut_0_39_65_11,7.73673e+08,,rsv_vol_1_50_39_390=0,rsv_vol_6_50_39_390=1.80547,rsv_vol_21_50_39_390=0,rsv_vol_28_50_39_390=0,rsv_vol_37_50_39_390=3.81567,rsv_vol_63_50_39_390=8647.2,rsv_vol_65_50_39_390=4663.56,rsv_vol_67_50_39_390=15042.9,sddp_alpha_0_38=1000
o,38,1,sddp_ecut_0_38_65_12,7.79346e+08,,rsv_vol_1_50_38_380=0,rsv_vol_6_50_38_380=-12.7532,rsv_vol_21_50_38_380=0,rsv_vol_28_50_38_380=0,rsv_vol_37_50_38_380=2.83015,rsv_vol_63_50_38_380=9549.15,rsv_vol_65_50_38_380=12661.7,rsv_vol_67_50_38_380=-235.104,sddp_alpha_0_37=1000
o,37,1,sddp_ecut_0_37_65_13,6.45813e+08,,rsv_vol_1_50_37_370=0,rsv_vol_6_50_37_370=-13.6252,rsv_vol_21_50_37_370=0,rsv_vol_28_50_37_370=0,rsv_vol_37_50_37_370=2.23528,rsv_vol_63_50_37_370=9443.88,rsv_vol_65_50_37_370=0,rsv_vol_67_50_37_370=15930,sddp_alpha_0_36=1000
o,36,1,sddp_ecut_0_36_65_14,7.0939e+08,,rsv_vol_1_50_36_360=0,rsv_vol_6_50_36_360=-29.2047,rsv_vol_21_50_36_360=0,rsv_vol_28_50_36_360=0,rsv_vol_37_50_36_360=2.77566,rsv_vol_63_50_36_360=9090.91,rsv_vol_65_50_36_360=0,rsv_vol_67_50_36_360=15229.1,sddp_alpha_0_35=1000
o,35,1,sddp_ecut_0_35_65_15,7.38236e+08,,rsv_vol_1_50_35_350=0,rsv_vol_6_50_35_350=-105.102,rsv_vol_21_50_35_350=0,rsv_vol_28_50_35_350=0,rsv_vol_37_50_35_350=0.693072,rsv_vol_63_50_35_350=8573.34,rsv_vol_65_50_35_350=0,rsv_vol_67_50_35_350=3253.05,sddp_alpha_0_34=1000
o,34,1,sddp_ecut_0_34_65_16,7.15841e+08,,rsv_vol_1_50_34_340=0,rsv_vol_6_50_34_340=-29.8209,rsv_vol_21_50_34_340=0,rsv_vol_28_50_34_340=0,rsv_vol_37_50_34_340=1.1029,rsv_vol_63_50_34_340=9189.82,rsv_vol_65_50_34_340=0,rsv_vol_67_50_34_340=1639.13,sddp_alpha_0_33=1000
o,33,1,sddp_ecut_0_33_65_17,7.85711e+08,,rsv_vol_1_50_33_330=0,rsv_vol_6_50_33_330=1.41522,rsv_vol_21_50_33_330=0,rsv_vol_28_50_33_330=0,rsv_vol_37_50_33_330=2.15555,rsv_vol_63_50_33_330=7432.22,rsv_vol_65_50_33_330=0,rsv_vol_67_50_33_330=7990.96,sddp_alpha_0_32=1000
o,32,1,sddp_ecut_0_32_65_18,7.86227e+08,,rsv_vol_1_50_32_320=0,rsv_vol_6_50_32_320=1.50884,rsv_vol_21_50_32_320=0,rsv_vol_28_50_32_320=0,rsv_vol_37_50_32_320=1.93903,rsv_vol_63_50_32_320=4402.97,rsv_vol_65_50_32_320=0,rsv_vol_67_50_32_320=8573.67,sddp_alpha_0_31=1000
o,31,1,sddp_ecut_0_31_65_19,8.80882e+08,,rsv_vol_1_50_31_310=0,rsv_vol_6_50_31_310=1.86777,rsv_vol_21_50_31_310=0,rsv_vol_28_50_31_310=0,rsv_vol_37_50_31_310=2.48662,rsv_vol_63_50_31_310=1807.29,rsv_vol_65_50_31_310=-15.5341,rsv_vol_67_50_31_310=12724.6,sddp_alpha_0_30=1000
o,30,1,sddp_ecut_0_30_65_20,9.50338e+08,,rsv_vol_1_50_30_300=0,rsv_vol_6_50_30_300=2.42933,rsv_vol_21_50_30_300=0,rsv_vol_28_50_30_300=0,rsv_vol_37_50_30_300=3.57529,rsv_vol_63_50_30_300=8717.49,rsv_vol_65_50_30_300=-31.3159,rsv_vol_67_50_30_300=16476.2,sddp_alpha_0_29=1000
o,29,1,sddp_ecut_0_29_65_21,9.75418e+08,,rsv_vol_1_50_29_290=0,rsv_vol_6_50_29_290=3.07721,rsv_vol_21_50_29_290=0,rsv_vol_28_50_29_290=0,rsv_vol_37_50_29_290=2.22383,rsv_vol_63_50_29_290=8648.77,rsv_vol_65_50_29_290=15585.7,rsv_vol_67_50_29_290=3619.72,sddp_alpha_0_28=1000
o,28,1,sddp_ecut_0_28_65_22,1.03339e+09,,rsv_vol_1_50_28_280=0,rsv_vol_6_50_28_280=3.41761,rsv_vol_21_50_28_280=0,rsv_vol_28_50_28_280=0,rsv_vol_37_50_28_280=6.63199,rsv_vol_63_50_28_280=10199,rsv_vol_65_50_28_280=23688.4,rsv_vol_67_50_28_280=1852.15,sddp_alpha_0_27=1000
o,27,1,sddp_ecut_0_27_65_23,9.23448e+08,,rsv_vol_1_50_27_270=0,rsv_vol_6_50_27_270=-30.9372,rsv_vol_21_50_27_270=0,rsv_vol_28_50_27_270=0,rsv_vol_37_50_27_270=1.23183,rsv_vol_63_50_27_270=9289.17,rsv_vol_65_50_27_270=4392.88,rsv_vol_67_50_27_270=-256.569,sddp_alpha_0_26=1000
o,26,1,sddp_ecut_0_26_65_24,9.38607e+08,,rsv_vol_1_50_26_260=0,rsv_vol_6_50_26_260=-47.1974,rsv_vol_21_50_26_260=0,rsv_vol_28_50_26_260=0,rsv_vol_37_50_26_260=5.18722,rsv_vol_63_50_26_260=10361.7,rsv_vol_65_50_26_260=0,rsv_vol_67_50_26_260=17207.8,sddp_alpha_0_25=1000
o,25,1,sddp_ecut_0_25_65_25,8.2928e+08,,rsv_vol_1_50_25_250=0,rsv_vol_6_50_25_250=-63.968,rsv_vol_21_50_25_250=0,rsv_vol_28_50_25_250=0,rsv_vol_37_50_25_250=4.78176,rsv_vol_63_50_25_250=11019,rsv_vol_65_50_25_250=0,rsv_vol_67_50_25_250=18631.8,sddp_alpha_0_24=1000
o,24,1,sddp_ecut_0_24_65_26,9.00769e+08,,rsv_vol_1_50_24_240=0,rsv_vol_6_50_24_240=-146.75,rsv_vol_21_50_24_240=0,rsv_vol_28_50_24_240=0,rsv_vol_37_50_24_240=3.85428,rsv_vol_63_50_24_240=10337,rsv_vol_65_50_24_240=0,rsv_vol_67_50_24_240=17158.7,sddp_alpha_0_23=1000
o,23,1,sddp_ecut_0_23_65_27,8.7139e+08,,rsv_vol_1_50_23_230=0,rsv_vol_6_50_23_230=-115.323,rsv_vol_21_50_23_230=0,rsv_vol_28_50_23_230=0,rsv_vol_37_50_23_230=1.29822,rsv_vol_63_50_23_230=8882.42,rsv_vol_65_50_23_230=0,rsv_vol_67_50_23_230=6594.82,sddp_alpha_0_22=1000
o,22,1,sddp_ecut_0_22_65_28,2.25306e+08,,rsv_vol_1_50_22_220=0,rsv_vol_6_50_22_220=0.3573,rsv_vol_21_50_22_220=0,rsv_vol_28_50_22_220=0,rsv_vol_37_50_22_220=0.483474,rsv_vol_63_50_22_220=7.80866,rsv_vol_65_50_22_220=-16.6852,rsv_vol_67_50_22_220=2751.78,sddp_alpha_0_21=1000
o,21,1,sddp_ecut_0_21_65_29,1.97243e+08,,rsv_vol_1_50_21_210=0,rsv_vol_6_50_21_210=0.327868,rsv_vol_21_50_21_210=0,rsv_vol_28_50_21_210=0,rsv_vol_37_50_21_210=0.353737,rsv_vol_63_50_21_210=7.20799,rsv_vol_65_50_21_210=-16.6852,rsv_vol_67_50_21_210=1323.9,sddp_alpha_0_20=1000
o,20,1,sddp_ecut_0_20_65_30,2.24944e+08,,rsv_vol_1_50_20_200=0,rsv_vol_6_50_20_200=0.396313,rsv_vol_21_50_20_200=0,rsv_vol_28_50_20_200=0,rsv_vol_37_50_20_200=0.345962,rsv_vol_63_50_20_200=6.00666,rsv_vol_65_50_20_200=-50.0555,rsv_vol_67_50_20_200=1140.36,sddp_alpha_0_19=1000
o,19,1,sddp_ecut_0_19_65_31,1.9615e+08,,rsv_vol_1_50_19_190=0,rsv_vol_6_50_19_190=0.358616,rsv_vol_21_50_19_190=0,rsv_vol_28_50_19_190=0,rsv_vol_37_50_19_190=0.248175,rsv_vol_63_50_19_190=7.20799,rsv_vol_65_50_19_190=-50.0555,rsv_vol_67_50_19_190=392.776,sddp_alpha_0_18=1000
o,18,1,sddp_ecut_0_18_65_32,2.4088e+08,,rsv_vol_1_50_18_180=0,rsv_vol_6_50_18_180=0.402678,rsv_vol_21_50_18_180=0,rsv_vol_28_50_18_180=0,rsv_vol_37_50_18_180=0.414202,rsv_vol_63_50_18_180=7.26547,rsv_vol_65_50_18_180=-50.4547,rsv_vol_67_50_18_180=2041.26,sddp_alpha_0_17=1000
o,17,1,sddp_ecut_0_17_65_33,2.42099e+08,,rsv_vol_1_50_17_170=0,rsv_vol_6_50_17_170=0.412814,rsv_vol_21_50_17_170=0,rsv_vol_28_50_17_170=0,rsv_vol_37_50_17_170=0.503725,rsv_vol_63_50_17_170=7.26547,rsv_vol_65_50_17_170=-33.6364,rsv_vol_67_50_17_170=1572.26,sddp_alpha_0_16=1000
o,16,1,sddp_ecut_0_16_65_34,2.42624e+08,,rsv_vol_1_50_16_160=0,rsv_vol_6_50_16_160=0.418494,rsv_vol_21_50_16_160=0,rsv_vol_28_50_16_160=0,rsv_vol_37_50_16_160=0.488897,rsv_vol_63_50_16_160=6.66001,rsv_vol_65_50_16_160=0,rsv_vol_67_50_16_160=3249.37,sddp_alpha_0_15=1000
o,15,1,sddp_ecut_0_15_65_35,2.12073e+08,,rsv_vol_1_50_15_150=0,rsv_vol_6_50_15_150=0.375323,rsv_vol_21_50_15_150=0,rsv_vol_28_50_15_150=0,rsv_vol_37_50_15_150=0.336979,rsv_vol_63_50_15_150=4.23819,rsv_vol_65_50_15_150=-16.8182,rsv_vol_67_50_15_150=772.609,sddp_alpha_0_14=1000
o,14,1,sddp_ecut_0_14_65_36,2.51893e+08,,rsv_vol_1_50_14_140=0,rsv_vol_6_50_14_140=0.486347,rsv_vol_21_50_14_140=0,rsv_vol_28_50_14_140=0,rsv_vol_37_50_14_140=0.585543,rsv_vol_63_50_14_140=4.88227,rsv_vol_65_50_14_140=-16.9523,rsv_vol_67_50_14_140=5388.82,sddp_alpha_0_13=1000
o,13,1,sddp_ecut_0_13_65_37,2.17886e+08,,rsv_vol_1_50_13_130=0,rsv_vol_6_50_13_130=0.381142,rsv_vol_21_50_13_130=0,rsv_vol_28_50_13_130=0,rsv_vol_37_50_13_130=0.384669,rsv_vol_63_50_13_130=3.0545,rsv_vol_65_50_13_130=-16.9523,rsv_vol_67_50_13_130=1364.34,sddp_alpha_0_12=1000
o,12,1,sddp_ecut_0_12_65_38,2.49692e+08,,rsv_vol_1_50_12_120=0,rsv_vol_6_50_12_120=0.463542,rsv_vol_21_50_12_120=0,rsv_vol_28_50_12_120=0,rsv_vol_37_50_12_120=0.569366,rsv_vol_63_50_12_120=3.66341,rsv_vol_65_50_12_120=-33.9046,rsv_vol_67_50_12_120=4862.43,sddp_alpha_0_11=1000
o,11,1,sddp_ecut_0_11_65_39,2.19629e+08,,rsv_vol_1_50_11_110=0,rsv_vol_6_50_11_110=0.422289,rsv_vol_21_50_11_110=0,rsv_vol_28_50_11_110=0,rsv_vol_37_50_11_110=0.549519,rsv_vol_63_50_11_110=1.22057,rsv_vol_65_50_11_110=0,rsv_vol_67_50_11_110=1867.99,sddp_alpha_0_10=1000
o,10,1,sddp_ecut_0_10_65_40,2.60918e+08,,rsv_vol_1_50_10_100=0,rsv_vol_6_50_10_100=0.460434,rsv_vol_21_50_10_100=0,rsv_vol_28_50_10_100=0,rsv_vol_37_50_10_100=0.520056,rsv_vol_63_50_10_100=1.2303,rsv_vol_65_50_10_100=-34.175,rsv_vol_67_50_10_100=2725.03,sddp_alpha_0_9=1000
o,9,1,sddp_ecut_0_9_65_41,2.6257e+08,,rsv_vol_1_50_9_90=0,rsv_vol_6_50_9_90=0.471838,rsv_vol_21_50_9_90=0,rsv_vol_28_50_9_90=0,rsv_vol_37_50_9_90=0.533764,rsv_vol_63_50_9_90=0,rsv_vol_65_50_9_90=-17.0875,rsv_vol_67_50_9_90=2030.46,sddp_alpha_0_8=1000
o,8,1,sddp_ecut_0_8_65_42,2.63448e+08,,rsv_vol_1_50_8_80=0,rsv_vol_6_50_8_80=0.479546,rsv_vol_21_50_8_80=0,rsv_vol_28_50_8_80=0,rsv_vol_37_50_8_80=0.774691,rsv_vol_63_50_8_80=0.00579216,rsv_vol_65_50_8_80=-17.0875,rsv_vol_67_50_8_80=4295.42,sddp_alpha_0_7=1000
o,7,1,sddp_ecut_0_7_65_43,2.31658e+08,,rsv_vol_1_50_7_70=0,rsv_vol_6_50_7_70=0.434487,rsv_vol_21_50_7_70=0,rsv_vol_28_50_7_70=0,rsv_vol_37_50_7_70=0.680909,rsv_vol_63_50_7_70=0.00517157,rsv_vol_65_50_7_70=-17.0875,rsv_vol_67_50_7_70=3123.81,sddp_alpha_0_6=1000
o,6,1,sddp_ecut_0_6_65_44,2.81814e+08,,rsv_vol_1_50_6_60=0,rsv_vol_6_50_6_60=0.528607,rsv_vol_21_50_6_60=0,rsv_vol_28_50_6_60=0,rsv_vol_37_50_6_60=0.936707,rsv_vol_63_50_6_60=0.00758316,rsv_vol_65_50_6_60=0,rsv_vol_67_50_6_60=5943.57,sddp_alpha_0_5=1000
o,5,1,sddp_ecut_0_5_65_45,2.81885e+08,,rsv_vol_1_50_5_50=0,rsv_vol_6_50_5_50=0.554327,rsv_vol_21_50_5_50=0,rsv_vol_28_50_5_50=0,rsv_vol_37_50_5_50=0.73746,rsv_vol_63_50_5_50=0.00649041,rsv_vol_65_50_5_50=0,rsv_vol_67_50_5_50=4823.92,sddp_alpha_0_4=1000
o,4,1,sddp_ecut_0_4_65_46,2.83267e+08,,rsv_vol_1_50_4_40=0,rsv_vol_6_50_4_40=0.554263,rsv_vol_21_50_4_40=0,rsv_vol_28_50_4_40=0,rsv_vol_37_50_4_40=0.812836,rsv_vol_63_50_4_40=0,rsv_vol_65_50_4_40=0,rsv_vol_67_50_4_40=2573.44,sddp_alpha_0_3=1000
o,3,1,sddp_ecut_0_3_65_47,2.50811e+08,,rsv_vol_1_50_3_30=0,rsv_vol_6_50_3_30=0.545396,rsv_vol_21_50_3_30=0,rsv_vol_28_50_3_30=0,rsv_vol_37_50_3_30=0.744395,rsv_vol_63_50_3_30=0,rsv_vol_65_50_3_30=-34.4475,rsv_vol_67_50_3_30=2830.48,sddp_alpha_0_2=1000
o,2,1,sddp_ecut_0_2_65_48,2.25338e+08,,rsv_vol_1_50_2_20=0,rsv_vol_6_50_2_20=0.707866,rsv_vol_21_50_2_20=0,rsv_vol_28_50_2_20=0,rsv_vol_37_50_2_20=0.488828,rsv_vol_63_50_2_20=0,rsv_vol_65_50_2_20=-69.4444,rsv_vol_67_50_2_20=6213.54,sddp_alpha_0_1=1000
o,1,1,sddp_ecut_0_1_65_49,2.65508e+08,,rsv_vol_1_50_1_10=0,rsv_vol_6_50_1_10=0.843154,rsv_vol_21_50_1_10=0,rsv_vol_28_50_1_10=0,rsv_vol_37_50_1_10=0.507562,rsv_vol_63_50_1_10=0,rsv_vol_65_50_1_10=-17.3611,rsv_vol_67_50_1_10=9920.79,sddp_alpha_0_0=1000
o,50,1,sddp_ecut_0_50_66_0,7.4197e+08,,rsv_vol_1_50_50_500=0,rsv_vol_6_50_50_500=1.94792,rsv_vol_21_50_50_500=0,rsv_vol_28_50_50_500=0,rsv_vol_37_50_50_500=2.90475,rsv_vol_63_50_50_500=9343.02,rsv_vol_65_50_50_500=35009.8,rsv_vol_67_50_50_500=15127.2,sddp_alpha_0_49=1000
o,49,1,sddp_ecut_0_49_66_1,5.94245e+08,,rsv_vol_1_50_49_490=0,rsv_vol_6_50_49_490=-12.3816,rsv_vol_21_50_49_490=0,rsv_vol_28_50_49_490=0,rsv_vol_37_50_49_490=1.87958,rsv_vol_63_50_49_490=8418.64,rsv_vol_65_50_49_490=0,rsv_vol_67_50_49_490=14416.9,sddp_alpha_0_48=1000
o,48,1,sddp_ecut_0_48_66_2,6.5112e+08,,rsv_vol_1_50_48_480=0,rsv_vol_6_50_48_480=-26.4146,rsv_vol_21_50_48_480=0,rsv_vol_28_50_48_480=0,rsv_vol_37_50_48_480=2.43005,rsv_vol_63_50_48_480=7621.99,rsv_vol_65_50_48_480=0,rsv_vol_67_50_48_480=13639.3,sddp_alpha_0_47=1000
o,47,1,sddp_ecut_0_47_66_3,6.4186e+08,,rsv_vol_1_50_47_470=0,rsv_vol_6_50_47_470=-95.2668,rsv_vol_21_50_47_470=0,rsv_vol_28_50_47_470=0,rsv_vol_37_50_47_470=1.45394,rsv_vol_63_50_47_470=7678.17,rsv_vol_65_50_47_470=0,rsv_vol_67_50_47_470=9022.1,sddp_alpha_0_46=1000
o,46,1,sddp_ecut_0_46_66_4,6.21959e+08,,rsv_vol_1_50_46_460=0,rsv_vol_6_50_46_460=-123.55,rsv_vol_21_50_46_460=0,rsv_vol_28_50_46_460=0,rsv_vol_37_50_46_460=1.76338,rsv_vol_63_50_46_460=7622.2,rsv_vol_65_50_46_460=0,rsv_vol_67_50_46_460=6941.93,sddp_alpha_0_45=1000
o,45,1,sddp_ecut_0_45_66_5,6.87401e+08,,rsv_vol_1_50_45_450=0,rsv_vol_6_50_45_450=0.839902,rsv_vol_21_50_45_450=0,rsv_vol_28_50_45_450=0,rsv_vol_37_50_45_450=2.51234,rsv_vol_63_50_45_450=7123.3,rsv_vol_65_50_45_450=0,rsv_vol_67_50_45_450=11127.6,sddp_alpha_0_44=1000
o,44,1,sddp_ecut_0_44_66_6,6.90026e+08,,rsv_vol_1_50_44_440=0,rsv_vol_6_50_44_440=1.09349,rsv_vol_21_50_44_440=0,rsv_vol_28_50_44_440=0,rsv_vol_37_50_44_440=2.27898,rsv_vol_63_50_44_440=7545.16,rsv_vol_65_50_44_440=-28.0204,rsv_vol_67_50_44_440=10508.2,sddp_alpha_0_43=1000
o,43,1,sddp_ecut_0_43_66_7,7.71882e+08,,rsv_vol_1_50_43_430=0,rsv_vol_6_50_43_430=1.45338,rsv_vol_21_50_43_430=0,rsv_vol_28_50_43_430=0,rsv_vol_37_50_43_430=2.45561,rsv_vol_63_50_43_430=6525.85,rsv_vol_65_50_43_430=-28.2438,rsv_vol_67_50_43_430=12635.8,sddp_alpha_0_42=1000
o,42,1,sddp_ecut_0_42_66_8,8.26884e+08,,rsv_vol_1_50_42_420=0,rsv_vol_6_50_42_420=2.01369,rsv_vol_21_50_42_420=0,rsv_vol_28_50_42_420=0,rsv_vol_37_50_42_420=3.00551,rsv_vol_63_50_42_420=8883.06,rsv_vol_65_50_42_420=-14.2345,rsv_vol_67_50_42_420=14733.5,sddp_alpha_0_41=1000
o,41,1,sddp_ecut_0_41_66_9,8.32332e+08,,rsv_vol_1_50_41_410=0,rsv_vol_6_50_41_410=1.89132,rsv_vol_21_50_41_410=0,rsv_vol_28_50_41_410=0,rsv_vol_37_50_41_410=2.95122,rsv_vol_63_50_41_410=6677.09,rsv_vol_65_50_41_410=4962.15,rsv_vol_67_50_41_410=11700.4,sddp_alpha_0_40=1000
o,40,1,sddp_ecut_0_40_66_10,8.47719e+08,,rsv_vol_1_50_40_400=0,rsv_vol_6_50_40_400=2.03587,rsv_vol_21_50_40_400=0,rsv_vol_28_50_40_400=0,rsv_vol_37_50_40_400=4.35808,rsv_vol_63_50_40_400=8532.25,rsv_vol_65_50_40_400=4695.37,rsv_vol_67_50_40_400=14517.1,sddp_alpha_0_39=1000
o,39,1,sddp_ecut_0_39_66_11,7.73673e+08,,rsv_vol_1_50_39_390=0,rsv_vol_6_50_39_390=1.80547,rsv_vol_21_50_39_390=0,rsv_vol_28_50_39_390=0,rsv_vol_37_50_39_390=3.81567,rsv_vol_63_50_39_390=8647.2,rsv_vol_65_50_39_390=4663.56,rsv_vol_67_50_39_390=15042.9,sddp_alpha_0_38=1000
o,38,1,sddp_ecut_0_38_66_12,7.79346e+08,,rsv_vol_1_50_38_380=0,rsv_vol_6_50_38_380=-12.7532,rsv_vol_21_50_38_380=0,rsv_vol_28_50_38_380=0,rsv_vol_37_50_38_380=2.83015,rsv_vol_63_50_38_380=9549.15,rsv_vol_65_50_38_380=12661.7,rsv_vol_67_50_38_380=-235.104,sddp_alpha_0_37=1000
o,37,1,sddp_ecut_0_37_66_13,6.45813e+08,,rsv_vol_1_50_37_370=0,rsv_vol_6_50_37_370=-13.6252,rsv_vol_21_50_37_370=0,rsv_vol_28_50_37_370=0,rsv_vol_37_50_37_370=2.23528,rsv_vol_63_50_37_370=9443.88,rsv_vol_65_50_37_370=0,rsv_vol_67_50_37_370=15930,sddp_alpha_0_36=1000
o,36,1,sddp_ecut_0_36_66_14,7.0939e+08,,rsv_vol_1_50_36_360=0,rsv_vol_6_50_36_360=-29.2047,rsv_vol_21_50_36_360=0,rsv_vol_28_50_36_360=0,rsv_vol_37_50_36_360=2.77566,rsv_vol_63_50_36_360=9090.91,rsv_vol_65_50_36_360=0,rsv_vol_67_50_36_360=15229.1,sddp_alpha_0_35=1000
o,35,1,sddp_ecut_0_35_66_15,7.38236e+08,,rsv_vol_1_50_35_350=0,rsv_vol_6_50_35_350=-105.102,rsv_vol_21_50_35_350=0,rsv_vol_28_50_35_350=0,rsv_vol_37_50_35_350=0.693072,rsv_vol_63_50_35_350=8573.34,rsv_vol_65_50_35_350=0,rsv_vol_67_50_35_350=3253.05,sddp_alpha_0_34=1000
o,34,1,sddp_ecut_0_34_66_16,7.15841e+08,,rsv_vol_1_50_34_340=0,rsv_vol_6_50_34_340=-29.8209,rsv_vol_21_50_34_340=0,rsv_vol_28_50_34_340=0,rsv_vol_37_50_34_340=1.1029,rsv_vol_63_50_34_340=9189.82,rsv_vol_65_50_34_340=0,rsv_vol_67_50_34_340=1639.13,sddp_alpha_0_33=1000
o,33,1,sddp_ecut_0_33_66_17,7.85711e+08,,rsv_vol_1_50_33_330=0,rsv_vol_6_50_33_330=1.41522,rsv_vol_21_50_33_330=0,rsv_vol_28_50_33_330=0,rsv_vol_37_50_33_330=2.15555,rsv_vol_63_50_33_330=7432.22,rsv_vol_65_50_33_330=0,rsv_vol_67_50_33_330=7990.96,sddp_alpha_0_32=1000
o,32,1,sddp_ecut_0_32_66_18,7.86227e+08,,rsv_vol_1_50_32_320=0,rsv_vol_6_50_32_320=1.50884,rsv_vol_21_50_32_320=0,rsv_vol_28_50_32_320=0,rsv_vol_37_50_32_320=1.93903,rsv_vol_63_50_32_320=4402.97,rsv_vol_65_50_32_320=0,rsv_vol_67_50_32_320=8573.67,sddp_alpha_0_31=1000
o,31,1,sddp_ecut_0_31_66_19,8.80882e+08,,rsv_vol_1_50_31_310=0,rsv_vol_6_50_31_310=1.86777,rsv_vol_21_50_31_310=0,rsv_vol_28_50_31_310=0,rsv_vol_37_50_31_310=2.48662,rsv_vol_63_50_31_310=1807.29,rsv_vol_65_50_31_310=-15.5341,rsv_vol_67_50_31_310=12724.6,sddp_alpha_0_30=1000
o,30,1,sddp_ecut_0_30_66_20,9.50338e+08,,rsv_vol_1_50_30_300=0,rsv_vol_6_50_30_300=2.42933,rsv_vol_21_50_30_300=0,rsv_vol_28_50_30_300=0,rsv_vol_37_50_30_300=3.57529,rsv_vol_63_50_30_300=8717.49,rsv_vol_65_50_30_300=-31.3159,rsv_vol_67_50_30_300=16476.2,sddp_alpha_0_29=1000
o,29,1,sddp_ecut_0_29_66_21,9.75418e+08,,rsv_vol_1_50_29_290=0,rsv_vol_6_50_29_290=3.07721,rsv_vol_21_50_29_290=0,rsv_vol_28_50_29_290=0,rsv_vol_37_50_29_290=2.22383,rsv_vol_63_50_29_290=8648.77,rsv_vol_65_50_29_290=15585.7,rsv_vol_67_50_29_290=3619.72,sddp_alpha_0_28=1000
o,28,1,sddp_ecut_0_28_66_22,1.03339e+09,,rsv_vol_1_50_28_280=0,rsv_vol_6_50_28_280=3.41761,rsv_vol_21_50_28_280=0,rsv_vol_28_50_28_280=0,rsv_vol_37_50_28_280=6.63199,rsv_vol_63_50_28_280=10199,rsv_vol_65_50_28_280=23688.4,rsv_vol_67_50_28_280=1852.15,sddp_alpha_0_27=1000
o,27,1,sddp_ecut_0_27_66_23,9.23448e+08,,rsv_vol_1_50_27_270=0,rsv_vol_6_50_27_270=-30.9372,rsv_vol_21_50_27_270=0,rsv_vol_28_50_27_270=0,rsv_vol_37_50_27_270=1.23183,rsv_vol_63_50_27_270=9289.17,rsv_vol_65_50_27_270=4392.88,rsv_vol_67_50_27_270=-256.569,sddp_alpha_0_26=1000
o,26,1,sddp_ecut_0_26_66_24,9.38607e+08,,rsv_vol_1_50_26_260=0,rsv_vol_6_50_26_260=-47.1974,rsv_vol_21_50_26_260=0,rsv_vol_28_50_26_260=0,rsv_vol_37_50_26_260=5.18722,rsv_vol_63_50_26_260=10361.7,rsv_vol_65_50_26_260=0,rsv_vol_67_50_26_260=17207.8,sddp_alpha_0_25=1000
o,25,1,sddp_ecut_0_25_66_25,8.2928e+08,,rsv_vol_1_50_25_250=0,rsv_vol_6_50_25_250=-63.968,rsv_vol_21_50_25_250=0,rsv_vol_28_50_25_250=0,rsv_vol_37_50_25_250=4.78176,rsv_vol_63_50_25_250=11019,rsv_vol_65_50_25_250=0,rsv_vol_67_50_25_250=18631.8,sddp_alpha_0_24=1000
o,24,1,sddp_ecut_0_24_66_26,9.00769e+08,,rsv_vol_1_50_24_240=0,rsv_vol_6_50_24_240=-146.75,rsv_vol_21_50_24_240=0,rsv_vol_28_50_24_240=0,rsv_vol_37_50_24_240=3.85428,rsv_vol_63_50_24_240=10337,rsv_vol_65_50_24_240=0,rsv_vol_67_50_24_240=17158.7,sddp_alpha_0_23=1000
o,23,1,sddp_ecut_0_23_66_27,8.7139e+08,,rsv_vol_1_50_23_230=0,rsv_vol_6_50_23_230=-115.323,rsv_vol_21_50_23_230=0,rsv_vol_28_50_23_230=0,rsv_vol_37_50_23_230=1.29822,rsv_vol_63_50_23_230=8882.42,rsv_vol_65_50_23_230=0,rsv_vol_67_50_23_230=6594.82,sddp_alpha_0_22=1000
o,22,1,sddp_ecut_0_22_66_28,2.25306e+08,,rsv_vol_1_50_22_220=0,rsv_vol_6_50_22_220=0.3573,rsv_vol_21_50_22_220=0,rsv_vol_28_50_22_220=0,rsv_vol_37_50_22_220=0.483474,rsv_vol_63_50_22_220=7.80866,rsv_vol_65_50_22_220=-16.6852,rsv_vol_67_50_22_220=2751.78,sddp_alpha_0_21=1000
o,21,1,sddp_ecut_0_21_66_29,1.97243e+08,,rsv_vol_1_50_21_210=0,rsv_vol_6_50_21_210=0.327868,rsv_vol_21_50_21_210=0,rsv_vol_28_50_21_210=0,rsv_vol_37_50_21_210=0.353737,rsv_vol_63_50_21_210=7.20799,rsv_vol_65_50_21_210=-16.6852,rsv_vol_67_50_21_210=1323.9,sddp_alpha_0_20=1000
o,20,1,sddp_ecut_0_20_66_30,2.24944e+08,,rsv_vol_1_50_20_200=0,rsv_vol_6_50_20_200=0.396313,rsv_vol_21_50_20_200=0,rsv_vol_28_50_20_200=0,rsv_vol_37_50_20_200=0.345962,rsv_vol_63_50_20_200=6.00666,rsv_vol_65_50_20_200=-50.0555,rsv_vol_67_50_20_200=1140.36,sddp_alpha_0_19=1000
o,19,1,sddp_ecut_0_19_66_31,1.9615e+08,,rsv_vol_1_50_19_190=0,rsv_vol_6_50_19_190=0.358616,rsv_vol_21_50_19_190=0,rsv_vol_28_50_19_190=0,rsv_vol_37_50_19_190=0.248175,rsv_vol_63_50_19_190=7.20799,rsv_vol_65_50_19_190=-50.0555,rsv_vol_67_50_19_190=392.776,sddp_alpha_0_18=1000
o,18,1,sddp_ecut_0_18_66_32,2.4088e+08,,rsv_vol_1_50_18_180=0,rsv_vol_6_50_18_180=0.402678,rsv_vol_21_50_18_180=0,rsv_vol_28_50_18_180=0,rsv_vol_37_50_18_180=0.414202,rsv_vol_63_50_18_180=7.26547,rsv_vol_65_50_18_180=-50.4547,rsv_vol_67_50_18_180=2041.26,sddp_alpha_0_17=1000
o,17,1,sddp_ecut_0_17_66_33,2.42099e+08,,rsv_vol_1_50_17_170=0,rsv_vol_6_50_17_170=0.412814,rsv_vol_21_50_17_170=0,rsv_vol_28_50_17_170=0,rsv_vol_37_50_17_170=0.503725,rsv_vol_63_50_17_170=7.26547,rsv_vol_65_50_17_170=-33.6364,rsv_vol_67_50_17_170=1572.26,sddp_alpha_0_16=1000
o,16,1,sddp_ecut_0_16_66_34,2.42624e+08,,rsv_vol_1_50_16_160=0,rsv_vol_6_50_16_160=0.418494,rsv_vol_21_50_16_160=0,rsv_vol_28_50_16_160=0,rsv_vol_37_50_16_160=0.488897,rsv_vol_63_50_16_160=6.66001,rsv_vol_65_50_16_160=0,rsv_vol_67_50_16_160=3249.37,sddp_alpha_0_15=1000
o,15,1,sddp_ecut_0_15_66_35,2.12073e+08,,rsv_vol_1_50_15_150=0,rsv_vol_6_50_15_150=0.375323,rsv_vol_21_50_15_150=0,rsv_vol_28_50_15_150=0,rsv_vol_37_50_15_150=0.336979,rsv_vol_63_50_15_150=4.23819,rsv_vol_65_50_15_150=-16.8182,rsv_vol_67_50_15_150=772.609,sddp_alpha_0_14=1000
o,14,1,sddp_ecut_0_14_66_36,2.51893e+08,,rsv_vol_1_50_14_140=0,rsv_vol_6_50_14_140=0.486347,rsv_vol_21_50_14_140=0,rsv_vol_28_50_14_140=0,rsv_vol_37_50_14_140=0.585543,rsv_vol_63_50_14_140=4.88227,rsv_vol_65_50_14_140=-16.9523,rsv_vol_67_50_14_140=5388.82,sddp_alpha_0_13=1000
o,13,1,sddp_ecut_0_13_66_37,2.17886e+08,,rsv_vol_1_50_13_130=0,rsv_vol_6_50_13_130=0.381142,rsv_vol_21_50_13_130=0,rsv_vol_28_50_13_130=0,rsv_vol_37_50_13_130=0.384669,rsv_vol_63_50_13_130=3.05446,rsv_vol_65_50_13_130=-16.9523,rsv_vol_67_50_13_130=1364.34,sddp_alpha_0_12=1000
o,12,1,sddp_ecut_0_12_66_38,2.49692e+08,,rsv_vol_1_50_12_120=0,rsv_vol_6_50_12_120=0.463542,rsv_vol_21_50_12_120=0,rsv_vol_28_50_12_120=0,rsv_vol_37_50_12_120=0.569366,rsv_vol_63_50_12_120=3.66341,rsv_vol_65_50_12_120=-33.9046,rsv_vol_67_50_12_120=4862.43,sddp_alpha_0_11=1000
o,11,1,sddp_ecut_0_11_66_39,2.19629e+08,,rsv_vol_1_50_11_110=0,rsv_vol_6_50_11_110=0.422289,rsv_vol_21_50_11_110=0,rsv_vol_28_50_11_110=0,rsv_vol_37_50_11_110=0.549519,rsv_vol_63_50_11_110=1.22057,rsv_vol_65_50_11_110=0,rsv_vol_67_50_11_110=1867.99,sddp_alpha_0_10=1000
o,10,1,sddp_ecut_0_10_66_40,2.60918e+08,,rsv_vol_1_50_10_100=0,rsv_vol_6_50_10_100=0.460434,rsv_vol_21_50_10_100=0,rsv_vol_28_50_10_100=0,rsv_vol_37_50_10_100=0.520056,rsv_vol_63_50_10_100=1.2303,rsv_vol_65_50_10_100=-34.175,rsv_vol_67_50_10_100=2725.03,sddp_alpha_0_9=1000
o,9,1,sddp_ecut_0_9_66_41,2.6257e+08,,rsv_vol_1_50_9_90=0,rsv_vol_6_50_9_90=0.471838,rsv_vol_21_50_9_90=0,rsv_vol_28_50_9_90=0,rsv_vol_37_50_9_90=0.533764,rsv_vol_63_50_9_90=0,rsv_vol_65_50_9_90=-17.0875,rsv_vol_67_50_9_90=2030.46,sddp_alpha_0_8=1000
o,8,1,sddp_ecut_0_8_66_42,2.63448e+08,,rsv_vol_1_50_8_80=0,rsv_vol_6_50_8_80=0.479546,rsv_vol_21_50_8_80=0,rsv_vol_28_50_8_80=0,rsv_vol_37_50_8_80=0.774691,rsv_vol_63_50_8_80=0.00579216,rsv_vol_65_50_8_80=-17.0875,rsv_vol_67_50_8_80=4295.42,sddp_alpha_0_7=1000
o,7,1,sddp_ecut_0_7_66_43,2.31658e+08,,rsv_vol_1_50_7_70=0,rsv_vol_6_50_7_70=0.434487,rsv_vol_21_50_7_70=0,rsv_vol_28_50_7_70=0,rsv_vol_37_50_7_70=0.680909,rsv_vol_63_50_7_70=0.00517157,rsv_vol_65_50_7_70=-17.0875,rsv_vol_67_50_7_70=3123.81,sddp_alpha_0_6=1000
o,6,1,sddp_ecut_0_6_66_44,2.81814e+08,,rsv_vol_1_50_6_60=0,rsv_vol_6_50_6_60=0.528607,rsv_vol_21_50_6_60=0,rsv_vol_28_50_6_60=0,rsv_vol_37_50_6_60=0.936707,rsv_vol_63_50_6_60=0.00756372,rsv_vol_65_50_6_60=0,rsv_vol_67_50_6_60=5943.57,sddp_alpha_0_5=1000
o,5,1,sddp_ecut_0_5_66_45,2.81885e+08,,rsv_vol_1_50_5_50=0,rsv_vol_6_50_5_50=0.554327,rsv_vol_21_50_5_50=0,rsv_vol_28_50_5_50=0,rsv_vol_37_50_5_50=0.73746,rsv_vol_63_50_5_50=0.00649041,rsv_vol_65_50_5_50=0,rsv_vol_67_50_5_50=4823.92,sddp_alpha_0_4=1000
o,4,1,sddp_ecut_0_4_66_46,2.83267e+08,,rsv_vol_1_50_4_40=0,rsv_vol_6_50_4_40=0.554263,rsv_vol_21_50_4_40=0,rsv_vol_28_50_4_40=0,rsv_vol_37_50_4_40=0.812836,rsv_vol_63_50_4_40=0,rsv_vol_65_50_4_40=0,rsv_vol_67_50_4_40=2573.44,sddp_alpha_0_3=1000
o,3,1,sddp_ecut_0_3_66_47,2.50811e+08,,rsv_vol_1_50_3_30=0,rsv_vol_6_50_3_30=0.545396,rsv_vol_21_50_3_30=0,rsv_vol_28_50_3_30=0,rsv_vol_37_50_3_30=0.744395,rsv_vol_63_50_3_30=0,rsv_vol_65_50_3_30=-34.4475,rsv_vol_67_50_3_30=2830.48,sddp_alpha_0_2=1000
o,2,1,sddp_ecut_0_2_66_48,2.25338e+08,,rsv_vol_1_50_2_20=0,rsv_vol_6_50_2_20=0.707866,rsv_vol_21_50_2_20=0,rsv_vol_28_50_2_20=0,rsv_vol_37_50_2_20=0.488828,rsv_vol_63_50_2_20=0,rsv_vol_65_50_2_20=-69.4444,rsv_vol_67_50_2_20=6213.54,sddp_alpha_0_1=1000
o,1,1,sddp_ecut_0_1_66_49,2.65508e+08,,rsv_vol_1_50_1_10=0,rsv_vol_6_50_1_10=0.843154,rsv_vol_21_50_1_10=0,rsv_vol_28_50_1_10=0,rsv_vol_37_50_1_10=0.507562,rsv_vol_63_50_1_10=0,rsv_vol_65_50_1_10=-17.3611,rsv_vol_67_50_1_10=9920.79,sddp_alpha_0_0=1000
o,50,1,sddp_ecut_0_50_67_0,7.4197e+08,,rsv_vol_1_50_50_500=0,rsv_vol_6_50_50_500=1.94792,rsv_vol_21_50_50_500=0,rsv_vol_28_50_50_500=0,rsv_vol_37_50_50_500=2.90475,rsv_vol_63_50_50_500=9343.02,rsv_vol_65_50_50_500=35009.8,rsv_vol_67_50_50_500=15127.2,sddp_alpha_0_49=1000
o,49,1,sddp_ecut_0_49_67_1,5.94245e+08,,rsv_vol_1_50_49_490=0,rsv_vol_6_50_49_490=-12.3816,rsv_vol_21_50_49_490=0,rsv_vol_28_50_49_490=0,rsv_vol_37_50_49_490=1.87958,rsv_vol_63_50_49_490=8418.64,rsv_vol_65_50_49_490=0,rsv_vol_67_50_49_490=14416.9,sddp_alpha_0_48=1000
o,48,1,sddp_ecut_0_48_67_2,6.5112e+08,,rsv_vol_1_50_48_480=0,rsv_vol_6_50_48_480=-26.4146,rsv_vol_21_50_48_480=0,rsv_vol_28_50_48_480=0,rsv_vol_37_50_48_480=2.43005,rsv_vol_63_50_48_480=7621.99,rsv_vol_65_50_48_480=0,rsv_vol_67_50_48_480=13639.3,sddp_alpha_0_47=1000
o,47,1,sddp_ecut_0_47_67_3,6.4186e+08,,rsv_vol_1_50_47_470=0,rsv_vol_6_50_47_470=-95.2668,rsv_vol_21_50_47_470=0,rsv_vol_28_50_47_470=0,rsv_vol_37_50_47_470=1.45394,rsv_vol_63_50_47_470=7678.17,rsv_vol_65_50_47_470=0,rsv_vol_67_50_47_470=9022.1,sddp_alpha_0_46=1000
o,46,1,sddp_ecut_0_46_67_4,6.21959e+08,,rsv_vol_1_50_46_460=0,rsv_vol_6_50_46_460=-123.55,rsv_vol_21_50_46_460=0,rsv_vol_28_50_46_460=0,rsv_vol_37_50_46_460=1.76338,rsv_vol_63_50_46_460=7622.2,rsv_vol_65_50_46_460=0,rsv_vol_67_50_46_460=6941.93,sddp_alpha_0_45=1000
o,45,1,sddp_ecut_0_45_67_5,6.87401e+08,,rsv_vol_1_50_45_450=0,rsv_vol_6_50_45_450=0.839902,rsv_vol_21_50_45_450=0,rsv_vol_28_50_45_450=0,rsv_vol_37_50_45_450=2.51234,rsv_vol_63_50_45_450=7123.3,rsv_vol_65_50_45_450=0,rsv_vol_67_50_45_450=11127.6,sddp_alpha_0_44=1000
o,44,1,sddp_ecut_0_44_67_6,6.90026e+08,,rsv_vol_1_50_44_440=0,rsv_vol_6_50_44_440=1.09349,rsv_vol_21_50_44_440=0,rsv_vol_28_50_44_440=0,rsv_vol_37_50_44_440=2.27898,rsv_vol_63_50_44_440=7545.16,rsv_vol_65_50_44_440=-28.0204,rsv_vol_67_50_44_440=10508.2,sddp_alpha_0_43=1000
o,43,1,sddp_ecut_0_43_67_7,7.71882e+08,,rsv_vol_1_50_43_430=0,rsv_vol_6_50_43_430=1.45338,rsv_vol_21_50_43_430=0,rsv_vol_28_50_43_430=0,rsv_vol_37_50_43_430=2.45561,rsv_vol_63_50_43_430=6525.85,rsv_vol_65_50_43_430=-28.2438,rsv_vol_67_50_43_430=12635.8,sddp_alpha_0_42=1000
o,42,1,sddp_ecut_0_42_67_8,8.26884e+08,,rsv_vol_1_50_42_420=0,rsv_vol_6_50_42_420=2.01369,rsv_vol_21_50_42_420=0,rsv_vol_28_50_42_420=0,rsv_vol_37_50_42_420=3.00551,rsv_vol_63_50_42_420=8883.06,rsv_vol_65_50_42_420=-14.2345,rsv_vol_67_50_42_420=14733.5,sddp_alpha_0_41=1000
o,41,1,sddp_ecut_0_41_67_9,8.32332e+08,,rsv_vol_1_50_41_410=0,rsv_vol_6_50_41_410=1.89132,rsv_vol_21_50_41_410=0,rsv_vol_28_50_41_410=0,rsv_vol_37_50_41_410=2.95122,rsv_vol_63_50_41_410=6677.09,rsv_vol_65_50_41_410=4962.15,rsv_vol_67_50_41_410=11700.4,sddp_alpha_0_40=1000
o,40,1,sddp_ecut_0_40_67_10,8.47719e+08,,rsv_vol_1_50_40_400=0,rsv_vol_6_50_40_400=2.03587,rsv_vol_21_50_40_400=0,rsv_vol_28_50_40_400=0,rsv_vol_37_50_40_400=4.35808,rsv_vol_63_50_40_400=8532.25,rsv_vol_65_50_40_400=4695.37,rsv_vol_67_50_40_400=14517.1,sddp_alpha_0_39=1000
o,39,1,sddp_ecut_0_39_67_11,7.73673e+08,,rsv_vol_1_50_39_390=0,rsv_vol_6_50_39_390=1.80547,rsv_vol_21_50_39_390=0,rsv_vol_28_50_39_390=0,rsv_vol_37_50_39_390=3.81567,rsv_vol_63_50_39_390=8647.2,rsv_vol_65_50_39_390=4663.56,rsv_vol_67_50_39_390=15042.9,sddp_alpha_0_38=1000
o,38,1,sddp_ecut_0_38_67_12,7.79346e+08,,rsv_vol_1_50_38_380=0,rsv_vol_6_50_38_380=-12.7532,rsv_vol_21_50_38_380=0,rsv_vol_28_50_38_380=0,rsv_vol_37_50_38_380=2.83015,rsv_vol_63_50_38_380=9549.15,rsv_vol_65_50_38_380=12661.7,rsv_vol_67_50_38_380=-235.104,sddp_alpha_0_37=1000
o,37,1,sddp_ecut_0_37_67_13,6.45813e+08,,rsv_vol_1_50_37_370=0,rsv_vol_6_50_37_370=-13.6252,rsv_vol_21_50_37_370=0,rsv_vol_28_50_37_370=0,rsv_vol_37_50_37_370=2.23528,rsv_vol_63_50_37_370=9443.88,rsv_vol_65_50_37_370=0,rsv_vol_67_50_37_370=15930,sddp_alpha_0_36=1000
o,36,1,sddp_ecut_0_36_67_14,7.0939e+08,,rsv_vol_1_50_36_360=0,rsv_vol_6_50_36_360=-29.2047,rsv_vol_21_50_36_360=0,rsv_vol_28_50_36_360=0,rsv_vol_37_50_36_360=2.77566,rsv_vol_63_50_36_360=9090.91,rsv_vol_65_50_36_360=0,rsv_vol_67_50_36_360=15229.1,sddp_alpha_0_35=1000
o,35,1,sddp_ecut_0_35_67_15,7.38236e+08,,rsv_vol_1_50_35_350=0,rsv_vol_6_50_35_350=-105.102,rsv_vol_21_50_35_350=0,rsv_vol_28_50_35_350=0,rsv_vol_37_50_35_350=0.693072,rsv_vol_63_50_35_350=8573.34,rsv_vol_65_50_35_350=0,rsv_vol_67_50_35_350=3253.05,sddp_alpha_0_34=1000
o,34,1,sddp_ecut_0_34_67_16,7.15841e+08,,rsv_vol_1_50_34_340=0,rsv_vol_6_50_34_340=-29.8209,rsv_vol_21_50_34_340=0,rsv_vol_28_50_34_340=0,rsv_vol_37_50_34_340=1.1029,rsv_vol_63_50_34_340=9189.82,rsv_vol_65_50_34_340=0,rsv_vol_67_50_34_340=1639.13,sddp_alpha_0_33=1000
o,33,1,sddp_ecut_0_33_67_17,7.85711e+08,,rsv_vol_1_50_33_330=0,rsv_vol_6_50_33_330=1.41522,rsv_vol_21_50_33_330=0,rsv_vol_28_50_33_330=0,rsv_vol_37_50_33_330=2.15555,rsv_vol_63_50_33_330=7432.22,rsv_vol_65_50_33_330=0,rsv_vol_67_50_33_330=7990.96,sddp_alpha_0_32=1000
o,32,1,sddp_ecut_0_32_67_18,7.86227e+08,,rsv_vol_1_50_32_320=0,rsv_vol_6_50_32_320=1.50884,rsv_vol_21_50_32_320=0,rsv_vol_28_50_32_320=0,rsv_vol_37_50_32_320=1.93903,rsv_vol_63_50_32_320=4402.97,rsv_vol_65_50_32_320=0,rsv_vol_67_50_32_320=8573.67,sddp_alpha_0_31=1000
o,31,1,sddp_ecut_0_31_67_19,8.80882e+08,,rsv_vol_1_50_31_310=0,rsv_vol_6_50_31_310=1.86777,rsv_vol_21_50_31_310=0,rsv_vol_28_50_31_310=0,rsv_vol_37_50_31_310=2.48662,rsv_vol_63_50_31_310=1807.29,rsv_vol_65_50_31_310=-15.5341,rsv_vol_67_50_31_310=12724.6,sddp_alpha_0_30=1000
o,30,1,sddp_ecut_0_30_67_20,9.50338e+08,,rsv_vol_1_50_30_300=0,rsv_vol_6_50_30_300=2.42933,rsv_vol_21_50_30_300=0,rsv_vol_28_50_30_300=0,rsv_vol_37_50_30_300=3.57529,rsv_vol_63_50_30_300=8717.49,rsv_vol_65_50_30_300=-31.3159,rsv_vol_67_50_30_300=16476.2,sddp_alpha_0_29=1000
o,29,1,sddp_ecut_0_29_67_21,9.75418e+08,,rsv_vol_1_50_29_290=0,rsv_vol_6_50_29_290=3.07721,rsv_vol_21_50_29_290=0,rsv_vol_28_50_29_290=0,rsv_vol_37_50_29_290=2.22383,rsv_vol_63_50_29_290=8648.77,rsv_vol_65_50_29_290=15585.7,rsv_vol_67_50_29_290=3619.72,sddp_alpha_0_28=1000
o,28,1,sddp_ecut_0_28_67_22,1.03339e+09,,rsv_vol_1_50_28_280=0,rsv_vol_6_50_28_280=3.41761,rsv_vol_21_50_28_280=0,rsv_vol_28_50_28_280=0,rsv_vol_37_50_28_280=6.63199,rsv_vol_63_50_28_280=10199,rsv_vol_65_50_28_280=23688.4,rsv_vol_67_50_28_280=1852.15,sddp_alpha_0_27=1000
o,27,1,sddp_ecut_0_27_67_23,9.23448e+08,,rsv_vol_1_50_27_270=0,rsv_vol_6_50_27_270=-30.9372,rsv_vol_21_50_27_270=0,rsv_vol_28_50_27_270=0,rsv_vol_37_50_27_270=1.23183,rsv_vol_63_50_27_270=9289.17,rsv_vol_65_50_27_270=4392.88,rsv_vol_67_50_27_270=-256.569,sddp_alpha_0_26=1000
o,26,1,sddp_ecut_0_26_67_24,9.38607e+08,,rsv_vol_1_50_26_260=0,rsv_vol_6_50_26_260=-47.1974,rsv_vol_21_50_26_260=0,rsv_vol_28_50_26_260=0,rsv_vol_37_50_26_260=5.18722,rsv_vol_63_50_26_260=10361.7,rsv_vol_65_50_26_260=0,rsv_vol_67_50_26_260=17207.8,sddp_alpha_0_25=1000
o,25,1,sddp_ecut_0_25_67_25,8.2928e+08,,rsv_vol_1_50_25_250=0,rsv_vol_6_50_25_250=-63.968,rsv_vol_21_50_25_250=0,rsv_vol_28_50_25_250=0,rsv_vol_37_50_25_250=4.78176,rsv_vol_63_50_25_250=11019,rsv_vol_65_50_25_250=0,rsv_vol_67_50_25_250=18631.8,sddp_alpha_0_24=1000
o,24,1,sddp_ecut_0_24_67_26,9.00769e+08,,rsv_vol_1_50_24_240=0,rsv_vol_6_50_24_240=-146.75,rsv_vol_21_50_24_240=0,rsv_vol_28_50_24_240=0,rsv_vol_37_50_24_240=3.85428,rsv_vol_63_50_24_240=10337,rsv_vol_65_50_24_240=0,rsv_vol_67_50_24_240=17158.7,sddp_alpha_0_23=1000
o,23,1,sddp_ecut_0_23_67_27,8.7139e+08,,rsv_vol_1_50_23_230=0,rsv_vol_6_50_23_230=-115.323,rsv_vol_21_50_23_230=0,rsv_vol_28_50_23_230=0,rsv_vol_37_50_23_230=1.29822,rsv_vol_63_50_23_230=8882.42,rsv_vol_65_50_23_230=0,rsv_vol_67_50_23_230=6594.82,sddp_alpha_0_22=1000
o,22,1,sddp_ecut_0_22_67_28,2.25306e+08,,rsv_vol_1_50_22_220=0,rsv_vol_6_50_22_220=0.3573,rsv_vol_21_50_22_220=0,rsv_vol_28_50_22_220=0,rsv_vol_37_50_22_220=0.483474,rsv_vol_63_50_22_220=7.80866,rsv_vol_65_50_22_220=-16.6852,rsv_vol_67_50_22_220=2751.78,sddp_alpha_0_21=1000
o,21,1,sddp_ecut_0_21_67_29,1.97243e+08,,rsv_vol_1_50_21_210=0,rsv_vol_6_50_21_210=0.327868,rsv_vol_21_50_21_210=0,rsv_vol_28_50_21_210=0,rsv_vol_37_50_21_210=0.353737,rsv_vol_63_50_21_210=7.20799,rsv_vol_65_50_21_210=-16.6852,rsv_vol_67_50_21_210=1323.9,sddp_alpha_0_20=1000
o,20,1,sddp_ecut_0_20_67_30,2.24944e+08,,rsv_vol_1_50_20_200=0,rsv_vol_6_50_20_200=0.396313,rsv_vol_21_50_20_200=0,rsv_vol_28_50_20_200=0,rsv_vol_37_50_20_200=0.345962,rsv_vol_63_50_20_200=6.00666,rsv_vol_65_50_20_200=-50.0555,rsv_vol_67_50_20_200=1140.36,sddp_alpha_0_19=1000
o,19,1,sddp_ecut_0_19_67_31,1.9615e+08,,rsv_vol_1_50_19_190=0,rsv_vol_6_50_19_190=0.358616,rsv_vol_21_50_19_190=0,rsv_vol_28_50_19_190=0,rsv_vol_37_50_19_190=0.248175,rsv_vol_63_50_19_190=7.20799,rsv_vol_65_50_19_190=-50.0555,rsv_vol_67_50_19_190=392.776,sddp_alpha_0_18=1000
o,18,1,sddp_ecut_0_18_67_32,2.4088e+08,,rsv_vol_1_50_18_180=0,rsv_vol_6_50_18_180=0.402678,rsv_vol_21_50_18_180=0,rsv_vol_28_50_18_180=0,rsv_vol_37_50_18_180=0.414202,rsv_vol_63_50_18_180=7.26547,rsv_vol_65_50_18_180=-50.4547,rsv_vol_67_50_18_180=2041.26,sddp_alpha_0_17=1000
o,17,1,sddp_ecut_0_17_67_33,2.42099e+08,,rsv_vol_1_50_17_170=0,rsv_vol_6_50_17_170=0.412814,rsv_vol_21_50_17_170=0,rsv_vol_28_50_17_170=0,rsv_vol_37_50_17_170=0.503725,rsv_vol_63_50_17_170=7.26547,rsv_vol_65_50_17_170=-33.6364,rsv_vol_67_50_17_170=1572.26,sddp_alpha_0_16=1000
o,16,1,sddp_ecut_0_16_67_34,2.42624e+08,,rsv_vol_1_50_16_160=0,rsv_vol_6_50_16_160=0.418494,rsv_vol_21_50_16_160=0,rsv_vol_28_50_16_160=0,rsv_vol_37_50_16_160=0.488897,rsv_vol_63_50_16_160=6.66001,rsv_vol_65_50_16_160=0,rsv_vol_67_50_16_160=3249.37,sddp_alpha_0_15=1000
o,15,1,sddp_ecut_0_15_67_35,2.12073e+08,,rsv_vol_1_50_15_150=0,rsv_vol_6_50_15_150=0.375323,rsv_vol_21_50_15_150=0,rsv_vol_28_50_15_150=0,rsv_vol_37_50_15_150=0.336979,rsv_vol_63_50_15_150=4.23819,rsv_vol_65_50_15_150=-16.8182,rsv_vol_67_50_15_150=772.609,sddp_alpha_0_14=1000
o,14,1,sddp_ecut_0_14_67_36,2.51893e+08,,rsv_vol_1_50_14_140=0,rsv_vol_6_50_14_140=0.486347,rsv_vol_21_50_14_140=0,rsv_vol_28_50_14_140=0,rsv_vol_37_50_14_140=0.585543,rsv_vol_63_50_14_140=4.88227,rsv_vol_65_50_14_140=-16.9523,rsv_vol_67_50_14_140=5388.82,sddp_alpha_0_13=1000
o,13,1,sddp_ecut_0_13_67_37,2.17886e+08,,rsv_vol_1_50_13_130=0,rsv_vol_6_50_13_130=0.381142,rsv_vol_21_50_13_130=0,rsv_vol_28_50_13_130=0,rsv_vol_37_50_13_130=0.384669,rsv_vol_63_50_13_130=3.05447,rsv_vol_65_50_13_130=-16.9523,rsv_vol_67_50_13_130=1364.34,sddp_alpha_0_12=1000
o,12,1,sddp_ecut_0_12_67_38,2.49692e+08,,rsv_vol_1_50_12_120=0,rsv_vol_6_50_12_120=0.463542,rsv_vol_21_50_12_120=0,rsv_vol_28_50_12_120=0,rsv_vol_37_50_12_120=0.569366,rsv_vol_63_50_12_120=3.66341,rsv_vol_65_50_12_120=-33.9046,rsv_vol_67_50_12_120=4862.43,sddp_alpha_0_11=1000
o,11,1,sddp_ecut_0_11_67_39,2.19629e+08,,rsv_vol_1_50_11_110=0,rsv_vol_6_50_11_110=0.422289,rsv_vol_21_50_11_110=0,rsv_vol_28_50_11_110=0,rsv_vol_37_50_11_110=0.549519,rsv_vol_63_50_11_110=1.22057,rsv_vol_65_50_11_110=0,rsv_vol_67_50_11_110=1867.99,sddp_alpha_0_10=1000
o,10,1,sddp_ecut_0_10_67_40,2.60918e+08,,rsv_vol_1_50_10_100=0,rsv_vol_6_50_10_100=0.460434,rsv_vol_21_50_10_100=0,rsv_vol_28_50_10_100=0,rsv_vol_37_50_10_100=0.520056,rsv_vol_63_50_10_100=1.2303,rsv_vol_65_50_10_100=-34.175,rsv_vol_67_50_10_100=2725.03,sddp_alpha_0_9=1000
o,9,1,sddp_ecut_0_9_67_41,2.6257e+08,,rsv_vol_1_50_9_90=0,rsv_vol_6_50_9_90=0.471838,rsv_vol_21_50_9_90=0,rsv_vol_28_50_9_90=0,rsv_vol_37_50_9_90=0.533764,rsv_vol_63_50_9_90=0,rsv_vol_65_50_9_90=-17.0875,rsv_vol_67_50_9_90=2030.46,sddp_alpha_0_8=1000
o,8,1,sddp_ecut_0_8_67_42,2.63448e+08,,rsv_vol_1_50_8_80=0,rsv_vol_6_50_8_80=0.479546,rsv_vol_21_50_8_80=0,rsv_vol_28_50_8_80=0,rsv_vol_37_50_8_80=0.774691,rsv_vol_63_50_8_80=0.00579216,rsv_vol_65_50_8_80=-17.0875,rsv_vol_67_50_8_80=4295.42,sddp_alpha_0_7=1000
o,7,1,sddp_ecut_0_7_67_43,2.31658e+08,,rsv_vol_1_50_7_70=0,rsv_vol_6_50_7_70=0.434487,rsv_vol_21_50_7_70=0,rsv_vol_28_50_7_70=0,rsv_vol_37_50_7_70=0.680909,rsv_vol_63_50_7_70=0.00517157,rsv_vol_65_50_7_70=-17.0875,rsv_vol_67_50_7_70=3123.81,sddp_alpha_0_6=1000
o,6,1,sddp_ecut_0_6_67_44,2.81814e+08,,rsv_vol_1_50_6_60=0,rsv_vol_6_50_6_60=0.528607,rsv_vol_21_50_6_60=0,rsv_vol_28_50_6_60=0,rsv_vol_37_50_6_60=0.936707,rsv_vol_63_50_6_60=0.0075742,rsv_vol_65_50_6_60=0,rsv_vol_67_50_6_60=5943.57,sddp_alpha_0_5=1000
o,5,1,sddp_ecut_0_5_67_45,2.81885e+08,,rsv_vol_1_50_5_50=0,rsv_vol_6_50_5_50=0.554327,rsv_vol_21_50_5_50=0,rsv_vol_28_50_5_50=0,rsv_vol_37_50_5_50=0.73746,rsv_vol_63_50_5_50=0.00649041,rsv_vol_65_50_5_50=0,rsv_vol_67_50_5_50=4823.92,sddp_alpha_0_4=1000
o,4,1,sddp_ecut_0_4_67_46,2.83267e+08,,rsv_vol_1_50_4_40=0,rsv_vol_6_50_4_40=0.554263,rsv_vol_21_50_4_40=0,rsv_vol_28_50_4_40=0,rsv_vol_37_50_4_40=0.812836,rsv_vol_63_50_4_40=0,rsv_vol_65_50_4_40=0,rsv_vol_67_50_4_40=2573.44,sddp_alpha_0_3=1000
o,3,1,sddp_ecut_0_3_67_47,2.50811e+08,,rsv_vol_1_50_3_30=0,rsv_vol_6_50_3_30=0.545396,rsv_vol_21_50_3_30=0,rsv_vol_28_50_3_30=0,rsv_vol_37_50_3_30=0.744395,rsv_vol_63_50_3_30=0,rsv_vol_65_50_3_30=-34.4475,rsv_vol_67_50_3_30=2830.48,sddp_alpha_0_2=1000
o,2,1,sddp_ecut_0_2_67_48,2.25338e+08,,rsv_vol_1_50_2_20=0,rsv_vol_6_50_2_20=0.707866,rsv_vol_21_50_2_20=0,rsv_vol_28_50_2_20=0,rsv_vol_37_50_2_20=0.488828,rsv_vol_63_50_2_20=0,rsv_vol_65_50_2_20=-69.4444,rsv_vol_67_50_2_20=6213.54,sddp_alpha_0_1=1000
o,1,1,sddp_ecut_0_1_67_49,2.65508e+08,,rsv_vol_1_50_1_10=0,rsv_vol_6_50_1_10=0.843154,rsv_vol_21_50_1_10=0,rsv_vol_28_50_1_10=0,rsv_vol_37_50_1_10=0.507562,rsv_vol_63_50_1_10=0,rsv_vol_65_50_1_10=-17.3611,rsv_vol_67_50_1_10=9920.79,sddp_alpha_0_0=1000
o,50,1,sddp_ecut_0_50_68_0,7.4197e+08,,rsv_vol_1_50_50_500=0,rsv_vol_6_50_50_500=1.94792,rsv_vol_21_50_50_500=0,rsv_vol_28_50_50_500=0,rsv_vol_37_50_50_500=2.90475,rsv_vol_63_50_50_500=9343.02,rsv_vol_65_50_50_500=35009.8,rsv_vol_67_50_50_500=15127.2,sddp_alpha_0_49=1000
o,49,1,sddp_ecut_0_49_68_1,5.94245e+08,,rsv_vol_1_50_49_490=0,rsv_vol_6_50_49_490=-12.3816,rsv_vol_21_50_49_490=0,rsv_vol_28_50_49_490=0,rsv_vol_37_50_49_490=1.87958,rsv_vol_63_50_49_490=8418.64,rsv_vol_65_50_49_490=0,rsv_vol_67_50_49_490=14416.9,sddp_alpha_0_48=1000
o,48,1,sddp_ecut_0_48_68_2,6.5112e+08,,rsv_vol_1_50_48_480=0,rsv_vol_6_50_48_480=-26.4146,rsv_vol_21_50_48_480=0,rsv_vol_28_50_48_480=0,rsv_vol_37_50_48_480=2.43005,rsv_vol_63_50_48_480=7621.99,rsv_vol_65_50_48_480=0,rsv_vol_67_50_48_480=13639.3,sddp_alpha_0_47=1000
o,47,1,sddp_ecut_0_47_68_3,6.4186e+08,,rsv_vol_1_50_47_470=0,rsv_vol_6_50_47_470=-95.2668,rsv_vol_21_50_47_470=0,rsv_vol_28_50_47_470=0,rsv_vol_37_50_47_470=1.45394,rsv_vol_63_50_47_470=7678.17,rsv_vol_65_50_47_470=0,rsv_vol_67_50_47_470=9022.1,sddp_alpha_0_46=1000
o,46,1,sddp_ecut_0_46_68_4,6.21959e+08,,rsv_vol_1_50_46_460=0,rsv_vol_6_50_46_460=-123.55,rsv_vol_21_50_46_460=0,rsv_vol_28_50_46_460=0,rsv_vol_37_50_46_460=1.76338,rsv_vol_63_50_46_460=7622.2,rsv_vol_65_50_46_460=0,rsv_vol_67_50_46_460=6941.93,sddp_alpha_0_45=1000
o,45,1,sddp_ecut_0_45_68_5,6.87401e+08,,rsv_vol_1_50_45_450=0,rsv_vol_6_50_45_450=0.839902,rsv_vol_21_50_45_450=0,rsv_vol_28_50_45_450=0,rsv_vol_37_50_45_450=2.51234,rsv_vol_63_50_45_450=7123.3,rsv_vol_65_50_45_450=0,rsv_vol_67_50_45_450=11127.6,sddp_alpha_0_44=1000
o,44,1,sddp_ecut_0_44_68_6,6.90026e+08,,rsv_vol_1_50_44_440=0,rsv_vol_6_50_44_440=1.09349,rsv_vol_21_50_44_440=0,rsv_vol_28_50_44_440=0,rsv_vol_37_50_44_440=2.27898,rsv_vol_63_50_44_440=7545.16,rsv_vol_65_50_44_440=-28.0204,rsv_vol_67_50_44_440=10508.2,sddp_alpha_0_43=1000
o,43,1,sddp_ecut_0_43_68_7,7.71882e+08,,rsv_vol_1_50_43_430=0,rsv_vol_6_50_43_430=1.45338,rsv_vol_21_50_43_430=0,rsv_vol_28_50_43_430=0,rsv_vol_37_50_43_430=2.45561,rsv_vol_63_50_43_430=6525.85,rsv_vol_65_50_43_430=-28.2438,rsv_vol_67_50_43_430=12635.8,sddp_alpha_0_42=1000
o,42,1,sddp_ecut_0_42_68_8,8.26884e+08,,rsv_vol_1_50_42_420=0,rsv_vol_6_50_42_420=2.01369,rsv_vol_21_50_42_420=0,rsv_vol_28_50_42_420=0,rsv_vol_37_50_42_420=3.00551,rsv_vol_63_50_42_420=8883.06,rsv_vol_65_50_42_420=-14.2345,rsv_vol_67_50_42_420=14733.5,sddp_alpha_0_41=1000
o,41,1,sddp_ecut_0_41_68_9,8.32332e+08,,rsv_vol_1_50_41_410=0,rsv_vol_6_50_41_410=1.89132,rsv_vol_21_50_41_410=0,rsv_vol_28_50_41_410=0,rsv_vol_37_50_41_410=2.95122,rsv_vol_63_50_41_410=6677.09,rsv_vol_65_50_41_410=4962.15,rsv_vol_67_50_41_410=11700.4,sddp_alpha_0_40=1000
o,40,1,sddp_ecut_0_40_68_10,8.47719e+08,,rsv_vol_1_50_40_400=0,rsv_vol_6_50_40_400=2.03587,rsv_vol_21_50_40_400=0,rsv_vol_28_50_40_400=0,rsv_vol_37_50_40_400=4.35808,rsv_vol_63_50_40_400=8532.25,rsv_vol_65_50_40_400=4695.37,rsv_vol_67_50_40_400=14517.1,sddp_alpha_0_39=1000
o,39,1,sddp_ecut_0_39_68_11,7.73673e+08,,rsv_vol_1_50_39_390=0,rsv_vol_6_50_39_390=1.80547,rsv_vol_21_50_39_390=0,rsv_vol_28_50_39_390=0,rsv_vol_37_50_39_390=3.81567,rsv_vol_63_50_39_390=8647.2,rsv_vol_65_50_39_390=4663.56,rsv_vol_67_50_39_390=15042.9,sddp_alpha_0_38=1000
o,38,1,sddp_ecut_0_38_68_12,7.79346e+08,,rsv_vol_1_50_38_380=0,rsv_vol_6_50_38_380=-12.7532,rsv_vol_21_50_38_380=0,rsv_vol_28_50_38_380=0,rsv_vol_37_50_38_380=2.83015,rsv_vol_63_50_38_380=9549.15,rsv_vol_65_50_38_380=12661.7,rsv_vol_67_50_38_380=-235.104,sddp_alpha_0_37=1000
o,37,1,sddp_ecut_0_37_68_13,6.45813e+08,,rsv_vol_1_50_37_370=0,rsv_vol_6_50_37_370=-13.6252,rsv_vol_21_50_37_370=0,rsv_vol_28_50_37_370=0,rsv_vol_37_50_37_370=2.23528,rsv_vol_63_50_37_370=9443.88,rsv_vol_65_50_37_370=0,rsv_vol_67_50_37_370=15930,sddp_alpha_0_36=1000
o,36,1,sddp_ecut_0_36_68_14,7.0939e+08,,rsv_vol_1_50_36_360=0,rsv_vol_6_50_36_360=-29.2047,rsv_vol_21_50_36_360=0,rsv_vol_28_50_36_360=0,rsv_vol_37_50_36_360=2.77566,rsv_vol_63_50_36_360=9090.91,rsv_vol_65_50_36_360=0,rsv_vol_67_50_36_360=15229.1,sddp_alpha_0_35=1000
o,35,1,sddp_ecut_0_35_68_15,7.38236e+08,,rsv_vol_1_50_35_350=0,rsv_vol_6_50_35_350=-105.102,rsv_vol_21_50_35_350=0,rsv_vol_28_50_35_350=0,rsv_vol_37_50_35_350=0.693072,rsv_vol_63_50_35_350=8573.34,rsv_vol_65_50_35_350=0,rsv_vol_67_50_35_350=3253.05,sddp_alpha_0_34=1000
o,34,1,sddp_ecut_0_34_68_16,7.15841e+08,,rsv_vol_1_50_34_340=0,rsv_vol_6_50_34_340=-29.8209,rsv_vol_21_50_34_340=0,rsv_vol_28_50_34_340=0,rsv_vol_37_50_34_340=1.1029,rsv_vol_63_50_34_340=9189.82,rsv_vol_65_50_34_340=0,rsv_vol_67_50_34_340=1639.13,sddp_alpha_0_33=1000
o,33,1,sddp_ecut_0_33_68_17,7.85711e+08,,rsv_vol_1_50_33_330=0,rsv_vol_6_50_33_330=1.41522,rsv_vol_21_50_33_330=0,rsv_vol_28_50_33_330=0,rsv_vol_37_50_33_330=2.15555,rsv_vol_63_50_33_330=7432.22,rsv_vol_65_50_33_330=0,rsv_vol_67_50_33_330=7990.96,sddp_alpha_0_32=1000
o,32,1,sddp_ecut_0_32_68_18,7.86227e+08,,rsv_vol_1_50_32_320=0,rsv_vol_6_50_32_320=1.50884,rsv_vol_21_50_32_320=0,rsv_vol_28_50_32_320=0,rsv_vol_37_50_32_320=1.93903,rsv_vol_63_50_32_320=4402.97,rsv_vol_65_50_32_320=0,rsv_vol_67_50_32_320=8573.67,sddp_alpha_0_31=1000
o,31,1,sddp_ecut_0_31_68_19,8.80882e+08,,rsv_vol_1_50_31_310=0,rsv_vol_6_50_31_310=1.86777,rsv_vol_21_50_31_310=0,rsv_vol_28_50_31_310=0,rsv_vol_37_50_31_310=2.48662,rsv_vol_63_50_31_310=1807.29,rsv_vol_65_50_31_310=-15.5341,rsv_vol_67_50_31_310=12724.6,sddp_alpha_0_30=1000
o,30,1,sddp_ecut_0_30_68_20,9.50338e+08,,rsv_vol_1_50_30_300=0,rsv_vol_6_50_30_300=2.42933,rsv_vol_21_50_30_300=0,rsv_vol_28_50_30_300=0,rsv_vol_37_50_30_300=3.57529,rsv_vol_63_50_30_300=8717.49,rsv_vol_65_50_30_300=-31.3159,rsv_vol_67_50_30_300=16476.2,sddp_alpha_0_29=1000
o,29,1,sddp_ecut_0_29_68_21,9.75418e+08,,rsv_vol_1_50_29_290=0,rsv_vol_6_50_29_290=3.07721,rsv_vol_21_50_29_290=0,rsv_vol_28_50_29_290=0,rsv_vol_37_50_29_290=2.22383,rsv_vol_63_50_29_290=8648.77,rsv_vol_65_50_29_290=15585.7,rsv_vol_67_50_29_290=3619.72,sddp_alpha_0_28=1000
o,28,1,sddp_ecut_0_28_68_22,1.03339e+09,,rsv_vol_1_50_28_280=0,rsv_vol_6_50_28_280=3.41761,rsv_vol_21_50_28_280=0,rsv_vol_28_50_28_280=0,rsv_vol_37_50_28_280=6.63199,rsv_vol_63_50_28_280=10199,rsv_vol_65_50_28_280=23688.4,rsv_vol_67_50_28_280=1852.15,sddp_alpha_0_27=1000
o,27,1,sddp_ecut_0_27_68_23,9.23448e+08,,rsv_vol_1_50_27_270=0,rsv_vol_6_50_27_270=-30.9372,rsv_vol_21_50_27_270=0,rsv_vol_28_50_27_270=0,rsv_vol_37_50_27_270=1.23183,rsv_vol_63_50_27_270=9289.17,rsv_vol_65_50_27_270=4392.88,rsv_vol_67_50_27_270=-256.569,sddp_alpha_0_26=1000
o,26,1,sddp_ecut_0_26_68_24,9.38607e+08,,rsv_vol_1_50_26_260=0,rsv_vol_6_50_26_260=-47.1974,rsv_vol_21_50_26_260=0,rsv_vol_28_50_26_260=0,rsv_vol_37_50_26_260=5.18722,rsv_vol_63_50_26_260=10361.7,rsv_vol_65_50_26_260=0,rsv_vol_67_50_26_260=17207.8,sddp_alpha_0_25=1000
o,25,1,sddp_ecut_0_25_68_25,8.2928e+08,,rsv_vol_1_50_25_250=0,rsv_vol_6_50_25_250=-63.968,rsv_vol_21_50_25_250=0,rsv_vol_28_50_25_250=0,rsv_vol_37_50_25_250=4.78176,rsv_vol_63_50_25_250=11019,rsv_vol_65_50_25_250=0,rsv_vol_67_50_25_250=18631.8,sddp_alpha_0_24=1000
o,24,1,sddp_ecut_0_24_68_26,9.00769e+08,,rsv_vol_1_50_24_240=0,rsv_vol_6_50_24_240=-146.75,rsv_vol_21_50_24_240=0,rsv_vol_28_50_24_240=0,rsv_vol_37_50_24_240=3.85428,rsv_vol_63_50_24_240=10337,rsv_vol_65_50_24_240=0,rsv_vol_67_50_24_240=17158.7,sddp_alpha_0_23=1000
o,23,1,sddp_ecut_0_23_68_27,8.7139e+08,,rsv_vol_1_50_23_230=0,rsv_vol_6_50_23_230=-115.323,rsv_vol_21_50_23_230=0,rsv_vol_28_50_23_230=0,rsv_vol_37_50_23_230=1.29822,rsv_vol_63_50_23_230=8882.42,rsv_vol_65_50_23_230=0,rsv_vol_67_50_23_230=6594.82,sddp_alpha_0_22=1000
o,22,1,sddp_ecut_0_22_68_28,2.25306e+08,,rsv_vol_1_50_22_220=0,rsv_vol_6_50_22_220=0.3573,rsv_vol_21_50_22_220=0,rsv_vol_28_50_22_220=0,rsv_vol_37_50_22_220=0.483474,rsv_vol_63_50_22_220=7.80866,rsv_vol_65_50_22_220=-16.6852,rsv_vol_67_50_22_220=2751.78,sddp_alpha_0_21=1000
o,21,1,sddp_ecut_0_21_68_29,1.97243e+08,,rsv_vol_1_50_21_210=0,rsv_vol_6_50_21_210=0.327868,rsv_vol_21_50_21_210=0,rsv_vol_28_50_21_210=0,rsv_vol_37_50_21_210=0.353737,rsv_vol_63_50_21_210=7.20799,rsv_vol_65_50_21_210=-16.6852,rsv_vol_67_50_21_210=1323.9,sddp_alpha_0_20=1000
o,20,1,sddp_ecut_0_20_68_30,2.24944e+08,,rsv_vol_1_50_20_200=0,rsv_vol_6_50_20_200=0.396313,rsv_vol_21_50_20_200=0,rsv_vol_28_50_20_200=0,rsv_vol_37_50_20_200=0.345962,rsv_vol_63_50_20_200=6.00666,rsv_vol_65_50_20_200=-50.0555,rsv_vol_67_50_20_200=1140.36,sddp_alpha_0_19=1000
o,19,1,sddp_ecut_0_19_68_31,1.9615e+08,,rsv_vol_1_50_19_190=0,rsv_vol_6_50_19_190=0.358616,rsv_vol_21_50_19_190=0,rsv_vol_28_50_19_190=0,rsv_vol_37_50_19_190=0.248175,rsv_vol_63_50_19_190=7.20799,rsv_vol_65_50_19_190=-50.0555,rsv_vol_67_50_19_190=392.776,sddp_alpha_0_18=1000
o,18,1,sddp_ecut_0_18_68_32,2.4088e+08,,rsv_vol_1_50_18_180=0,rsv_vol_6_50_18_180=0.402678,rsv_vol_21_50_18_180=0,rsv_vol_28_50_18_180=0,rsv_vol_37_50_18_180=0.414202,rsv_vol_63_50_18_180=7.26547,rsv_vol_65_50_18_180=-50.4547,rsv_vol_67_50_18_180=2041.26,sddp_alpha_0_17=1000
o,17,1,sddp_ecut_0_17_68_33,2.42099e+08,,rsv_vol_1_50_17_170=0,rsv_vol_6_50_17_170=0.412814,rsv_vol_21_50_17_170=0,rsv_vol_28_50_17_170=0,rsv_vol_37_50_17_170=0.503725,rsv_vol_63_50_17_170=7.26547,rsv_vol_65_50_17_170=-33.6364,rsv_vol_67_50_17_170=1572.26,sddp_alpha_0_16=1000
o,16,1,sddp_ecut_0_16_68_34,2.42624e+08,,rsv_vol_1_50_16_160=0,rsv_vol_6_50_16_160=0.418494,rsv_vol_21_50_16_160=0,rsv_vol_28_50_16_160=0,rsv_vol_37_50_16_160=0.488897,rsv_vol_63_50_16_160=6.66001,rsv_vol_65_50_16_160=0,rsv_vol_67_50_16_160=3249.37,sddp_alpha_0_15=1000
o,15,1,sddp_ecut_0_15_68_35,2.12073e+08,,rsv_vol_1_50_15_150=0,rsv_vol_6_50_15_150=0.375323,rsv_vol_21_50_15_150=0,rsv_vol_28_50_15_150=0,rsv_vol_37_50_15_150=0.336979,rsv_vol_63_50_15_150=4.23819,rsv_vol_65_50_15_150=-16.8182,rsv_vol_67_50_15_150=772.609,sddp_alpha_0_14=1000
o,14,1,sddp_ecut_0_14_68_36,2.51893e+08,,rsv_vol_1_50_14_140=0,rsv_vol_6_50_14_140=0.486347,rsv_vol_21_50_14_140=0,rsv_vol_28_50_14_140=0,rsv_vol_37_50_14_140=0.585543,rsv_vol_63_50_14_140=4.88227,rsv_vol_65_50_14_140=-16.9523,rsv_vol_67_50_14_140=5388.82,sddp_alpha_0_13=1000
o,13,1,sddp_ecut_0_13_68_37,2.17886e+08,,rsv_vol_1_50_13_130=0,rsv_vol_6_50_13_130=0.381142,rsv_vol_21_50_13_130=0,rsv_vol_28_50_13_130=0,rsv_vol_37_50_13_130=0.384669,rsv_vol_63_50_13_130=3.05446,rsv_vol_65_50_13_130=-16.9523,rsv_vol_67_50_13_130=1364.34,sddp_alpha_0_12=1000
o,12,1,sddp_ecut_0_12_68_38,2.49692e+08,,rsv_vol_1_50_12_120=0,rsv_vol_6_50_12_120=0.463542,rsv_vol_21_50_12_120=0,rsv_vol_28_50_12_120=0,rsv_vol_37_50_12_120=0.569366,rsv_vol_63_50_12_120=3.66341,rsv_vol_65_50_12_120=-33.9046,rsv_vol_67_50_12_120=4862.43,sddp_alpha_0_11=1000
o,11,1,sddp_ecut_0_11_68_39,2.19629e+08,,rsv_vol_1_50_11_110=0,rsv_vol_6_50_11_110=0.422289,rsv_vol_21_50_11_110=0,rsv_vol_28_50_11_110=0,rsv_vol_37_50_11_110=0.549519,rsv_vol_63_50_11_110=1.22057,rsv_vol_65_50_11_110=0,rsv_vol_67_50_11_110=1867.99,sddp_alpha_0_10=1000
o,10,1,sddp_ecut_0_10_68_40,2.60918e+08,,rsv_vol_1_50_10_100=0,rsv_vol_6_50_10_100=0.460434,rsv_vol_21_50_10_100=0,rsv_vol_28_50_10_100=0,rsv_vol_37_50_10_100=0.520056,rsv_vol_63_50_10_100=1.2303,rsv_vol_65_50_10_100=-34.175,rsv_vol_67_50_10_100=2725.03,sddp_alpha_0_9=1000
o,9,1,sddp_ecut_0_9_68_41,2.6257e+08,,rsv_vol_1_50_9_90=0,rsv_vol_6_50_9_90=0.471838,rsv_vol_21_50_9_90=0,rsv_vol_28_50_9_90=0,rsv_vol_37_50_9_90=0.533764,rsv_vol_63_50_9_90=0,rsv_vol_65_50_9_90=-17.0875,rsv_vol_67_50_9_90=2030.46,sddp_alpha_0_8=1000
o,8,1,sddp_ecut_0_8_68_42,2.63448e+08,,rsv_vol_1_50_8_80=0,rsv_vol_6_50_8_80=0.479546,rsv_vol_21_50_8_80=0,rsv_vol_28_50_8_80=0,rsv_vol_37_50_8_80=0.774691,rsv_vol_63_50_8_80=0.00579216,rsv_vol_65_50_8_80=-17.0875,rsv_vol_67_50_8_80=4295.42,sddp_alpha_0_7=1000
o,7,1,sddp_ecut_0_7_68_43,2.31658e+08,,rsv_vol_1_50_7_70=0,rsv_vol_6_50_7_70=0.434487,rsv_vol_21_50_7_70=0,rsv_vol_28_50_7_70=0,rsv_vol_37_50_7_70=0.680909,rsv_vol_63_50_7_70=0.00517157,rsv_vol_65_50_7_70=-17.0875,rsv_vol_67_50_7_70=3123.81,sddp_alpha_0_6=1000
o,6,1,sddp_ecut_0_6_68_44,2.81814e+08,,rsv_vol_1_50_6_60=0,rsv_vol_6_50_6_60=0.528607,rsv_vol_21_50_6_60=0,rsv_vol_28_50_6_60=0,rsv_vol_37_50_6_60=0.936707,rsv_vol_63_50_6_60=0.00756287,rsv_vol_65_50_6_60=0,rsv_vol_67_50_6_60=5943.57,sddp_alpha_0_5=1000
o,5,1,sddp_ecut_0_5_68_45,2.81885e+08,,rsv_vol_1_50_5_50=0,rsv_vol_6_50_5_50=0.554327,rsv_vol_21_50_5_50=0,rsv_vol_28_50_5_50=0,rsv_vol_37_50_5_50=0.73746,rsv_vol_63_50_5_50=0.00649041,rsv_vol_65_50_5_50=0,rsv_vol_67_50_5_50=4823.92,sddp_alpha_0_4=1000
o,4,1,sddp_ecut_0_4_68_46,2.83267e+08,,rsv_vol_1_50_4_40=0,rsv_vol_6_50_4_40=0.554263,rsv_vol_21_50_4_40=0,rsv_vol_28_50_4_40=0,rsv_vol_37_50_4_40=0.812836,rsv_vol_63_50_4_40=0,rsv_vol_65_50_4_40=0,rsv_vol_67_50_4_40=2573.44,sddp_alpha_0_3=1000
o,3,1,sddp_ecut_0_3_68_47,2.50811e+08,,rsv_vol_1_50_3_30=0,rsv_vol_6_50_3_30=0.545396,rsv_vol_21_50_3_30=0,rsv_vol_28_50_3_30=0,rsv_vol_37_50_3_30=0.744395,rsv_vol_63_50_3_30=0,rsv_vol_65_50_3_30=-34.4475,rsv_vol_67_50_3_30=2830.48,sddp_alpha_0_2=1000
o,2,1,sddp_ecut_0_2_68_48,2.25338e+08,,rsv_vol_1_50_2_20=0,rsv_vol_6_50_2_20=0.707866,rsv_vol_21_50_2_20=0,rsv_vol_28_50_2_20=0,rsv_vol_37_50_2_20=0.488828,rsv_vol_63_50_2_20=0,rsv_vol_65_50_2_20=-69.4444,rsv_vol_67_50_2_20=6213.54,sddp_alpha_0_1=1000
o,1,1,sddp_ecut_0_1_68_49,2.65508e+08,,rsv_vol_1_50_1_10=0,rsv_vol_6_50_1_10=0.843154,rsv_vol_21_50_1_10=0,rsv_vol_28_50_1_10=0,rsv_vol_37_50_1_10=0.507562,rsv_vol_63_50_1_10=0,rsv_vol_65_50_1_10=-17.3611,rsv_vol_67_50_1_10=9920.79,sddp_alpha_0_0=1000
o,50,1,sddp_ecut_0_50_69_0,7.4197e+08,,rsv_vol_1_50_50_500=0,rsv_vol_6_50_50_500=1.94792,rsv_vol_21_50_50_500=0,rsv_vol_28_50_50_500=0,rsv_vol_37_50_50_500=2.90475,rsv_vol_63_50_50_500=9343.02,rsv_vol_65_50_50_500=35009.8,rsv_vol_67_50_50_500=15127.2,sddp_alpha_0_49=1000
o,49,1,sddp_ecut_0_49_69_1,5.94245e+08,,rsv_vol_1_50_49_490=0,rsv_vol_6_50_49_490=-12.3816,rsv_vol_21_50_49_490=0,rsv_vol_28_50_49_490=0,rsv_vol_37_50_49_490=1.87958,rsv_vol_63_50_49_490=8418.64,rsv_vol_65_50_49_490=0,rsv_vol_67_50_49_490=14416.9,sddp_alpha_0_48=1000
o,48,1,sddp_ecut_0_48_69_2,6.5112e+08,,rsv_vol_1_50_48_480=0,rsv_vol_6_50_48_480=-26.4146,rsv_vol_21_50_48_480=0,rsv_vol_28_50_48_480=0,rsv_vol_37_50_48_480=2.43005,rsv_vol_63_50_48_480=7621.99,rsv_vol_65_50_48_480=0,rsv_vol_67_50_48_480=13639.3,sddp_alpha_0_47=1000
o,47,1,sddp_ecut_0_47_69_3,6.4186e+08,,rsv_vol_1_50_47_470=0,rsv_vol_6_50_47_470=-95.2668,rsv_vol_21_50_47_470=0,rsv_vol_28_50_47_470=0,rsv_vol_37_50_47_470=1.45394,rsv_vol_63_50_47_470=7678.17,rsv_vol_65_50_47_470=0,rsv_vol_67_50_47_470=9022.1,sddp_alpha_0_46=1000
o,46,1,sddp_ecut_0_46_69_4,6.21959e+08,,rsv_vol_1_50_46_460=0,rsv_vol_6_50_46_460=-123.55,rsv_vol_21_50_46_460=0,rsv_vol_28_50_46_460=0,rsv_vol_37_50_46_460=1.76338,rsv_vol_63_50_46_460=7622.2,rsv_vol_65_50_46_460=0,rsv_vol_67_50_46_460=6941.93,sddp_alpha_0_45=1000
o,45,1,sddp_ecut_0_45_69_5,6.87401e+08,,rsv_vol_1_50_45_450=0,rsv_vol_6_50_45_450=0.839902,rsv_vol_21_50_45_450=0,rsv_vol_28_50_45_450=0,rsv_vol_37_50_45_450=2.51234,rsv_vol_63_50_45_450=7123.3,rsv_vol_65_50_45_450=0,rsv_vol_67_50_45_450=11127.6,sddp_alpha_0_44=1000
o,44,1,sddp_ecut_0_44_69_6,6.90026e+08,,rsv_vol_1_50_44_440=0,rsv_vol_6_50_44_440=1.09349,rsv_vol_21_50_44_440=0,rsv_vol_28_50_44_440=0,rsv_vol_37_50_44_440=2.27898,rsv_vol_63_50_44_440=7545.16,rsv_vol_65_50_44_440=-28.0204,rsv_vol_67_50_44_440=10508.2,sddp_alpha_0_43=1000
o,43,1,sddp_ecut_0_43_69_7,7.71882e+08,,rsv_vol_1_50_43_430=0,rsv_vol_6_50_43_430=1.45338,rsv_vol_21_50_43_430=0,rsv_vol_28_50_43_430=0,rsv_vol_37_50_43_430=2.45561,rsv_vol_63_50_43_430=6525.85,rsv_vol_65_50_43_430=-28.2438,rsv_vol_67_50_43_430=12635.8,sddp_alpha_0_42=1000
o,42,1,sddp_ecut_0_42_69_8,8.26884e+08,,rsv_vol_1_50_42_420=0,rsv_vol_6_50_42_420=2.01369,rsv_vol_21_50_42_420=0,rsv_vol_28_50_42_420=0,rsv_vol_37_50_42_420=3.00551,rsv_vol_63_50_42_420=8883.06,rsv_vol_65_50_42_420=-14.2345,rsv_vol_67_50_42_420=14733.5,sddp_alpha_0_41=1000
o,41,1,sddp_ecut_0_41_69_9,8.32332e+08,,rsv_vol_1_50_41_410=0,rsv_vol_6_50_41_410=1.89132,rsv_vol_21_50_41_410=0,rsv_vol_28_50_41_410=0,rsv_vol_37_50_41_410=2.95122,rsv_vol_63_50_41_410=6677.09,rsv_vol_65_50_41_410=4962.15,rsv_vol_67_50_41_410=11700.4,sddp_alpha_0_40=1000
o,40,1,sddp_ecut_0_40_69_10,8.47719e+08,,rsv_vol_1_50_40_400=0,rsv_vol_6_50_40_400=2.03587,rsv_vol_21_50_40_400=0,rsv_vol_28_50_40_400=0,rsv_vol_37_50_40_400=4.35808,rsv_vol_63_50_40_400=8532.25,rsv_vol_65_50_40_400=4695.37,rsv_vol_67_50_40_400=14517.1,sddp_alpha_0_39=1000
o,39,1,sddp_ecut_0_39_69_11,7.73673e+08,,rsv_vol_1_50_39_390=0,rsv_vol_6_50_39_390=1.80547,rsv_vol_21_50_39_390=0,rsv_vol_28_50_39_390=0,rsv_vol_37_50_39_390=3.81567,rsv_vol_63_50_39_390=8647.2,rsv_vol_65_50_39_390=4663.56,rsv_vol_67_50_39_390=15042.9,sddp_alpha_0_38=1000
o,38,1,sddp_ecut_0_38_69_12,7.79346e+08,,rsv_vol_1_50_38_380=0,rsv_vol_6_50_38_380=-12.7532,rsv_vol_21_50_38_380=0,rsv_vol_28_50_38_380=0,rsv_vol_37_50_38_380=2.83015,rsv_vol_63_50_38_380=9549.15,rsv_vol_65_50_38_380=12661.7,rsv_vol_67_50_38_380=-235.104,sddp_alpha_0_37=1000
o,37,1,sddp_ecut_0_37_69_13,6.45813e+08,,rsv_vol_1_50_37_370=0,rsv_vol_6_50_37_370=-13.6252,rsv_vol_21_50_37_370=0,rsv_vol_28_50_37_370=0,rsv_vol_37_50_37_370=2.23528,rsv_vol_63_50_37_370=9443.88,rsv_vol_65_50_37_370=0,rsv_vol_67_50_37_370=15930,sddp_alpha_0_36=1000
o,36,1,sddp_ecut_0_36_69_14,7.0939e+08,,rsv_vol_1_50_36_360=0,rsv_vol_6_50_36_360=-29.2047,rsv_vol_21_50_36_360=0,rsv_vol_28_50_36_360=0,rsv_vol_37_50_36_360=2.77566,rsv_vol_63_50_36_360=9090.91,rsv_vol_65_50_36_360=0,rsv_vol_67_50_36_360=15229.1,sddp_alpha_0_35=1000
o,35,1,sddp_ecut_0_35_69_15,7.38236e+08,,rsv_vol_1_50_35_350=0,rsv_vol_6_50_35_350=-105.102,rsv_vol_21_50_35_350=0,rsv_vol_28_50_35_350=0,rsv_vol_37_50_35_350=0.693072,rsv_vol_63_50_35_350=8573.34,rsv_vol_65_50_35_350=0,rsv_vol_67_50_35_350=3253.05,sddp_alpha_0_34=1000
o,34,1,sddp_ecut_0_34_69_16,7.15841e+08,,rsv_vol_1_50_34_340=0,rsv_vol_6_50_34_340=-29.8209,rsv_vol_21_50_34_340=0,rsv_vol_28_50_34_340=0,rsv_vol_37_50_34_340=1.1029,rsv_vol_63_50_34_340=9189.82,rsv_vol_65_50_34_340=0,rsv_vol_67_50_34_340=1639.13,sddp_alpha_0_33=1000
o,33,1,sddp_ecut_0_33_69_17,7.85711e+08,,rsv_vol_1_50_33_330=0,rsv_vol_6_50_33_330=1.41522,rsv_vol_21_50_33_330=0,rsv_vol_28_50_33_330=0,rsv_vol_37_50_33_330=2.15555,rsv_vol_63_50_33_330=7432.22,rsv_vol_65_50_33_330=0,rsv_vol_67_50_33_330=7990.96,sddp_alpha_0_32=1000
o,32,1,sddp_ecut_0_32_69_18,7.86227e+08,,rsv_vol_1_50_32_320=0,rsv_vol_6_50_32_320=1.50884,rsv_vol_21_50_32_320=0,rsv_vol_28_50_32_320=0,rsv_vol_37_50_32_320=1.93903,rsv_vol_63_50_32_320=4402.97,rsv_vol_65_50_32_320=0,rsv_vol_67_50_32_320=8573.67,sddp_alpha_0_31=1000
o,31,1,sddp_ecut_0_31_69_19,8.80882e+08,,rsv_vol_1_50_31_310=0,rsv_vol_6_50_31_310=1.86777,rsv_vol_21_50_31_310=0,rsv_vol_28_50_31_310=0,rsv_vol_37_50_31_310=2.48662,rsv_vol_63_50_31_310=1807.29,rsv_vol_65_50_31_310=-15.5341,rsv_vol_67_50_31_310=12724.6,sddp_alpha_0_30=1000
o,30,1,sddp_ecut_0_30_69_20,9.50338e+08,,rsv_vol_1_50_30_300=0,rsv_vol_6_50_30_300=2.42933,rsv_vol_21_50_30_300=0,rsv_vol_28_50_30_300=0,rsv_vol_37_50_30_300=3.57529,rsv_vol_63_50_30_300=8717.49,rsv_vol_65_50_30_300=-31.3159,rsv_vol_67_50_30_300=16476.2,sddp_alpha_0_29=1000
o,29,1,sddp_ecut_0_29_69_21,9.75418e+08,,rsv_vol_1_50_29_290=0,rsv_vol_6_50_29_290=3.07721,rsv_vol_21_50_29_290=0,rsv_vol_28_50_29_290=0,rsv_vol_37_50_29_290=2.22383,rsv_vol_63_50_29_290=8648.77,rsv_vol_65_50_29_290=15585.7,rsv_vol_67_50_29_290=3619.72,sddp_alpha_0_28=1000
o,28,1,sddp_ecut_0_28_69_22,1.03339e+09,,rsv_vol_1_50_28_280=0,rsv_vol_6_50_28_280=3.41761,rsv_vol_21_50_28_280=0,rsv_vol_28_50_28_280=0,rsv_vol_37_50_28_280=6.63199,rsv_vol_63_50_28_280=10199,rsv_vol_65_50_28_280=23688.4,rsv_vol_67_50_28_280=1852.15,sddp_alpha_0_27=1000
o,27,1,sddp_ecut_0_27_69_23,9.23448e+08,,rsv_vol_1_50_27_270=0,rsv_vol_6_50_27_270=-30.9372,rsv_vol_21_50_27_270=0,rsv_vol_28_50_27_270=0,rsv_vol_37_50_27_270=1.23183,rsv_vol_63_50_27_270=9289.17,rsv_vol_65_50_27_270=4392.88,rsv_vol_67_50_27_270=-256.569,sddp_alpha_0_26=1000
o,26,1,sddp_ecut_0_26_69_24,9.38607e+08,,rsv_vol_1_50_26_260=0,rsv_vol_6_50_26_260=-47.1974,rsv_vol_21_50_26_260=0,rsv_vol_28_50_26_260=0,rsv_vol_37_50_26_260=5.18722,rsv_vol_63_50_26_260=10361.7,rsv_vol_65_50_26_260=0,rsv_vol_67_50_26_260=17207.8,sddp_alpha_0_25=1000
o,25,1,sddp_ecut_0_25_69_25,8.2928e+08,,rsv_vol_1_50_25_250=0,rsv_vol_6_50_25_250=-63.968,rsv_vol_21_50_25_250=0,rsv_vol_28_50_25_250=0,rsv_vol_37_50_25_250=4.78176,rsv_vol_63_50_25_250=11019,rsv_vol_65_50_25_250=0,rsv_vol_67_50_25_250=18631.8,sddp_alpha_0_24=1000
o,24,1,sddp_ecut_0_24_69_26,9.00769e+08,,rsv_vol_1_50_24_240=0,rsv_vol_6_50_24_240=-146.75,rsv_vol_21_50_24_240=0,rsv_vol_28_50_24_240=0,rsv_vol_37_50_24_240=3.85428,rsv_vol_63_50_24_240=10337,rsv_vol_65_50_24_240=0,rsv_vol_67_50_24_240=17158.7,sddp_alpha_0_23=1000
o,23,1,sddp_ecut_0_23_69_27,8.7139e+08,,rsv_vol_1_50_23_230=0,rsv_vol_6_50_23_230=-115.323,rsv_vol_21_50_23_230=0,rsv_vol_28_50_23_230=0,rsv_vol_37_50_23_230=1.29822,rsv_vol_63_50_23_230=8882.42,rsv_vol_65_50_23_230=0,rsv_vol_67_50_23_230=6594.82,sddp_alpha_0_22=1000
o,22,1,sddp_ecut_0_22_69_28,2.25306e+08,,rsv_vol_1_50_22_220=0,rsv_vol_6_50_22_220=0.3573,rsv_vol_21_50_22_220=0,rsv_vol_28_50_22_220=0,rsv_vol_37_50_22_220=0.483474,rsv_vol_63_50_22_220=7.80866,rsv_vol_65_50_22_220=-16.6852,rsv_vol_67_50_22_220=2751.78,sddp_alpha_0_21=1000
o,21,1,sddp_ecut_0_21_69_29,1.97243e+08,,rsv_vol_1_50_21_210=0,rsv_vol_6_50_21_210=0.327868,rsv_vol_21_50_21_210=0,rsv_vol_28_50_21_210=0,rsv_vol_37_50_21_210=0.353737,rsv_vol_63_50_21_210=7.20799,rsv_vol_65_50_21_210=-16.6852,rsv_vol_67_50_21_210=1323.9,sddp_alpha_0_20=1000
o,20,1,sddp_ecut_0_20_69_30,2.24944e+08,,rsv_vol_1_50_20_200=0,rsv_vol_6_50_20_200=0.396313,rsv_vol_21_50_20_200=0,rsv_vol_28_50_20_200=0,rsv_vol_37_50_20_200=0.345962,rsv_vol_63_50_20_200=6.00666,rsv_vol_65_50_20_200=-50.0555,rsv_vol_67_50_20_200=1140.36,sddp_alpha_0_19=1000
o,19,1,sddp_ecut_0_19_69_31,1.9615e+08,,rsv_vol_1_50_19_190=0,rsv_vol_6_50_19_190=0.358616,rsv_vol_21_50_19_190=0,rsv_vol_28_50_19_190=0,rsv_vol_37_50_19_190=0.248175,rsv_vol_63_50_19_190=7.20799,rsv_vol_65_50_19_190=-50.0555,rsv_vol_67_50_19_190=392.776,sddp_alpha_0_18=1000
o,18,1,sddp_ecut_0_18_69_32,2.4088e+08,,rsv_vol_1_50_18_180=0,rsv_vol_6_50_18_180=0.402678,rsv_vol_21_50_18_180=0,rsv_vol_28_50_18_180=0,rsv_vol_37_50_18_180=0.414202,rsv_vol_63_50_18_180=7.26547,rsv_vol_65_50_18_180=-50.4547,rsv_vol_67_50_18_180=2041.26,sddp_alpha_0_17=1000
o,17,1,sddp_ecut_0_17_69_33,2.42099e+08,,rsv_vol_1_50_17_170=0,rsv_vol_6_50_17_170=0.412814,rsv_vol_21_50_17_170=0,rsv_vol_28_50_17_170=0,rsv_vol_37_50_17_170=0.503725,rsv_vol_63_50_17_170=7.26547,rsv_vol_65_50_17_170=-33.6364,rsv_vol_67_50_17_170=1572.26,sddp_alpha_0_16=1000
o,16,1,sddp_ecut_0_16_69_34,2.42624e+08,,rsv_vol_1_50_16_160=0,rsv_vol_6_50_16_160=0.418494,rsv_vol_21_50_16_160=0,rsv_vol_28_50_16_160=0,rsv_vol_37_50_16_160=0.488897,rsv_vol_63_50_16_160=6.66001,rsv_vol_65_50_16_160=0,rsv_vol_67_50_16_160=3249.37,sddp_alpha_0_15=1000
o,15,1,sddp_ecut_0_15_69_35,2.12073e+08,,rsv_vol_1_50_15_150=0,rsv_vol_6_50_15_150=0.375323,rsv_vol_21_50_15_150=0,rsv_vol_28_50_15_150=0,rsv_vol_37_50_15_150=0.336979,rsv_vol_63_50_15_150=4.23819,rsv_vol_65_50_15_150=-16.8182,rsv_vol_67_50_15_150=772.609,sddp_alpha_0_14=1000
o,14,1,sddp_ecut_0_14_69_36,2.51893e+08,,rsv_vol_1_50_14_140=0,rsv_vol_6_50_14_140=0.486347,rsv_vol_21_50_14_140=0,rsv_vol_28_50_14_140=0,rsv_vol_37_50_14_140=0.585543,rsv_vol_63_50_14_140=4.88227,rsv_vol_65_50_14_140=-16.9523,rsv_vol_67_50_14_140=5388.82,sddp_alpha_0_13=1000
o,13,1,sddp_ecut_0_13_69_37,2.17886e+08,,rsv_vol_1_50_13_130=0,rsv_vol_6_50_13_130=0.381142,rsv_vol_21_50_13_130=0,rsv_vol_28_50_13_130=0,rsv_vol_37_50_13_130=0.384669,rsv_vol_63_50_13_130=3.05443,rsv_vol_65_50_13_130=-16.9523,rsv_vol_67_50_13_130=1364.34,sddp_alpha_0_12=1000
o,12,1,sddp_ecut_0_12_69_38,2.49692e+08,,rsv_vol_1_50_12_120=0,rsv_vol_6_50_12_120=0.463542,rsv_vol_21_50_12_120=0,rsv_vol_28_50_12_120=0,rsv_vol_37_50_12_120=0.569366,rsv_vol_63_50_12_120=3.66341,rsv_vol_65_50_12_120=-33.9046,rsv_vol_67_50_12_120=4862.43,sddp_alpha_0_11=1000
o,11,1,sddp_ecut_0_11_69_39,2.19629e+08,,rsv_vol_1_50_11_110=0,rsv_vol_6_50_11_110=0.422289,rsv_vol_21_50_11_110=0,rsv_vol_28_50_11_110=0,rsv_vol_37_50_11_110=0.549519,rsv_vol_63_50_11_110=1.22057,rsv_vol_65_50_11_110=0,rsv_vol_67_50_11_110=1867.99,sddp_alpha_0_10=1000
o,10,1,sddp_ecut_0_10_69_40,2.60918e+08,,rsv_vol_1_50_10_100=0,rsv_vol_6_50_10_100=0.460434,rsv_vol_21_50_10_100=0,rsv_vol_28_50_10_100=0,rsv_vol_37_50_10_100=0.520056,rsv_vol_63_50_10_100=1.2303,rsv_vol_65_50_10_100=-34.175,rsv_vol_67_50_10_100=2725.03,sddp_alpha_0_9=1000
o,9,1,sddp_ecut_0_9_69_41,2.6257e+08,,rsv_vol_1_50_9_90=0,rsv_vol_6_50_9_90=0.471838,rsv_vol_21_50_9_90=0,rsv_vol_28_50_9_90=0,rsv_vol_37_50_9_90=0.533764,rsv_vol_63_50_9_90=0,rsv_vol_65_50_9_90=-17.0875,rsv_vol_67_50_9_90=2030.46,sddp_alpha_0_8=1000
o,8,1,sddp_ecut_0_8_69_42,2.63448e+08,,rsv_vol_1_50_8_80=0,rsv_vol_6_50_8_80=0.479546,rsv_vol_21_50_8_80=0,rsv_vol_28_50_8_80=0,rsv_vol_37_50_8_80=0.774691,rsv_vol_63_50_8_80=0.00579216,rsv_vol_65_50_8_80=-17.0875,rsv_vol_67_50_8_80=4295.42,sddp_alpha_0_7=1000
o,7,1,sddp_ecut_0_7_69_43,2.31658e+08,,rsv_vol_1_50_7_70=0,rsv_vol_6_50_7_70=0.434487,rsv_vol_21_50_7_70=0,rsv_vol_28_50_7_70=0,rsv_vol_37_50_7_70=0.680909,rsv_vol_63_50_7_70=0.00517157,rsv_vol_65_50_7_70=-17.0875,rsv_vol_67_50_7_70=3123.81,sddp_alpha_0_6=1000
o,6,1,sddp_ecut_0_6_69_44,2.81814e+08,,rsv_vol_1_50_6_60=0,rsv_vol_6_50_6_60=0.528607,rsv_vol_21_50_6_60=0,rsv_vol_28_50_6_60=0,rsv_vol_37_50_6_60=0.936707,rsv_vol_63_50_6_60=0.00756529,rsv_vol_65_50_6_60=0,rsv_vol_67_50_6_60=5943.57,sddp_alpha_0_5=1000
o,5,1,sddp_ecut_0_5_69_45,2.81885e+08,,rsv_vol_1_50_5_50=0,rsv_vol_6_50_5_50=0.554327,rsv_vol_21_50_5_50=0,rsv_vol_28_50_5_50=0,rsv_vol_37_50_5_50=0.73746,rsv_vol_63_50_5_50=0.00649041,rsv_vol_65_50_5_50=0,rsv_vol_67_50_5_50=4823.92,sddp_alpha_0_4=1000
o,4,1,sddp_ecut_0_4_69_46,2.83267e+08,,rsv_vol_1_50_4_40=0,rsv_vol_6_50_4_40=0.554263,rsv_vol_21_50_4_40=0,rsv_vol_28_50_4_40=0,rsv_vol_37_50_4_40=0.812836,rsv_vol_63_50_4_40=0,rsv_vol_65_50_4_40=0,rsv_vol_67_50_4_40=2573.44,sddp_alpha_0_3=1000
o,3,1,sddp_ecut_0_3_69_47,2.50811e+08,,rsv_vol_1_50_3_30=0,rsv_vol_6_50_3_30=0.545396,rsv_vol_21_50_3_30=0,rsv_vol_28_50_3_30=0,rsv_vol_37_50_3_30=0.744395,rsv_vol_63_50_3_30=0,rsv_vol_65_50_3_30=-34.4475,rsv_vol_67_50_3_30=2830.48,sddp_alpha_0_2=1000
o,2,1,sddp_ecut_0_2_69_48,2.25338e+08,,rsv_vol_1_50_2_20=0,rsv_vol_6_50_2_20=0.707866,rsv_vol_21_50_2_20=0,rsv_vol_28_50_2_20=0,rsv_vol_37_50_2_20=0.488828,rsv_vol_63_50_2_20=0,rsv_vol_65_50_2_20=-69.4444,rsv_vol_67_50_2_20=6213.54,sddp_alpha_0_1=1000
o,1,1,sddp_ecut_0_1_69_49,2.65508e+08,,rsv_vol_1_50_1_10=0,rsv_vol_6_50_1_10=0.843154,rsv_vol_21_50_1_10=0,rsv_vol_28_50_1_10=0,rsv_vol_37_50_1_10=0.507562,rsv_vol_63_50_1_10=0,rsv_vol_65_50_1_10=-17.3611,rsv_vol_67_50_1_10=9920.79,sddp_alpha_0_0=1000
o,50,1,sddp_ecut_0_50_70_0,7.4197e+08,,rsv_vol_1_50_50_500=0,rsv_vol_6_50_50_500=1.94792,rsv_vol_21_50_50_500=0,rsv_vol_28_50_50_500=0,rsv_vol_37_50_50_500=2.90475,rsv_vol_63_50_50_500=9343.02,rsv_vol_65_50_50_500=35009.8,rsv_vol_67_50_50_500=15127.2,sddp_alpha_0_49=1000
o,49,1,sddp_ecut_0_49_70_1,5.94245e+08,,rsv_vol_1_50_49_490=0,rsv_vol_6_50_49_490=-12.3816,rsv_vol_21_50_49_490=0,rsv_vol_28_50_49_490=0,rsv_vol_37_50_49_490=1.87958,rsv_vol_63_50_49_490=8418.64,rsv_vol_65_50_49_490=0,rsv_vol_67_50_49_490=14416.9,sddp_alpha_0_48=1000
o,48,1,sddp_ecut_0_48_70_2,6.5112e+08,,rsv_vol_1_50_48_480=0,rsv_vol_6_50_48_480=-26.4146,rsv_vol_21_50_48_480=0,rsv_vol_28_50_48_480=0,rsv_vol_37_50_48_480=2.43005,rsv_vol_63_50_48_480=7621.99,rsv_vol_65_50_48_480=0,rsv_vol_67_50_48_480=13639.3,sddp_alpha_0_47=1000
o,47,1,sddp_ecut_0_47_70_3,6.4186e+08,,rsv_vol_1_50_47_470=0,rsv_vol_6_50_47_470=-95.2668,rsv_vol_21_50_47_470=0,rsv_vol_28_50_47_470=0,rsv_vol_37_50_47_470=1.45394,rsv_vol_63_50_47_470=7678.17,rsv_vol_65_50_47_470=0,rsv_vol_67_50_47_470=9022.1,sddp_alpha_0_46=1000
o,46,1,sddp_ecut_0_46_70_4,6.21959e+08,,rsv_vol_1_50_46_460=0,rsv_vol_6_50_46_460=-123.55,rsv_vol_21_50_46_460=0,rsv_vol_28_50_46_460=0,rsv_vol_37_50_46_460=1.76338,rsv_vol_63_50_46_460=7622.2,rsv_vol_65_50_46_460=0,rsv_vol_67_50_46_460=6941.93,sddp_alpha_0_45=1000
o,45,1,sddp_ecut_0_45_70_5,6.87401e+08,,rsv_vol_1_50_45_450=0,rsv_vol_6_50_45_450=0.839902,rsv_vol_21_50_45_450=0,rsv_vol_28_50_45_450=0,rsv_vol_37_50_45_450=2.51234,rsv_vol_63_50_45_450=7123.3,rsv_vol_65_50_45_450=0,rsv_vol_67_50_45_450=11127.6,sddp_alpha_0_44=1000
o,44,1,sddp_ecut_0_44_70_6,6.90026e+08,,rsv_vol_1_50_44_440=0,rsv_vol_6_50_44_440=1.09349,rsv_vol_21_50_44_440=0,rsv_vol_28_50_44_440=0,rsv_vol_37_50_44_440=2.27898,rsv_vol_63_50_44_440=7545.16,rsv_vol_65_50_44_440=-28.0204,rsv_vol_67_50_44_440=10508.2,sddp_alpha_0_43=1000
o,43,1,sddp_ecut_0_43_70_7,7.71882e+08,,rsv_vol_1_50_43_430=0,rsv_vol_6_50_43_430=1.45338,rsv_vol_21_50_43_430=0,rsv_vol_28_50_43_430=0,rsv_vol_37_50_43_430=2.45561,rsv_vol_63_50_43_430=6525.85,rsv_vol_65_50_43_430=-28.2438,rsv_vol_67_50_43_430=12635.8,sddp_alpha_0_42=1000
o,42,1,sddp_ecut_0_42_70_8,8.26884e+08,,rsv_vol_1_50_42_420=0,rsv_vol_6_50_42_420=2.01369,rsv_vol_21_50_42_420=0,rsv_vol_28_50_42_420=0,rsv_vol_37_50_42_420=3.00551,rsv_vol_63_50_42_420=8883.06,rsv_vol_65_50_42_420=-14.2345,rsv_vol_67_50_42_420=14733.5,sddp_alpha_0_41=1000
o,41,1,sddp_ecut_0_41_70_9,8.32332e+08,,rsv_vol_1_50_41_410=0,rsv_vol_6_50_41_410=1.89132,rsv_vol_21_50_41_410=0,rsv_vol_28_50_41_410=0,rsv_vol_37_50_41_410=2.95122,rsv_vol_63_50_41_410=6677.09,rsv_vol_65_50_41_410=4962.15,rsv_vol_67_50_41_410=11700.4,sddp_alpha_0_40=1000
o,40,1,sddp_ecut_0_40_70_10,8.47719e+08,,rsv_vol_1_50_40_400=0,rsv_vol_6_50_40_400=2.03587,rsv_vol_21_50_40_400=0,rsv_vol_28_50_40_400=0,rsv_vol_37_50_40_400=4.35808,rsv_vol_63_50_40_400=8532.25,rsv_vol_65_50_40_400=4695.37,rsv_vol_67_50_40_400=14517.1,sddp_alpha_0_39=1000
o,39,1,sddp_ecut_0_39_70_11,7.73673e+08,,rsv_vol_1_50_39_390=0,rsv_vol_6_50_39_390=1.80547,rsv_vol_21_50_39_390=0,rsv_vol_28_50_39_390=0,rsv_vol_37_50_39_390=3.81567,rsv_vol_63_50_39_390=8647.2,rsv_vol_65_50_39_390=4663.56,rsv_vol_67_50_39_390=15042.9,sddp_alpha_0_38=1000
o,38,1,sddp_ecut_0_38_70_12,7.79346e+08,,rsv_vol_1_50_38_380=0,rsv_vol_6_50_38_380=-12.7532,rsv_vol_21_50_38_380=0,rsv_vol_28_50_38_380=0,rsv_vol_37_50_38_380=2.83015,rsv_vol_63_50_38_380=9549.15,rsv_vol_65_50_38_380=12661.7,rsv_vol_67_50_38_380=-235.104,sddp_alpha_0_37=1000
o,37,1,sddp_ecut_0_37_70_13,6.45813e+08,,rsv_vol_1_50_37_370=0,rsv_vol_6_50_37_370=-13.6252,rsv_vol_21_50_37_370=0,rsv_vol_28_50_37_370=0,rsv_vol_37_50_37_370=2.23528,rsv_vol_63_50_37_370=9443.88,rsv_vol_65_50_37_370=0,rsv_vol_67_50_37_370=15930,sddp_alpha_0_36=1000
o,36,1,sddp_ecut_0_36_70_14,7.0939e+08,,rsv_vol_1_50_36_360=0,rsv_vol_6_50_36_360=-29.2047,rsv_vol_21_50_36_360=0,rsv_vol_28_50_36_360=0,rsv_vol_37_50_36_360=2.77566,rsv_vol_63_50_36_360=9090.91,rsv_vol_65_50_36_360=0,rsv_vol_67_50_36_360=15229.1,sddp_alpha_0_35=1000
o,35,1,sddp_ecut_0_35_70_15,7.38236e+08,,rsv_vol_1_50_35_350=0,rsv_vol_6_50_35_350=-105.102,rsv_vol_21_50_35_350=0,rsv_vol_28_50_35_350=0,rsv_vol_37_50_35_350=0.693072,rsv_vol_63_50_35_350=8573.34,rsv_vol_65_50_35_350=0,rsv_vol_67_50_35_350=3253.05,sddp_alpha_0_34=1000
o,34,1,sddp_ecut_0_34_70_16,7.15841e+08,,rsv_vol_1_50_34_340=0,rsv_vol_6_50_34_340=-29.8209,rsv_vol_21_50_34_340=0,rsv_vol_28_50_34_340=0,rsv_vol_37_50_34_340=1.1029,rsv_vol_63_50_34_340=9189.82,rsv_vol_65_50_34_340=0,rsv_vol_67_50_34_340=1639.13,sddp_alpha_0_33=1000
o,33,1,sddp_ecut_0_33_70_17,7.85711e+08,,rsv_vol_1_50_33_330=0,rsv_vol_6_50_33_330=1.41522,rsv_vol_21_50_33_330=0,rsv_vol_28_50_33_330=0,rsv_vol_37_50_33_330=2.15555,rsv_vol_63_50_33_330=7432.22,rsv_vol_65_50_33_330=0,rsv_vol_67_50_33_330=7990.96,sddp_alpha_0_32=1000
o,32,1,sddp_ecut_0_32_70_18,7.86227e+08,,rsv_vol_1_50_32_320=0,rsv_vol_6_50_32_320=1.50884,rsv_vol_21_50_32_320=0,rsv_vol_28_50_32_320=0,rsv_vol_37_50_32_320=1.93903,rsv_vol_63_50_32_320=4402.97,rsv_vol_65_50_32_320=0,rsv_vol_67_50_32_320=8573.67,sddp_alpha_0_31=1000
o,31,1,sddp_ecut_0_31_70_19,8.80882e+08,,rsv_vol_1_50_31_310=0,rsv_vol_6_50_31_310=1.86777,rsv_vol_21_50_31_310=0,rsv_vol_28_50_31_310=0,rsv_vol_37_50_31_310=2.48662,rsv_vol_63_50_31_310=1807.29,rsv_vol_65_50_31_310=-15.5341,rsv_vol_67_50_31_310=12724.6,sddp_alpha_0_30=1000
o,30,1,sddp_ecut_0_30_70_20,9.50338e+08,,rsv_vol_1_50_30_300=0,rsv_vol_6_50_30_300=2.42933,rsv_vol_21_50_30_300=0,rsv_vol_28_50_30_300=0,rsv_vol_37_50_30_300=3.57529,rsv_vol_63_50_30_300=8717.49,rsv_vol_65_50_30_300=-31.3159,rsv_vol_67_50_30_300=16476.2,sddp_alpha_0_29=1000
o,29,1,sddp_ecut_0_29_70_21,9.75418e+08,,rsv_vol_1_50_29_290=0,rsv_vol_6_50_29_290=3.07721,rsv_vol_21_50_29_290=0,rsv_vol_28_50_29_290=0,rsv_vol_37_50_29_290=2.22383,rsv_vol_63_50_29_290=8648.77,rsv_vol_65_50_29_290=15585.7,rsv_vol_67_50_29_290=3619.72,sddp_alpha_0_28=1000
o,28,1,sddp_ecut_0_28_70_22,1.03339e+09,,rsv_vol_1_50_28_280=0,rsv_vol_6_50_28_280=3.41761,rsv_vol_21_50_28_280=0,rsv_vol_28_50_28_280=0,rsv_vol_37_50_28_280=6.63199,rsv_vol_63_50_28_280=10199,rsv_vol_65_50_28_280=23688.4,rsv_vol_67_50_28_280=1852.15,sddp_alpha_0_27=1000
o,27,1,sddp_ecut_0_27_70_23,9.23448e+08,,rsv_vol_1_50_27_270=0,rsv_vol_6_50_27_270=-30.9372,rsv_vol_21_50_27_270=0,rsv_vol_28_50_27_270=0,rsv_vol_37_50_27_270=1.23183,rsv_vol_63_50_27_270=9289.17,rsv_vol_65_50_27_270=4392.88,rsv_vol_67_50_27_270=-256.569,sddp_alpha_0_26=1000
o,26,1,sddp_ecut_0_26_70_24,9.38607e+08,,rsv_vol_1_50_26_260=0,rsv_vol_6_50_26_260=-47.1974,rsv_vol_21_50_26_260=0,rsv_vol_28_50_26_260=0,rsv_vol_37_50_26_260=5.18722,rsv_vol_63_50_26_260=10361.7,rsv_vol_65_50_26_260=0,rsv_vol_67_50_26_260=17207.8,sddp_alpha_0_25=1000
o,25,1,sddp_ecut_0_25_70_25,8.2928e+08,,rsv_vol_1_50_25_250=0,rsv_vol_6_50_25_250=-63.968,rsv_vol_21_50_25_250=0,rsv_vol_28_50_25_250=0,rsv_vol_37_50_25_250=4.78176,rsv_vol_63_50_25_250=11019,rsv_vol_65_50_25_250=0,rsv_vol_67_50_25_250=18631.8,sddp_alpha_0_24=1000
o,24,1,sddp_ecut_0_24_70_26,9.00769e+08,,rsv_vol_1_50_24_240=0,rsv_vol_6_50_24_240=-146.75,rsv_vol_21_50_24_240=0,rsv_vol_28_50_24_240=0,rsv_vol_37_50_24_240=3.85428,rsv_vol_63_50_24_240=10337,rsv_vol_65_50_24_240=0,rsv_vol_67_50_24_240=17158.7,sddp_alpha_0_23=1000
o,23,1,sddp_ecut_0_23_70_27,8.7139e+08,,rsv_vol_1_50_23_230=0,rsv_vol_6_50_23_230=-115.323,rsv_vol_21_50_23_230=0,rsv_vol_28_50_23_230=0,rsv_vol_37_50_23_230=1.29822,rsv_vol_63_50_23_230=8882.42,rsv_vol_65_50_23_230=0,rsv_vol_67_50_23_230=6594.82,sddp_alpha_0_22=1000
o,22,1,sddp_ecut_0_22_70_28,2.25306e+08,,rsv_vol_1_50_22_220=0,rsv_vol_6_50_22_220=0.3573,rsv_vol_21_50_22_220=0,rsv_vol_28_50_22_220=0,rsv_vol_37_50_22_220=0.483474,rsv_vol_63_50_22_220=7.80866,rsv_vol_65_50_22_220=-16.6852,rsv_vol_67_50_22_220=2751.78,sddp_alpha_0_21=1000
o,21,1,sddp_ecut_0_21_70_29,1.97243e+08,,rsv_vol_1_50_21_210=0,rsv_vol_6_50_21_210=0.327868,rsv_vol_21_50_21_210=0,rsv_vol_28_50_21_210=0,rsv_vol_37_50_21_210=0.353737,rsv_vol_63_50_21_210=7.20799,rsv_vol_65_50_21_210=-16.6852,rsv_vol_67_50_21_210=1323.9,sddp_alpha_0_20=1000
o,20,1,sddp_ecut_0_20_70_30,2.24944e+08,,rsv_vol_1_50_20_200=0,rsv_vol_6_50_20_200=0.396313,rsv_vol_21_50_20_200=0,rsv_vol_28_50_20_200=0,rsv_vol_37_50_20_200=0.345962,rsv_vol_63_50_20_200=6.00666,rsv_vol_65_50_20_200=-50.0555,rsv_vol_67_50_20_200=1140.36,sddp_alpha_0_19=1000
o,19,1,sddp_ecut_0_19_70_31,1.9615e+08,,rsv_vol_1_50_19_190=0,rsv_vol_6_50_19_190=0.358616,rsv_vol_21_50_19_190=0,rsv_vol_28_50_19_190=0,rsv_vol_37_50_19_190=0.248175,rsv_vol_63_50_19_190=7.20799,rsv_vol_65_50_19_190=-50.0555,rsv_vol_67_50_19_190=392.776,sddp_alpha_0_18=1000
o,18,1,sddp_ecut_0_18_70_32,2.4088e+08,,rsv_vol_1_50_18_180=0,rsv_vol_6_50_18_180=0.402678,rsv_vol_21_50_18_180=0,rsv_vol_28_50_18_180=0,rsv_vol_37_50_18_180=0.414202,rsv_vol_63_50_18_180=7.26547,rsv_vol_65_50_18_180=-50.4547,rsv_vol_67_50_18_180=2041.26,sddp_alpha_0_17=1000
o,17,1,sddp_ecut_0_17_70_33,2.42099e+08,,rsv_vol_1_50_17_170=0,rsv_vol_6_50_17_170=0.412814,rsv_vol_21_50_17_170=0,rsv_vol_28_50_17_170=0,rsv_vol_37_50_17_170=0.503725,rsv_vol_63_50_17_170=7.26547,rsv_vol_65_50_17_170=-33.6364,rsv_vol_67_50_17_170=1572.26,sddp_alpha_0_16=1000
o,16,1,sddp_ecut_0_16_70_34,2.42624e+08,,rsv_vol_1_50_16_160=0,rsv_vol_6_50_16_160=0.418494,rsv_vol_21_50_16_160=0,rsv_vol_28_50_16_160=0,rsv_vol_37_50_16_160=0.488897,rsv_vol_63_50_16_160=6.66001,rsv_vol_65_50_16_160=0,rsv_vol_67_50_16_160=3249.37,sddp_alpha_0_15=1000
o,15,1,sddp_ecut_0_15_70_35,2.12073e+08,,rsv_vol_1_50_15_150=0,rsv_vol_6_50_15_150=0.375323,rsv_vol_21_50_15_150=0,rsv_vol_28_50_15_150=0,rsv_vol_37_50_15_150=0.336979,rsv_vol_63_50_15_150=4.23819,rsv_vol_65_50_15_150=-16.8182,rsv_vol_67_50_15_150=772.609,sddp_alpha_0_14=1000
o,14,1,sddp_ecut_0_14_70_36,2.51893e+08,,rsv_vol_1_50_14_140=0,rsv_vol_6_50_14_140=0.486347,rsv_vol_21_50_14_140=0,rsv_vol_28_50_14_140=0,rsv_vol_37_50_14_140=0.585543,rsv_vol_63_50_14_140=4.88227,rsv_vol_65_50_14_140=-16.9523,rsv_vol_67_50_14_140=5388.82,sddp_alpha_0_13=1000
o,13,1,sddp_ecut_0_13_70_37,2.17886e+08,,rsv_vol_1_50_13_130=0,rsv_vol_6_50_13_130=0.381142,rsv_vol_21_50_13_130=0,rsv_vol_28_50_13_130=0,rsv_vol_37_50_13_130=0.384669,rsv_vol_63_50_13_130=3.05443,rsv_vol_65_50_13_130=-16.9523,rsv_vol_67_50_13_130=1364.34,sddp_alpha_0_12=1000
o,12,1,sddp_ecut_0_12_70_38,2.49692e+08,,rsv_vol_1_50_12_120=0,rsv_vol_6_50_12_120=0.463542,rsv_vol_21_50_12_120=0,rsv_vol_28_50_12_120=0,rsv_vol_37_50_12_120=0.569366,rsv_vol_63_50_12_120=3.66341,rsv_vol_65_50_12_120=-33.9046,rsv_vol_67_50_12_120=4862.43,sddp_alpha_0_11=1000
o,11,1,sddp_ecut_0_11_70_39,2.19629e+08,,rsv_vol_1_50_11_110=0,rsv_vol_6_50_11_110=0.422289,rsv_vol_21_50_11_110=0,rsv_vol_28_50_11_110=0,rsv_vol_37_50_11_110=0.549519,rsv_vol_63_50_11_110=1.22057,rsv_vol_65_50_11_110=0,rsv_vol_67_50_11_110=1867.99,sddp_alpha_0_10=1000
o,10,1,sddp_ecut_0_10_70_40,2.60918e+08,,rsv_vol_1_50_10_100=0,rsv_vol_6_50_10_100=0.460434,rsv_vol_21_50_10_100=0,rsv_vol_28_50_10_100=0,rsv_vol_37_50_10_100=0.520056,rsv_vol_63_50_10_100=1.2303,rsv_vol_65_50_10_100=-34.175,rsv_vol_67_50_10_100=2725.03,sddp_alpha_0_9=1000
o,9,1,sddp_ecut_0_9_70_41,2.6257e+08,,rsv_vol_1_50_9_90=0,rsv_vol_6_50_9_90=0.471838,rsv_vol_21_50_9_90=0,rsv_vol_28_50_9_90=0,rsv_vol_37_50_9_90=0.533764,rsv_vol_63_50_9_90=0,rsv_vol_65_50_9_90=-17.0875,rsv_vol_67_50_9_90=2030.46,sddp_alpha_0_8=1000
o,8,1,sddp_ecut_0_8_70_42,2.63448e+08,,rsv_vol_1_50_8_80=0,rsv_vol_6_50_8_80=0.479546,rsv_vol_21_50_8_80=0,rsv_vol_28_50_8_80=0,rsv_vol_37_50_8_80=0.774691,rsv_vol_63_50_8_80=0.00579216,rsv_vol_65_50_8_80=-17.0875,rsv_vol_67_50_8_80=4295.42,sddp_alpha_0_7=1000
o,7,1,sddp_ecut_0_7_70_43,2.31658e+08,,rsv_vol_1_50_7_70=0,rsv_vol_6_50_7_70=0.434487,rsv_vol_21_50_7_70=0,rsv_vol_28_50_7_70=0,rsv_vol_37_50_7_70=0.680909,rsv_vol_63_50_7_70=0.00517157,rsv_vol_65_50_7_70=-17.0875,rsv_vol_67_50_7_70=3123.81,sddp_alpha_0_6=1000
o,6,1,sddp_ecut_0_6_70_44,2.81814e+08,,rsv_vol_1_50_6_60=0,rsv_vol_6_50_6_60=0.528607,rsv_vol_21_50_6_60=0,rsv_vol_28_50_6_60=0,rsv_vol_37_50_6_60=0.936707,rsv_vol_63_50_6_60=0.00756439,rsv_vol_65_50_6_60=0,rsv_vol_67_50_6_60=5943.57,sddp_alpha_0_5=1000
o,5,1,sddp_ecut_0_5_70_45,2.81885e+08,,rsv_vol_1_50_5_50=0,rsv_vol_6_50_5_50=0.554327,rsv_vol_21_50_5_50=0,rsv_vol_28_50_5_50=0,rsv_vol_37_50_5_50=0.73746,rsv_vol_63_50_5_50=0.00649041,rsv_vol_65_50_5_50=0,rsv_vol_67_50_5_50=4823.92,sddp_alpha_0_4=1000
o,4,1,sddp_ecut_0_4_70_46,2.83267e+08,,rsv_vol_1_50_4_40=0,rsv_vol_6_50_4_40=0.554263,rsv_vol_21_50_4_40=0,rsv_vol_28_50_4_40=0,rsv_vol_37_50_4_40=0.812836,rsv_vol_63_50_4_40=0,rsv_vol_65_50_4_40=0,rsv_vol_67_50_4_40=2573.44,sddp_alpha_0_3=1000
o,3,1,sddp_ecut_0_3_70_47,2.50811e+08,,rsv_vol_1_50_3_30=0,rsv_vol_6_50_3_30=0.545396,rsv_vol_21_50_3_30=0,rsv_vol_28_50_3_30=0,rsv_vol_37_50_3_30=0.744395,rsv_vol_63_50_3_30=0,rsv_vol_65_50_3_30=-34.4475,rsv_vol_67_50_3_30=2830.48,sddp_alpha_0_2=1000
o,2,1,sddp_ecut_0_2_70_48,2.25338e+08,,rsv_vol_1_50_2_20=0,rsv_vol_6_50_2_20=0.707866,rsv_vol_21_50_2_20=0,rsv_vol_28_50_2_20=0,rsv_vol_37_50_2_20=0.488828,rsv_vol_63_50_2_20=0,rsv_vol_65_50_2_20=-69.4444,rsv_vol_67_50_2_20=6213.54,sddp_alpha_0_1=1000
o,1,1,sddp_ecut_0_1_70_49,2.65508e+08,,rsv_vol_1_50_1_10=0,rsv_vol_6_50_1_10=0.843154,rsv_vol_21_50_1_10=0,rsv_vol_28_50_1_10=0,rsv_vol_37_50_1_10=0.507562,rsv_vol_63_50_1_10=0,rsv_vol_65_50_1_10=-17.3611,rsv_vol_67_50_1_10=9920.79,sddp_alpha_0_0=1000
o,50,1,sddp_ecut_0_50_71_0,7.4197e+08,,rsv_vol_1_50_50_500=0,rsv_vol_6_50_50_500=1.94792,rsv_vol_21_50_50_500=0,rsv_vol_28_50_50_500=0,rsv_vol_37_50_50_500=2.90475,rsv_vol_63_50_50_500=9343.02,rsv_vol_65_50_50_500=35009.8,rsv_vol_67_50_50_500=15127.2,sddp_alpha_0_49=1000
o,49,1,sddp_ecut_0_49_71_1,5.94245e+08,,rsv_vol_1_50_49_490=0,rsv_vol_6_50_49_490=-12.3816,rsv_vol_21_50_49_490=0,rsv_vol_28_50_49_490=0,rsv_vol_37_50_49_490=1.87958,rsv_vol_63_50_49_490=8418.64,rsv_vol_65_50_49_490=0,rsv_vol_67_50_49_490=14416.9,sddp_alpha_0_48=1000
o,48,1,sddp_ecut_0_48_71_2,6.5112e+08,,rsv_vol_1_50_48_480=0,rsv_vol_6_50_48_480=-26.4146,rsv_vol_21_50_48_480=0,rsv_vol_28_50_48_480=0,rsv_vol_37_50_48_480=2.43005,rsv_vol_63_50_48_480=7621.99,rsv_vol_65_50_48_480=0,rsv_vol_67_50_48_480=13639.3,sddp_alpha_0_47=1000
o,47,1,sddp_ecut_0_47_71_3,6.4186e+08,,rsv_vol_1_50_47_470=0,rsv_vol_6_50_47_470=-95.2668,rsv_vol_21_50_47_470=0,rsv_vol_28_50_47_470=0,rsv_vol_37_50_47_470=1.45394,rsv_vol_63_50_47_470=7678.17,rsv_vol_65_50_47_470=0,rsv_vol_67_50_47_470=9022.1,sddp_alpha_0_46=1000
o,46,1,sddp_ecut_0_46_71_4,6.21959e+08,,rsv_vol_1_50_46_460=0,rsv_vol_6_50_46_460=-123.55,rsv_vol_21_50_46_460=0,rsv_vol_28_50_46_460=0,rsv_vol_37_50_46_460=1.76338,rsv_vol_63_50_46_460=7622.2,rsv_vol_65_50_46_460=0,rsv_vol_67_50_46_460=6941.93,sddp_alpha_0_45=1000
o,45,1,sddp_ecut_0_45_71_5,6.87401e+08,,rsv_vol_1_50_45_450=0,rsv_vol_6_50_45_450=0.839902,rsv_vol_21_50_45_450=0,rsv_vol_28_50_45_450=0,rsv_vol_37_50_45_450=2.51234,rsv_vol_63_50_45_450=7123.3,rsv_vol_65_50_45_450=0,rsv_vol_67_50_45_450=11127.6,sddp_alpha_0_44=1000
o,44,1,sddp_ecut_0_44_71_6,6.90026e+08,,rsv_vol_1_50_44_440=0,rsv_vol_6_50_44_440=1.09349,rsv_vol_21_50_44_440=0,rsv_vol_28_50_44_440=0,rsv_vol_37_50_44_440=2.27898,rsv_vol_63_50_44_440=7545.16,rsv_vol_65_50_44_440=-28.0204,rsv_vol_67_50_44_440=10508.2,sddp_alpha_0_43=1000
o,43,1,sddp_ecut_0_43_71_7,7.71882e+08,,rsv_vol_1_50_43_430=0,rsv_vol_6_50_43_430=1.45338,rsv_vol_21_50_43_430=0,rsv_vol_28_50_43_430=0,rsv_vol_37_50_43_430=2.45561,rsv_vol_63_50_43_430=6525.85,rsv_vol_65_50_43_430=-28.2438,rsv_vol_67_50_43_430=12635.8,sddp_alpha_0_42=1000
o,42,1,sddp_ecut_0_42_71_8,8.26884e+08,,rsv_vol_1_50_42_420=0,rsv_vol_6_50_42_420=2.01369,rsv_vol_21_50_42_420=0,rsv_vol_28_50_42_420=0,rsv_vol_37_50_42_420=3.00551,rsv_vol_63_50_42_420=8883.06,rsv_vol_65_50_42_420=-14.2345,rsv_vol_67_50_42_420=14733.5,sddp_alpha_0_41=1000
o,41,1,sddp_ecut_0_41_71_9,8.32332e+08,,rsv_vol_1_50_41_410=0,rsv_vol_6_50_41_410=1.89132,rsv_vol_21_50_41_410=0,rsv_vol_28_50_41_410=0,rsv_vol_37_50_41_410=2.95122,rsv_vol_63_50_41_410=6677.09,rsv_vol_65_50_41_410=4962.15,rsv_vol_67_50_41_410=11700.4,sddp_alpha_0_40=1000
o,40,1,sddp_ecut_0_40_71_10,8.47719e+08,,rsv_vol_1_50_40_400=0,rsv_vol_6_50_40_400=2.03587,rsv_vol_21_50_40_400=0,rsv_vol_28_50_40_400=0,rsv_vol_37_50_40_400=4.35808,rsv_vol_63_50_40_400=8532.25,rsv_vol_65_50_40_400=4695.37,rsv_vol_67_50_40_400=14517.1,sddp_alpha_0_39=1000
o,39,1,sddp_ecut_0_39_71_11,7.73673e+08,,rsv_vol_1_50_39_390=0,rsv_vol_6_50_39_390=1.80547,rsv_vol_21_50_39_390=0,rsv_vol_28_50_39_390=0,rsv_vol_37_50_39_390=3.81567,rsv_vol_63_50_39_390=8647.2,rsv_vol_65_50_39_390=4663.56,rsv_vol_67_50_39_390=15042.9,sddp_alpha_0_38=1000
o,38,1,sddp_ecut_0_38_71_12,7.79346e+08,,rsv_vol_1_50_38_380=0,rsv_vol_6_50_38_380=-12.7532,rsv_vol_21_50_38_380=0,rsv_vol_28_50_38_380=0,rsv_vol_37_50_38_380=2.83015,rsv_vol_63_50_38_380=9549.15,rsv_vol_65_50_38_380=12661.7,rsv_vol_67_50_38_380=-235.104,sddp_alpha_0_37=1000
o,37,1,sddp_ecut_0_37_71_13,6.45813e+08,,rsv_vol_1_50_37_370=0,rsv_vol_6_50_37_370=-13.6252,rsv_vol_21_50_37_370=0,rsv_vol_28_50_37_370=0,rsv_vol_37_50_37_370=2.23528,rsv_vol_63_50_37_370=9443.88,rsv_vol_65_50_37_370=0,rsv_vol_67_50_37_370=15930,sddp_alpha_0_36=1000
o,36,1,sddp_ecut_0_36_71_14,7.0939e+08,,rsv_vol_1_50_36_360=0,rsv_vol_6_50_36_360=-29.2047,rsv_vol_21_50_36_360=0,rsv_vol_28_50_36_360=0,rsv_vol_37_50_36_360=2.77566,rsv_vol_63_50_36_360=9090.91,rsv_vol_65_50_36_360=0,rsv_vol_67_50_36_360=15229.1,sddp_alpha_0_35=1000
o,35,1,sddp_ecut_0_35_71_15,7.38236e+08,,rsv_vol_1_50_35_350=0,rsv_vol_6_50_35_350=-105.102,rsv_vol_21_50_35_350=0,rsv_vol_28_50_35_350=0,rsv_vol_37_50_35_350=0.693072,rsv_vol_63_50_35_350=8573.34,rsv_vol_65_50_35_350=0,rsv_vol_67_50_35_350=3253.05,sddp_alpha_0_34=1000
o,34,1,sddp_ecut_0_34_71_16,7.15841e+08,,rsv_vol_1_50_34_340=0,rsv_vol_6_50_34_340=-29.8209,rsv_vol_21_50_34_340=0,rsv_vol_28_50_34_340=0,rsv_vol_37_50_34_340=1.1029,rsv_vol_63_50_34_340=9189.82,rsv_vol_65_50_34_340=0,rsv_vol_67_50_34_340=1639.13,sddp_alpha_0_33=1000
o,33,1,sddp_ecut_0_33_71_17,7.85711e+08,,rsv_vol_1_50_33_330=0,rsv_vol_6_50_33_330=1.41522,rsv_vol_21_50_33_330=0,rsv_vol_28_50_33_330=0,rsv_vol_37_50_33_330=2.15555,rsv_vol_63_50_33_330=7432.22,rsv_vol_65_50_33_330=0,rsv_vol_67_50_33_330=7990.96,sddp_alpha_0_32=1000
o,32,1,sddp_ecut_0_32_71_18,7.86227e+08,,rsv_vol_1_50_32_320=0,rsv_vol_6_50_32_320=1.50884,rsv_vol_21_50_32_320=0,rsv_vol_28_50_32_320=0,rsv_vol_37_50_32_320=1.93903,rsv_vol_63_50_32_320=4402.97,rsv_vol_65_50_32_320=0,rsv_vol_67_50_32_320=8573.67,sddp_alpha_0_31=1000
o,31,1,sddp_ecut_0_31_71_19,8.80882e+08,,rsv_vol_1_50_31_310=0,rsv_vol_6_50_31_310=1.86777,rsv_vol_21_50_31_310=0,rsv_vol_28_50_31_310=0,rsv_vol_37_50_31_310=2.48662,rsv_vol_63_50_31_310=1807.29,rsv_vol_65_50_31_310=-15.5341,rsv_vol_67_50_31_310=12724.6,sddp_alpha_0_30=1000
o,30,1,sddp_ecut_0_30_71_20,9.50338e+08,,rsv_vol_1_50_30_300=0,rsv_vol_6_50_30_300=2.42933,rsv_vol_21_50_30_300=0,rsv_vol_28_50_30_300=0,rsv_vol_37_50_30_300=3.57529,rsv_vol_63_50_30_300=8717.49,rsv_vol_65_50_30_300=-31.3159,rsv_vol_67_50_30_300=16476.2,sddp_alpha_0_29=1000
o,29,1,sddp_ecut_0_29_71_21,9.75418e+08,,rsv_vol_1_50_29_290=0,rsv_vol_6_50_29_290=3.07721,rsv_vol_21_50_29_290=0,rsv_vol_28_50_29_290=0,rsv_vol_37_50_29_290=2.22383,rsv_vol_63_50_29_290=8648.77,rsv_vol_65_50_29_290=15585.7,rsv_vol_67_50_29_290=3619.72,sddp_alpha_0_28=1000
o,28,1,sddp_ecut_0_28_71_22,1.03339e+09,,rsv_vol_1_50_28_280=0,rsv_vol_6_50_28_280=3.41761,rsv_vol_21_50_28_280=0,rsv_vol_28_50_28_280=0,rsv_vol_37_50_28_280=6.63199,rsv_vol_63_50_28_280=10199,rsv_vol_65_50_28_280=23688.4,rsv_vol_67_50_28_280=1852.15,sddp_alpha_0_27=1000
o,27,1,sddp_ecut_0_27_71_23,9.23448e+08,,rsv_vol_1_50_27_270=0,rsv_vol_6_50_27_270=-30.9372,rsv_vol_21_50_27_270=0,rsv_vol_28_50_27_270=0,rsv_vol_37_50_27_270=1.23183,rsv_vol_63_50_27_270=9289.17,rsv_vol_65_50_27_270=4392.88,rsv_vol_67_50_27_270=-256.569,sddp_alpha_0_26=1000
o,26,1,sddp_ecut_0_26_71_24,9.38607e+08,,rsv_vol_1_50_26_260=0,rsv_vol_6_50_26_260=-47.1974,rsv_vol_21_50_26_260=0,rsv_vol_28_50_26_260=0,rsv_vol_37_50_26_260=5.18722,rsv_vol_63_50_26_260=10361.7,rsv_vol_65_50_26_260=0,rsv_vol_67_50_26_260=17207.8,sddp_alpha_0_25=1000
o,25,1,sddp_ecut_0_25_71_25,8.2928e+08,,rsv_vol_1_50_25_250=0,rsv_vol_6_50_25_250=-63.968,rsv_vol_21_50_25_250=0,rsv_vol_28_50_25_250=0,rsv_vol_37_50_25_250=4.78176,rsv_vol_63_50_25_250=11019,rsv_vol_65_50_25_250=0,rsv_vol_67_50_25_250=18631.8,sddp_alpha_0_24=1000
o,24,1,sddp_ecut_0_24_71_26,9.00769e+08,,rsv_vol_1_50_24_240=0,rsv_vol_6_50_24_240=-146.75,rsv_vol_21_50_24_240=0,rsv_vol_28_50_24_240=0,rsv_vol_37_50_24_240=3.85428,rsv_vol_63_50_24_240=10337,rsv_vol_65_50_24_240=0,rsv_vol_67_50_24_240=17158.7,sddp_alpha_0_23=1000
o,23,1,sddp_ecut_0_23_71_27,8.7139e+08,,rsv_vol_1_50_23_230=0,rsv_vol_6_50_23_230=-115.323,rsv_vol_21_50_23_230=0,rsv_vol_28_50_23_230=0,rsv_vol_37_50_23_230=1.29822,rsv_vol_63_50_23_230=8882.42,rsv_vol_65_50_23_230=0,rsv_vol_67_50_23_230=6594.82,sddp_alpha_0_22=1000
o,22,1,sddp_ecut_0_22_71_28,2.25306e+08,,rsv_vol_1_50_22_220=0,rsv_vol_6_50_22_220=0.3573,rsv_vol_21_50_22_220=0,rsv_vol_28_50_22_220=0,rsv_vol_37_50_22_220=0.483474,rsv_vol_63_50_22_220=7.80866,rsv_vol_65_50_22_220=-16.6852,rsv_vol_67_50_22_220=2751.78,sddp_alpha_0_21=1000
o,21,1,sddp_ecut_0_21_71_29,1.97243e+08,,rsv_vol_1_50_21_210=0,rsv_vol_6_50_21_210=0.327868,rsv_vol_21_50_21_210=0,rsv_vol_28_50_21_210=0,rsv_vol_37_50_21_210=0.353737,rsv_vol_63_50_21_210=7.20799,rsv_vol_65_50_21_210=-16.6852,rsv_vol_67_50_21_210=1323.9,sddp_alpha_0_20=1000
o,20,1,sddp_ecut_0_20_71_30,2.24944e+08,,rsv_vol_1_50_20_200=0,rsv_vol_6_50_20_200=0.396313,rsv_vol_21_50_20_200=0,rsv_vol_28_50_20_200=0,rsv_vol_37_50_20_200=0.345962,rsv_vol_63_50_20_200=6.00666,rsv_vol_65_50_20_200=-50.0555,rsv_vol_67_50_20_200=1140.36,sddp_alpha_0_19=1000
o,19,1,sddp_ecut_0_19_71_31,1.9615e+08,,rsv_vol_1_50_19_190=0,rsv_vol_6_50_19_190=0.358616,rsv_vol_21_50_19_190=0,rsv_vol_28_50_19_190=0,rsv_vol_37_50_19_190=0.248175,rsv_vol_63_50_19_190=7.20799,rsv_vol_65_50_19_190=-50.0555,rsv_vol_67_50_19_190=392.776,sddp_alpha_0_18=1000
o,18,1,sddp_ecut_0_18_71_32,2.4088e+08,,rsv_vol_1_50_18_180=0,rsv_vol_6_50_18_180=0.402678,rsv_vol_21_50_18_180=0,rsv_vol_28_50_18_180=0,rsv_vol_37_50_18_180=0.414202,rsv_vol_63_50_18_180=7.26547,rsv_vol_65_50_18_180=-50.4547,rsv_vol_67_50_18_180=2041.26,sddp_alpha_0_17=1000
o,17,1,sddp_ecut_0_17_71_33,2.42099e+08,,rsv_vol_1_50_17_170=0,rsv_vol_6_50_17_170=0.412814,rsv_vol_21_50_17_170=0,rsv_vol_28_50_17_170=0,rsv_vol_37_50_17_170=0.503725,rsv_vol_63_50_17_170=7.26547,rsv_vol_65_50_17_170=-33.6364,rsv_vol_67_50_17_170=1572.26,sddp_alpha_0_16=1000
o,16,1,sddp_ecut_0_16_71_34,2.42624e+08,,rsv_vol_1_50_16_160=0,rsv_vol_6_50_16_160=0.418494,rsv_vol_21_50_16_160=0,rsv_vol_28_50_16_160=0,rsv_vol_37_50_16_160=0.488897,rsv_vol_63_50_16_160=6.66001,rsv_vol_65_50_16_160=0,rsv_vol_67_50_16_160=3249.37,sddp_alpha_0_15=1000
o,15,1,sddp_ecut_0_15_71_35,2.12073e+08,,rsv_vol_1_50_15_150=0,rsv_vol_6_50_15_150=0.375323,rsv_vol_21_50_15_150=0,rsv_vol_28_50_15_150=0,rsv_vol_37_50_15_150=0.336979,rsv_vol_63_50_15_150=4.23819,rsv_vol_65_50_15_150=-16.8182,rsv_vol_67_50_15_150=772.609,sddp_alpha_0_14=1000
o,14,1,sddp_ecut_0_14_71_36,2.51893e+08,,rsv_vol_1_50_14_140=0,rsv_vol_6_50_14_140=0.486347,rsv_vol_21_50_14_140=0,rsv_vol_28_50_14_140=0,rsv_vol_37_50_14_140=0.585543,rsv_vol_63_50_14_140=4.88227,rsv_vol_65_50_14_140=-16.9523,rsv_vol_67_50_14_140=5388.82,sddp_alpha_0_13=1000
o,13,1,sddp_ecut_0_13_71_37,2.17886e+08,,rsv_vol_1_50_13_130=0,rsv_vol_6_50_13_130=0.381142,rsv_vol_21_50_13_130=0,rsv_vol_28_50_13_130=0,rsv_vol_37_50_13_130=0.384669,rsv_vol_63_50_13_130=3.0545,rsv_vol_65_50_13_130=-16.9523,rsv_vol_67_50_13_130=1364.34,sddp_alpha_0_12=1000
o,12,1,sddp_ecut_0_12_71_38,2.49692e+08,,rsv_vol_1_50_12_120=0,rsv_vol_6_50_12_120=0.463542,rsv_vol_21_50_12_120=0,rsv_vol_28_50_12_120=0,rsv_vol_37_50_12_120=0.569366,rsv_vol_63_50_12_120=3.66341,rsv_vol_65_50_12_120=-33.9046,rsv_vol_67_50_12_120=4862.43,sddp_alpha_0_11=1000
o,11,1,sddp_ecut_0_11_71_39,2.19629e+08,,rsv_vol_1_50_11_110=0,rsv_vol_6_50_11_110=0.422289,rsv_vol_21_50_11_110=0,rsv_vol_28_50_11_110=0,rsv_vol_37_50_11_110=0.549519,rsv_vol_63_50_11_110=1.22057,rsv_vol_65_50_11_110=0,rsv_vol_67_50_11_110=1867.99,sddp_alpha_0_10=1000
o,10,1,sddp_ecut_0_10_71_40,2.60918e+08,,rsv_vol_1_50_10_100=0,rsv_vol_6_50_10_100=0.460434,rsv_vol_21_50_10_100=0,rsv_vol_28_50_10_100=0,rsv_vol_37_50_10_100=0.520056,rsv_vol_63_50_10_100=1.2303,rsv_vol_65_50_10_100=-34.175,rsv_vol_67_50_10_100=2725.03,sddp_alpha_0_9=1000
o,9,1,sddp_ecut_0_9_71_41,2.6257e+08,,rsv_vol_1_50_9_90=0,rsv_vol_6_50_9_90=0.471838,rsv_vol_21_50_9_90=0,rsv_vol_28_50_9_90=0,rsv_vol_37_50_9_90=0.533764,rsv_vol_63_50_9_90=0,rsv_vol_65_50_9_90=-17.0875,rsv_vol_67_50_9_90=2030.46,sddp_alpha_0_8=1000
o,8,1,sddp_ecut_0_8_71_42,2.63448e+08,,rsv_vol_1_50_8_80=0,rsv_vol_6_50_8_80=0.479546,rsv_vol_21_50_8_80=0,rsv_vol_28_50_8_80=0,rsv_vol_37_50_8_80=0.774691,rsv_vol_63_50_8_80=0.00579216,rsv_vol_65_50_8_80=-17.0875,rsv_vol_67_50_8_80=4295.42,sddp_alpha_0_7=1000
o,7,1,sddp_ecut_0_7_71_43,2.31658e+08,,rsv_vol_1_50_7_70=0,rsv_vol_6_50_7_70=0.434487,rsv_vol_21_50_7_70=0,rsv_vol_28_50_7_70=0,rsv_vol_37_50_7_70=0.680909,rsv_vol_63_50_7_70=0.00517157,rsv_vol_65_50_7_70=-17.0875,rsv_vol_67_50_7_70=3123.81,sddp_alpha_0_6=1000
o,6,1,sddp_ecut_0_6_71_44,2.81814e+08,,rsv_vol_1_50_6_60=0,rsv_vol_6_50_6_60=0.528607,rsv_vol_21_50_6_60=0,rsv_vol_28_50_6_60=0,rsv_vol_37_50_6_60=0.936707,rsv_vol_63_50_6_60=0.00756439,rsv_vol_65_50_6_60=0,rsv_vol_67_50_6_60=5943.57,sddp_alpha_0_5=1000
o,5,1,sddp_ecut_0_5_71_45,2.81885e+08,,rsv_vol_1_50_5_50=0,rsv_vol_6_50_5_50=0.554327,rsv_vol_21_50_5_50=0,rsv_vol_28_50_5_50=0,rsv_vol_37_50_5_50=0.73746,rsv_vol_63_50_5_50=0.00649041,rsv_vol_65_50_5_50=0,rsv_vol_67_50_5_50=4823.92,sddp_alpha_0_4=1000
o,4,1,sddp_ecut_0_4_71_46,2.83267e+08,,rsv_vol_1_50_4_40=0,rsv_vol_6_50_4_40=0.554263,rsv_vol_21_50_4_40=0,rsv_vol_28_50_4_40=0,rsv_vol_37_50_4_40=0.812836,rsv_vol_63_50_4_40=0,rsv_vol_65_50_4_40=0,rsv_vol_67_50_4_40=2573.44,sddp_alpha_0_3=1000
o,3,1,sddp_ecut_0_3_71_47,2.50811e+08,,rsv_vol_1_50_3_30=0,rsv_vol_6_50_3_30=0.545396,rsv_vol_21_50_3_30=0,rsv_vol_28_50_3_30=0,rsv_vol_37_50_3_30=0.744395,rsv_vol_63_50_3_30=0,rsv_vol_65_50_3_30=-34.4475,rsv_vol_67_50_3_30=2830.48,sddp_alpha_0_2=1000
o,2,1,sddp_ecut_0_2_71_48,2.25338e+08,,rsv_vol_1_50_2_20=0,rsv_vol_6_50_2_20=0.707866,rsv_vol_21_50_2_20=0,rsv_vol_28_50_2_20=0,rsv_vol_37_50_2_20=0.488828,rsv_vol_63_50_2_20=0,rsv_vol_65_50_2_20=-69.4444,rsv_vol_67_50_2_20=6213.54,sddp_alpha_0_1=1000
o,1,1,sddp_ecut_0_1_71_49,2.65508e+08,,rsv_vol_1_50_1_10=0,rsv_vol_6_50_1_10=0.843154,rsv_vol_21_50_1_10=0,rsv_vol_28_50_1_10=0,rsv_vol_37_50_1_10=0.507562,rsv_vol_63_50_1_10=0,rsv_vol_65_50_1_10=-17.3611,rsv_vol_67_50_1_10=9920.79,sddp_alpha_0_0=1000
o,50,1,sddp_ecut_0_50_72_0,7.4197e+08,,rsv_vol_1_50_50_500=0,rsv_vol_6_50_50_500=1.94792,rsv_vol_21_50_50_500=0,rsv_vol_28_50_50_500=0,rsv_vol_37_50_50_500=2.90475,rsv_vol_63_50_50_500=9343.02,rsv_vol_65_50_50_500=35009.8,rsv_vol_67_50_50_500=15127.2,sddp_alpha_0_49=1000
o,49,1,sddp_ecut_0_49_72_1,5.94245e+08,,rsv_vol_1_50_49_490=0,rsv_vol_6_50_49_490=-12.3816,rsv_vol_21_50_49_490=0,rsv_vol_28_50_49_490=0,rsv_vol_37_50_49_490=1.87958,rsv_vol_63_50_49_490=8418.64,rsv_vol_65_50_49_490=0,rsv_vol_67_50_49_490=14416.9,sddp_alpha_0_48=1000
o,48,1,sddp_ecut_0_48_72_2,6.5112e+08,,rsv_vol_1_50_48_480=0,rsv_vol_6_50_48_480=-26.4146,rsv_vol_21_50_48_480=0,rsv_vol_28_50_48_480=0,rsv_vol_37_50_48_480=2.43005,rsv_vol_63_50_48_480=7621.99,rsv_vol_65_50_48_480=0,rsv_vol_67_50_48_480=13639.3,sddp_alpha_0_47=1000
o,47,1,sddp_ecut_0_47_72_3,6.4186e+08,,rsv_vol_1_50_47_470=0,rsv_vol_6_50_47_470=-95.2668,rsv_vol_21_50_47_470=0,rsv_vol_28_50_47_470=0,rsv_vol_37_50_47_470=1.45394,rsv_vol_63_50_47_470=7678.17,rsv_vol_65_50_47_470=0,rsv_vol_67_50_47_470=9022.1,sddp_alpha_0_46=1000
o,46,1,sddp_ecut_0_46_72_4,6.21959e+08,,rsv_vol_1_50_46_460=0,rsv_vol_6_50_46_460=-123.55,rsv_vol_21_50_46_460=0,rsv_vol_28_50_46_460=0,rsv_vol_37_50_46_460=1.76338,rsv_vol_63_50_46_460=7622.2,rsv_vol_65_50_46_460=0,rsv_vol_67_50_46_460=6941.93,sddp_alpha_0_45=1000
o,45,1,sddp_ecut_0_45_72_5,6.87401e+08,,rsv_vol_1_50_45_450=0,rsv_vol_6_50_45_450=0.839902,rsv_vol_21_50_45_450=0,rsv_vol_28_50_45_450=0,rsv_vol_37_50_45_450=2.51234,rsv_vol_63_50_45_450=7123.3,rsv_vol_65_50_45_450=0,rsv_vol_67_50_45_450=11127.6,sddp_alpha_0_44=1000
o,44,1,sddp_ecut_0_44_72_6,6.90026e+08,,rsv_vol_1_50_44_440=0,rsv_vol_6_50_44_440=1.09349,rsv_vol_21_50_44_440=0,rsv_vol_28_50_44_440=0,rsv_vol_37_50_44_440=2.27898,rsv_vol_63_50_44_440=7545.16,rsv_vol_65_50_44_440=-28.0204,rsv_vol_67_50_44_440=10508.2,sddp_alpha_0_43=1000
o,43,1,sddp_ecut_0_43_72_7,7.71882e+08,,rsv_vol_1_50_43_430=0,rsv_vol_6_50_43_430=1.45338,rsv_vol_21_50_43_430=0,rsv_vol_28_50_43_430=0,rsv_vol_37_50_43_430=2.45561,rsv_vol_63_50_43_430=6525.85,rsv_vol_65_50_43_430=-28.2438,rsv_vol_67_50_43_430=12635.8,sddp_alpha_0_42=1000
o,42,1,sddp_ecut_0_42_72_8,8.26884e+08,,rsv_vol_1_50_42_420=0,rsv_vol_6_50_42_420=2.01369,rsv_vol_21_50_42_420=0,rsv_vol_28_50_42_420=0,rsv_vol_37_50_42_420=3.00551,rsv_vol_63_50_42_420=8883.06,rsv_vol_65_50_42_420=-14.2345,rsv_vol_67_50_42_420=14733.5,sddp_alpha_0_41=1000
o,41,1,sddp_ecut_0_41_72_9,8.32332e+08,,rsv_vol_1_50_41_410=0,rsv_vol_6_50_41_410=1.89132,rsv_vol_21_50_41_410=0,rsv_vol_28_50_41_410=0,rsv_vol_37_50_41_410=2.95122,rsv_vol_63_50_41_410=6677.09,rsv_vol_65_50_41_410=4962.15,rsv_vol_67_50_41_410=11700.4,sddp_alpha_0_40=1000
o,40,1,sddp_ecut_0_40_72_10,8.47719e+08,,rsv_vol_1_50_40_400=0,rsv_vol_6_50_40_400=2.03587,rsv_vol_21_50_40_400=0,rsv_vol_28_50_40_400=0,rsv_vol_37_50_40_400=4.35808,rsv_vol_63_50_40_400=8532.25,rsv_vol_65_50_40_400=4695.37,rsv_vol_67_50_40_400=14517.1,sddp_alpha_0_39=1000
o,39,1,sddp_ecut_0_39_72_11,7.73673e+08,,rsv_vol_1_50_39_390=0,rsv_vol_6_50_39_390=1.80547,rsv_vol_21_50_39_390=0,rsv_vol_28_50_39_390=0,rsv_vol_37_50_39_390=3.81567,rsv_vol_63_50_39_390=8647.2,rsv_vol_65_50_39_390=4663.56,rsv_vol_67_50_39_390=15042.9,sddp_alpha_0_38=1000
o,38,1,sddp_ecut_0_38_72_12,7.79346e+08,,rsv_vol_1_50_38_380=0,rsv_vol_6_50_38_380=-12.7532,rsv_vol_21_50_38_380=0,rsv_vol_28_50_38_380=0,rsv_vol_37_50_38_380=2.83015,rsv_vol_63_50_38_380=9549.15,rsv_vol_65_50_38_380=12661.7,rsv_vol_67_50_38_380=-235.104,sddp_alpha_0_37=1000
o,37,1,sddp_ecut_0_37_72_13,6.45813e+08,,rsv_vol_1_50_37_370=0,rsv_vol_6_50_37_370=-13.6252,rsv_vol_21_50_37_370=0,rsv_vol_28_50_37_370=0,rsv_vol_37_50_37_370=2.23528,rsv_vol_63_50_37_370=9443.88,rsv_vol_65_50_37_370=0,rsv_vol_67_50_37_370=15930,sddp_alpha_0_36=1000
o,36,1,sddp_ecut_0_36_72_14,7.0939e+08,,rsv_vol_1_50_36_360=0,rsv_vol_6_50_36_360=-29.2047,rsv_vol_21_50_36_360=0,rsv_vol_28_50_36_360=0,rsv_vol_37_50_36_360=2.77566,rsv_vol_63_50_36_360=9090.91,rsv_vol_65_50_36_360=0,rsv_vol_67_50_36_360=15229.1,sddp_alpha_0_35=1000
o,35,1,sddp_ecut_0_35_72_15,7.38236e+08,,rsv_vol_1_50_35_350=0,rsv_vol_6_50_35_350=-105.102,rsv_vol_21_50_35_350=0,rsv_vol_28_50_35_350=0,rsv_vol_37_50_35_350=0.693072,rsv_vol_63_50_35_350=8573.34,rsv_vol_65_50_35_350=0,rsv_vol_67_50_35_350=3253.05,sddp_alpha_0_34=1000
o,34,1,sddp_ecut_0_34_72_16,7.15841e+08,,rsv_vol_1_50_34_340=0,rsv_vol_6_50_34_340=-29.8209,rsv_vol_21_50_34_340=0,rsv_vol_28_50_34_340=0,rsv_vol_37_50_34_340=1.1029,rsv_vol_63_50_34_340=9189.82,rsv_vol_65_50_34_340=0,rsv_vol_67_50_34_340=1639.13,sddp_alpha_0_33=1000
o,33,1,sddp_ecut_0_33_72_17,7.85711e+08,,rsv_vol_1_50_33_330=0,rsv_vol_6_50_33_330=1.41522,rsv_vol_21_50_33_330=0,rsv_vol_28_50_33_330=0,rsv_vol_37_50_33_330=2.15555,rsv_vol_63_50_33_330=7432.22,rsv_vol_65_50_33_330=0,rsv_vol_67_50_33_330=7990.96,sddp_alpha_0_32=1000
o,32,1,sddp_ecut_0_32_72_18,7.86227e+08,,rsv_vol_1_50_32_320=0,rsv_vol_6_50_32_320=1.50884,rsv_vol_21_50_32_320=0,rsv_vol_28_50_32_320=0,rsv_vol_37_50_32_320=1.93903,rsv_vol_63_50_32_320=4402.97,rsv_vol_65_50_32_320=0,rsv_vol_67_50_32_320=8573.67,sddp_alpha_0_31=1000
o,31,1,sddp_ecut_0_31_72_19,8.80882e+08,,rsv_vol_1_50_31_310=0,rsv_vol_6_50_31_310=1.86777,rsv_vol_21_50_31_310=0,rsv_vol_28_50_31_310=0,rsv_vol_37_50_31_310=2.48662,rsv_vol_63_50_31_310=1807.29,rsv_vol_65_50_31_310=-15.5341,rsv_vol_67_50_31_310=12724.6,sddp_alpha_0_30=1000
o,30,1,sddp_ecut_0_30_72_20,9.50338e+08,,rsv_vol_1_50_30_300=0,rsv_vol_6_50_30_300=2.42933,rsv_vol_21_50_30_300=0,rsv_vol_28_50_30_300=0,rsv_vol_37_50_30_300=3.57529,rsv_vol_63_50_30_300=8717.49,rsv_vol_65_50_30_300=-31.3159,rsv_vol_67_50_30_300=16476.2,sddp_alpha_0_29=1000
o,29,1,sddp_ecut_0_29_72_21,9.75418e+08,,rsv_vol_1_50_29_290=0,rsv_vol_6_50_29_290=3.07721,rsv_vol_21_50_29_290=0,rsv_vol_28_50_29_290=0,rsv_vol_37_50_29_290=2.22383,rsv_vol_63_50_29_290=8648.77,rsv_vol_65_50_29_290=15585.7,rsv_vol_67_50_29_290=3619.72,sddp_alpha_0_28=1000
o,28,1,sddp_ecut_0_28_72_22,1.03339e+09,,rsv_vol_1_50_28_280=0,rsv_vol_6_50_28_280=3.41761,rsv_vol_21_50_28_280=0,rsv_vol_28_50_28_280=0,rsv_vol_37_50_28_280=6.63199,rsv_vol_63_50_28_280=10199,rsv_vol_65_50_28_280=23688.4,rsv_vol_67_50_28_280=1852.15,sddp_alpha_0_27=1000
o,27,1,sddp_ecut_0_27_72_23,9.23448e+08,,rsv_vol_1_50_27_270=0,rsv_vol_6_50_27_270=-30.9372,rsv_vol_21_50_27_270=0,rsv_vol_28_50_27_270=0,rsv_vol_37_50_27_270=1.23183,rsv_vol_63_50_27_270=9289.17,rsv_vol_65_50_27_270=4392.88,rsv_vol_67_50_27_270=-256.569,sddp_alpha_0_26=1000
o,26,1,sddp_ecut_0_26_72_24,9.38607e+08,,rsv_vol_1_50_26_260=0,rsv_vol_6_50_26_260=-47.1974,rsv_vol_21_50_26_260=0,rsv_vol_28_50_26_260=0,rsv_vol_37_50_26_260=5.18722,rsv_vol_63_50_26_260=10361.7,rsv_vol_65_50_26_260=0,rsv_vol_67_50_26_260=17207.8,sddp_alpha_0_25=1000
o,25,1,sddp_ecut_0_25_72_25,8.2928e+08,,rsv_vol_1_50_25_250=0,rsv_vol_6_50_25_250=-63.968,rsv_vol_21_50_25_250=0,rsv_vol_28_50_25_250=0,rsv_vol_37_50_25_250=4.78176,rsv_vol_63_50_25_250=11019,rsv_vol_65_50_25_250=0,rsv_vol_67_50_25_250=18631.8,sddp_alpha_0_24=1000
o,24,1,sddp_ecut_0_24_72_26,9.00769e+08,,rsv_vol_1_50_24_240=0,rsv_vol_6_50_24_240=-146.75,rsv_vol_21_50_24_240=0,rsv_vol_28_50_24_240=0,rsv_vol_37_50_24_240=3.85428,rsv_vol_63_50_24_240=10337,rsv_vol_65_50_24_240=0,rsv_vol_67_50_24_240=17158.7,sddp_alpha_0_23=1000
o,23,1,sddp_ecut_0_23_72_27,8.7139e+08,,rsv_vol_1_50_23_230=0,rsv_vol_6_50_23_230=-115.323,rsv_vol_21_50_23_230=0,rsv_vol_28_50_23_230=0,rsv_vol_37_50_23_230=1.29822,rsv_vol_63_50_23_230=8882.42,rsv_vol_65_50_23_230=0,rsv_vol_67_50_23_230=6594.82,sddp_alpha_0_22=1000
o,22,1,sddp_ecut_0_22_72_28,2.25306e+08,,rsv_vol_1_50_22_220=0,rsv_vol_6_50_22_220=0.3573,rsv_vol_21_50_22_220=0,rsv_vol_28_50_22_220=0,rsv_vol_37_50_22_220=0.483474,rsv_vol_63_50_22_220=7.80866,rsv_vol_65_50_22_220=-16.6852,rsv_vol_67_50_22_220=2751.78,sddp_alpha_0_21=1000
o,21,1,sddp_ecut_0_21_72_29,1.97243e+08,,rsv_vol_1_50_21_210=0,rsv_vol_6_50_21_210=0.327868,rsv_vol_21_50_21_210=0,rsv_vol_28_50_21_210=0,rsv_vol_37_50_21_210=0.353737,rsv_vol_63_50_21_210=7.20799,rsv_vol_65_50_21_210=-16.6852,rsv_vol_67_50_21_210=1323.9,sddp_alpha_0_20=1000
o,20,1,sddp_ecut_0_20_72_30,2.24944e+08,,rsv_vol_1_50_20_200=0,rsv_vol_6_50_20_200=0.396313,rsv_vol_21_50_20_200=0,rsv_vol_28_50_20_200=0,rsv_vol_37_50_20_200=0.345962,rsv_vol_63_50_20_200=6.00666,rsv_vol_65_50_20_200=-50.0555,rsv_vol_67_50_20_200=1140.36,sddp_alpha_0_19=1000
o,19,1,sddp_ecut_0_19_72_31,1.9615e+08,,rsv_vol_1_50_19_190=0,rsv_vol_6_50_19_190=0.358616,rsv_vol_21_50_19_190=0,rsv_vol_28_50_19_190=0,rsv_vol_37_50_19_190=0.248175,rsv_vol_63_50_19_190=7.20799,rsv_vol_65_50_19_190=-50.0555,rsv_vol_67_50_19_190=392.776,sddp_alpha_0_18=1000
o,18,1,sddp_ecut_0_18_72_32,2.4088e+08,,rsv_vol_1_50_18_180=0,rsv_vol_6_50_18_180=0.402678,rsv_vol_21_50_18_180=0,rsv_vol_28_50_18_180=0,rsv_vol_37_50_18_180=0.414202,rsv_vol_63_50_18_180=7.26547,rsv_vol_65_50_18_180=-50.4547,rsv_vol_67_50_18_180=2041.26,sddp_alpha_0_17=1000
o,17,1,sddp_ecut_0_17_72_33,2.42099e+08,,rsv_vol_1_50_17_170=0,rsv_vol_6_50_17_170=0.412814,rsv_vol_21_50_17_170=0,rsv_vol_28_50_17_170=0,rsv_vol_37_50_17_170=0.503725,rsv_vol_63_50_17_170=7.26547,rsv_vol_65_50_17_170=-33.6364,rsv_vol_67_50_17_170=1572.26,sddp_alpha_0_16=1000
o,16,1,sddp_ecut_0_16_72_34,2.42624e+08,,rsv_vol_1_50_16_160=0,rsv_vol_6_50_16_160=0.418494,rsv_vol_21_50_16_160=0,rsv_vol_28_50_16_160=0,rsv_vol_37_50_16_160=0.488897,rsv_vol_63_50_16_160=6.66001,rsv_vol_65_50_16_160=0,rsv_vol_67_50_16_160=3249.37,sddp_alpha_0_15=1000
o,15,1,sddp_ecut_0_15_72_35,2.12073e+08,,rsv_vol_1_50_15_150=0,rsv_vol_6_50_15_150=0.375323,rsv_vol_21_50_15_150=0,rsv_vol_28_50_15_150=0,rsv_vol_37_50_15_150=0.336979,rsv_vol_63_50_15_150=4.23819,rsv_vol_65_50_15_150=-16.8182,rsv_vol_67_50_15_150=772.609,sddp_alpha_0_14=1000
o,14,1,sddp_ecut_0_14_72_36,2.51893e+08,,rsv_vol_1_50_14_140=0,rsv_vol_6_50_14_140=0.486347,rsv_vol_21_50_14_140=0,rsv_vol_28_50_14_140=0,rsv_vol_37_50_14_140=0.585543,rsv_vol_63_50_14_140=4.88227,rsv_vol_65_50_14_140=-16.9523,rsv_vol_67_50_14_140=5388.82,sddp_alpha_0_13=1000
o,13,1,sddp_ecut_0_13_72_37,2.17886e+08,,rsv_vol_1_50_13_130=0,rsv_vol_6_50_13_130=0.381142,rsv_vol_21_50_13_130=0,rsv_vol_28_50_13_130=0,rsv_vol_37_50_13_130=0.384669,rsv_vol_63_50_13_130=3.0545,rsv_vol_65_50_13_130=-16.9523,rsv_vol_67_50_13_130=1364.34,sddp_alpha_0_12=1000
o,12,1,sddp_ecut_0_12_72_38,2.49692e+08,,rsv_vol_1_50_12_120=0,rsv_vol_6_50_12_120=0.463542,rsv_vol_21_50_12_120=0,rsv_vol_28_50_12_120=0,rsv_vol_37_50_12_120=0.569366,rsv_vol_63_50_12_120=3.66341,rsv_vol_65_50_12_120=-33.9046,rsv_vol_67_50_12_120=4862.43,sddp_alpha_0_11=1000
o,11,1,sddp_ecut_0_11_72_39,2.19629e+08,,rsv_vol_1_50_11_110=0,rsv_vol_6_50_11_110=0.422289,rsv_vol_21_50_11_110=0,rsv_vol_28_50_11_110=0,rsv_vol_37_50_11_110=0.549519,rsv_vol_63_50_11_110=1.22057,rsv_vol_65_50_11_110=0,rsv_vol_67_50_11_110=1867.99,sddp_alpha_0_10=1000
o,10,1,sddp_ecut_0_10_72_40,2.60918e+08,,rsv_vol_1_50_10_100=0,rsv_vol_6_50_10_100=0.460434,rsv_vol_21_50_10_100=0,rsv_vol_28_50_10_100=0,rsv_vol_37_50_10_100=0.520056,rsv_vol_63_50_10_100=1.2303,rsv_vol_65_50_10_100=-34.175,rsv_vol_67_50_10_100=2725.03,sddp_alpha_0_9=1000
o,9,1,sddp_ecut_0_9_72_41,2.6257e+08,,rsv_vol_1_50_9_90=0,rsv_vol_6_50_9_90=0.471838,rsv_vol_21_50_9_90=0,rsv_vol_28_50_9_90=0,rsv_vol_37_50_9_90=0.533764,rsv_vol_63_50_9_90=0,rsv_vol_65_50_9_90=-17.0875,rsv_vol_67_50_9_90=2030.46,sddp_alpha_0_8=1000
o,8,1,sddp_ecut_0_8_72_42,2.63448e+08,,rsv_vol_1_50_8_80=0,rsv_vol_6_50_8_80=0.479546,rsv_vol_21_50_8_80=0,rsv_vol_28_50_8_80=0,rsv_vol_37_50_8_80=0.774691,rsv_vol_63_50_8_80=0.00579216,rsv_vol_65_50_8_80=-17.0875,rsv_vol_67_50_8_80=4295.42,sddp_alpha_0_7=1000
o,7,1,sddp_ecut_0_7_72_43,2.31658e+08,,rsv_vol_1_50_7_70=0,rsv_vol_6_50_7_70=0.434487,rsv_vol_21_50_7_70=0,rsv_vol_28_50_7_70=0,rsv_vol_37_50_7_70=0.680909,rsv_vol_63_50_7_70=0.00517157,rsv_vol_65_50_7_70=-17.0875,rsv_vol_67_50_7_70=3123.81,sddp_alpha_0_6=1000
o,6,1,sddp_ecut_0_6_72_44,2.81814e+08,,rsv_vol_1_50_6_60=0,rsv_vol_6_50_6_60=0.528607,rsv_vol_21_50_6_60=0,rsv_vol_28_50_6_60=0,rsv_vol_37_50_6_60=0.936707,rsv_vol_63_50_6_60=0.00755915,rsv_vol_65_50_6_60=0,rsv_vol_67_50_6_60=5943.57,sddp_alpha_0_5=1000
o,5,1,sddp_ecut_0_5_72_45,2.81885e+08,,rsv_vol_1_50_5_50=0,rsv_vol_6_50_5_50=0.554327,rsv_vol_21_50_5_50=0,rsv_vol_28_50_5_50=0,rsv_vol_37_50_5_50=0.73746,rsv_vol_63_50_5_50=0.00649041,rsv_vol_65_50_5_50=0,rsv_vol_67_50_5_50=4823.92,sddp_alpha_0_4=1000
o,4,1,sddp_ecut_0_4_72_46,2.83267e+08,,rsv_vol_1_50_4_40=0,rsv_vol_6_50_4_40=0.554263,rsv_vol_21_50_4_40=0,rsv_vol_28_50_4_40=0,rsv_vol_37_50_4_40=0.812836,rsv_vol_63_50_4_40=0,rsv_vol_65_50_4_40=0,rsv_vol_67_50_4_40=2573.44,sddp_alpha_0_3=1000
o,3,1,sddp_ecut_0_3_72_47,2.50811e+08,,rsv_vol_1_50_3_30=0,rsv_vol_6_50_3_30=0.545396,rsv_vol_21_50_3_30=0,rsv_vol_28_50_3_30=0,rsv_vol_37_50_3_30=0.744395,rsv_vol_63_50_3_30=0,rsv_vol_65_50_3_30=-34.4475,rsv_vol_67_50_3_30=2830.48,sddp_alpha_0_2=1000
o,2,1,sddp_ecut_0_2_72_48,2.25338e+08,,rsv_vol_1_50_2_20=0,rsv_vol_6_50_2_20=0.707866,rsv_vol_21_50_2_20=0,rsv_vol_28_50_2_20=0,rsv_vol_37_50_2_20=0.488828,rsv_vol_63_50_2_20=0,rsv_vol_65_50_2_20=-69.4444,rsv_vol_67_50_2_20=6213.54,sddp_alpha_0_1=1000
o,1,1,sddp_ecut_0_1_72_49,2.65508e+08,,rsv_vol_1_50_1_10=0,rsv_vol_6_50_1_10=0.843154,rsv_vol_21_50_1_10=0,rsv_vol_28_50_1_10=0,rsv_vol_37_50_1_10=0.507562,rsv_vol_63_50_1_10=0,rsv_vol_65_50_1_10=-17.3611,rsv_vol_67_50_1_10=9920.79,sddp_alpha_0_0=1000
o,50,1,sddp_ecut_0_50_73_0,7.4197e+08,,rsv_vol_1_50_50_500=0,rsv_vol_6_50_50_500=1.94792,rsv_vol_21_50_50_500=0,rsv_vol_28_50_50_500=0,rsv_vol_37_50_50_500=2.90475,rsv_vol_63_50_50_500=9343.02,rsv_vol_65_50_50_500=35009.8,rsv_vol_67_50_50_500=15127.2,sddp_alpha_0_49=1000
o,49,1,sddp_ecut_0_49_73_1,5.94245e+08,,rsv_vol_1_50_49_490=0,rsv_vol_6_50_49_490=-12.3816,rsv_vol_21_50_49_490=0,rsv_vol_28_50_49_490=0,rsv_vol_37_50_49_490=1.87958,rsv_vol_63_50_49_490=8418.64,rsv_vol_65_50_49_490=0,rsv_vol_67_50_49_490=14416.9,sddp_alpha_0_48=1000
o,48,1,sddp_ecut_0_48_73_2,6.5112e+08,,rsv_vol_1_50_48_480=0,rsv_vol_6_50_48_480=-26.4146,rsv_vol_21_50_48_480=0,rsv_vol_28_50_48_480=0,rsv_vol_37_50_48_480=2.43005,rsv_vol_63_50_48_480=7621.99,rsv_vol_65_50_48_480=0,rsv_vol_67_50_48_480=13639.3,sddp_alpha_0_47=1000
o,47,1,sddp_ecut_0_47_73_3,6.4186e+08,,rsv_vol_1_50_47_470=0,rsv_vol_6_50_47_470=-95.2668,rsv_vol_21_50_47_470=0,rsv_vol_28_50_47_470=0,rsv_vol_37_50_47_470=1.45394,rsv_vol_63_50_47_470=7678.17,rsv_vol_65_50_47_470=0,rsv_vol_67_50_47_470=9022.1,sddp_alpha_0_46=1000
o,46,1,sddp_ecut_0_46_73_4,6.21959e+08,,rsv_vol_1_50_46_460=0,rsv_vol_6_50_46_460=-123.55,rsv_vol_21_50_46_460=0,rsv_vol_28_50_46_460=0,rsv_vol_37_50_46_460=1.76338,rsv_vol_63_50_46_460=7622.2,rsv_vol_65_50_46_460=0,rsv_vol_67_50_46_460=6941.93,sddp_alpha_0_45=1000
o,45,1,sddp_ecut_0_45_73_5,6.87401e+08,,rsv_vol_1_50_45_450=0,rsv_vol_6_50_45_450=0.839902,rsv_vol_21_50_45_450=0,rsv_vol_28_50_45_450=0,rsv_vol_37_50_45_450=2.51234,rsv_vol_63_50_45_450=7123.3,rsv_vol_65_50_45_450=0,rsv_vol_67_50_45_450=11127.6,sddp_alpha_0_44=1000
o,44,1,sddp_ecut_0_44_73_6,6.90026e+08,,rsv_vol_1_50_44_440=0,rsv_vol_6_50_44_440=1.09349,rsv_vol_21_50_44_440=0,rsv_vol_28_50_44_440=0,rsv_vol_37_50_44_440=2.27898,rsv_vol_63_50_44_440=7545.16,rsv_vol_65_50_44_440=-28.0204,rsv_vol_67_50_44_440=10508.2,sddp_alpha_0_43=1000
o,43,1,sddp_ecut_0_43_73_7,7.71882e+08,,rsv_vol_1_50_43_430=0,rsv_vol_6_50_43_430=1.45338,rsv_vol_21_50_43_430=0,rsv_vol_28_50_43_430=0,rsv_vol_37_50_43_430=2.45561,rsv_vol_63_50_43_430=6525.85,rsv_vol_65_50_43_430=-28.2438,rsv_vol_67_50_43_430=12635.8,sddp_alpha_0_42=1000
o,42,1,sddp_ecut_0_42_73_8,8.26884e+08,,rsv_vol_1_50_42_420=0,rsv_vol_6_50_42_420=2.01369,rsv_vol_21_50_42_420=0,rsv_vol_28_50_42_420=0,rsv_vol_37_50_42_420=3.00551,rsv_vol_63_50_42_420=8883.06,rsv_vol_65_50_42_420=-14.2345,rsv_vol_67_50_42_420=14733.5,sddp_alpha_0_41=1000
o,41,1,sddp_ecut_0_41_73_9,8.32332e+08,,rsv_vol_1_50_41_410=0,rsv_vol_6_50_41_410=1.89132,rsv_vol_21_50_41_410=0,rsv_vol_28_50_41_410=0,rsv_vol_37_50_41_410=2.95122,rsv_vol_63_50_41_410=6677.09,rsv_vol_65_50_41_410=4962.15,rsv_vol_67_50_41_410=11700.4,sddp_alpha_0_40=1000
o,40,1,sddp_ecut_0_40_73_10,8.47719e+08,,rsv_vol_1_50_40_400=0,rsv_vol_6_50_40_400=2.03587,rsv_vol_21_50_40_400=0,rsv_vol_28_50_40_400=0,rsv_vol_37_50_40_400=4.35808,rsv_vol_63_50_40_400=8532.25,rsv_vol_65_50_40_400=4695.37,rsv_vol_67_50_40_400=14517.1,sddp_alpha_0_39=1000
o,39,1,sddp_ecut_0_39_73_11,7.73673e+08,,rsv_vol_1_50_39_390=0,rsv_vol_6_50_39_390=1.80547,rsv_vol_21_50_39_390=0,rsv_vol_28_50_39_390=0,rsv_vol_37_50_39_390=3.81567,rsv_vol_63_50_39_390=8647.2,rsv_vol_65_50_39_390=4663.56,rsv_vol_67_50_39_390=15042.9,sddp_alpha_0_38=1000
o,38,1,sddp_ecut_0_38_73_12,7.79346e+08,,rsv_vol_1_50_38_380=0,rsv_vol_6_50_38_380=-12.7532,rsv_vol_21_50_38_380=0,rsv_vol_28_50_38_380=0,rsv_vol_37_50_38_380=2.83015,rsv_vol_63_50_38_380=9549.15,rsv_vol_65_50_38_380=12661.7,rsv_vol_67_50_38_380=-235.104,sddp_alpha_0_37=1000
o,37,1,sddp_ecut_0_37_73_13,6.45813e+08,,rsv_vol_1_50_37_370=0,rsv_vol_6_50_37_370=-13.6252,rsv_vol_21_50_37_370=0,rsv_vol_28_50_37_370=0,rsv_vol_37_50_37_370=2.23528,rsv_vol_63_50_37_370=9443.88,rsv_vol_65_50_37_370=0,rsv_vol_67_50_37_370=15930,sddp_alpha_0_36=1000
o,36,1,sddp_ecut_0_36_73_14,7.0939e+08,,rsv_vol_1_50_36_360=0,rsv_vol_6_50_36_360=-29.2047,rsv_vol_21_50_36_360=0,rsv_vol_28_50_36_360=0,rsv_vol_37_50_36_360=2.77566,rsv_vol_63_50_36_360=9090.91,rsv_vol_65_50_36_360=0,rsv_vol_67_50_36_360=15229.1,sddp_alpha_0_35=1000
o,35,1,sddp_ecut_0_35_73_15,7.38236e+08,,rsv_vol_1_50_35_350=0,rsv_vol_6_50_35_350=-105.102,rsv_vol_21_50_35_350=0,rsv_vol_28_50_35_350=0,rsv_vol_37_50_35_350=0.693072,rsv_vol_63_50_35_350=8573.34,rsv_vol_65_50_35_350=0,rsv_vol_67_50_35_350=3253.05,sddp_alpha_0_34=1000
o,34,1,sddp_ecut_0_34_73_16,7.15841e+08,,rsv_vol_1_50_34_340=0,rsv_vol_6_50_34_340=-29.8209,rsv_vol_21_50_34_340=0,rsv_vol_28_50_34_340=0,rsv_vol_37_50_34_340=1.1029,rsv_vol_63_50_34_340=9189.82,rsv_vol_65_50_34_340=0,rsv_vol_67_50_34_340=1639.13,sddp_alpha_0_33=1000
o,33,1,sddp_ecut_0_33_73_17,7.85711e+08,,rsv_vol_1_50_33_330=0,rsv_vol_6_50_33_330=1.41522,rsv_vol_21_50_33_330=0,rsv_vol_28_50_33_330=0,rsv_vol_37_50_33_330=2.15555,rsv_vol_63_50_33_330=7432.22,rsv_vol_65_50_33_330=0,rsv_vol_67_50_33_330=7990.96,sddp_alpha_0_32=1000
o,32,1,sddp_ecut_0_32_73_18,7.86227e+08,,rsv_vol_1_50_32_320=0,rsv_vol_6_50_32_320=1.50884,rsv_vol_21_50_32_320=0,rsv_vol_28_50_32_320=0,rsv_vol_37_50_32_320=1.93903,rsv_vol_63_50_32_320=4402.97,rsv_vol_65_50_32_320=0,rsv_vol_67_50_32_320=8573.67,sddp_alpha_0_31=1000
o,31,1,sddp_ecut_0_31_73_19,8.80882e+08,,rsv_vol_1_50_31_310=0,rsv_vol_6_50_31_310=1.86777,rsv_vol_21_50_31_310=0,rsv_vol_28_50_31_310=0,rsv_vol_37_50_31_310=2.48662,rsv_vol_63_50_31_310=1807.29,rsv_vol_65_50_31_310=-15.5341,rsv_vol_67_50_31_310=12724.6,sddp_alpha_0_30=1000
o,30,1,sddp_ecut_0_30_73_20,9.50338e+08,,rsv_vol_1_50_30_300=0,rsv_vol_6_50_30_300=2.42933,rsv_vol_21_50_30_300=0,rsv_vol_28_50_30_300=0,rsv_vol_37_50_30_300=3.57529,rsv_vol_63_50_30_300=8717.49,rsv_vol_65_50_30_300=-31.3159,rsv_vol_67_50_30_300=16476.2,sddp_alpha_0_29=1000
o,29,1,sddp_ecut_0_29_73_21,9.75418e+08,,rsv_vol_1_50_29_290=0,rsv_vol_6_50_29_290=3.07721,rsv_vol_21_50_29_290=0,rsv_vol_28_50_29_290=0,rsv_vol_37_50_29_290=2.22383,rsv_vol_63_50_29_290=8648.77,rsv_vol_65_50_29_290=15585.7,rsv_vol_67_50_29_290=3619.72,sddp_alpha_0_28=1000
o,28,1,sddp_ecut_0_28_73_22,1.03339e+09,,rsv_vol_1_50_28_280=0,rsv_vol_6_50_28_280=3.41761,rsv_vol_21_50_28_280=0,rsv_vol_28_50_28_280=0,rsv_vol_37_50_28_280=6.63199,rsv_vol_63_50_28_280=10199,rsv_vol_65_50_28_280=23688.4,rsv_vol_67_50_28_280=1852.15,sddp_alpha_0_27=1000
o,27,1,sddp_ecut_0_27_73_23,9.23448e+08,,rsv_vol_1_50_27_270=0,rsv_vol_6_50_27_270=-30.9372,rsv_vol_21_50_27_270=0,rsv_vol_28_50_27_270=0,rsv_vol_37_50_27_270=1.23183,rsv_vol_63_50_27_270=9289.17,rsv_vol_65_50_27_270=4392.88,rsv_vol_67_50_27_270=-256.569,sddp_alpha_0_26=1000
o,26,1,sddp_ecut_0_26_73_24,9.38607e+08,,rsv_vol_1_50_26_260=0,rsv_vol_6_50_26_260=-47.1974,rsv_vol_21_50_26_260=0,rsv_vol_28_50_26_260=0,rsv_vol_37_50_26_260=5.18722,rsv_vol_63_50_26_260=10361.7,rsv_vol_65_50_26_260=0,rsv_vol_67_50_26_260=17207.8,sddp_alpha_0_25=1000
o,25,1,sddp_ecut_0_25_73_25,8.2928e+08,,rsv_vol_1_50_25_250=0,rsv_vol_6_50_25_250=-63.968,rsv_vol_21_50_25_250=0,rsv_vol_28_50_25_250=0,rsv_vol_37_50_25_250=4.78176,rsv_vol_63_50_25_250=11019,rsv_vol_65_50_25_250=0,rsv_vol_67_50_25_250=18631.8,sddp_alpha_0_24=1000
o,24,1,sddp_ecut_0_24_73_26,9.00769e+08,,rsv_vol_1_50_24_240=0,rsv_vol_6_50_24_240=-146.75,rsv_vol_21_50_24_240=0,rsv_vol_28_50_24_240=0,rsv_vol_37_50_24_240=3.85428,rsv_vol_63_50_24_240=10337,rsv_vol_65_50_24_240=0,rsv_vol_67_50_24_240=17158.7,sddp_alpha_0_23=1000
o,23,1,sddp_ecut_0_23_73_27,8.7139e+08,,rsv_vol_1_50_23_230=0,rsv_vol_6_50_23_230=-115.323,rsv_vol_21_50_23_230=0,rsv_vol_28_50_23_230=0,rsv_vol_37_50_23_230=1.29822,rsv_vol_63_50_23_230=8882.42,rsv_vol_65_50_23_230=0,rsv_vol_67_50_23_230=6594.82,sddp_alpha_0_22=1000
o,22,1,sddp_ecut_0_22_73_28,2.25306e+08,,rsv_vol_1_50_22_220=0,rsv_vol_6_50_22_220=0.3573,rsv_vol_21_50_22_220=0,rsv_vol_28_50_22_220=0,rsv_vol_37_50_22_220=0.483474,rsv_vol_63_50_22_220=7.80866,rsv_vol_65_50_22_220=-16.6852,rsv_vol_67_50_22_220=2751.78,sddp_alpha_0_21=1000
o,21,1,sddp_ecut_0_21_73_29,1.97243e+08,,rsv_vol_1_50_21_210=0,rsv_vol_6_50_21_210=0.327868,rsv_vol_21_50_21_210=0,rsv_vol_28_50_21_210=0,rsv_vol_37_50_21_210=0.353737,rsv_vol_63_50_21_210=7.20799,rsv_vol_65_50_21_210=-16.6852,rsv_vol_67_50_21_210=1323.9,sddp_alpha_0_20=1000
o,20,1,sddp_ecut_0_20_73_30,2.24944e+08,,rsv_vol_1_50_20_200=0,rsv_vol_6_50_20_200=0.396313,rsv_vol_21_50_20_200=0,rsv_vol_28_50_20_200=0,rsv_vol_37_50_20_200=0.345962,rsv_vol_63_50_20_200=6.00666,rsv_vol_65_50_20_200=-50.0555,rsv_vol_67_50_20_200=1140.36,sddp_alpha_0_19=1000
o,19,1,sddp_ecut_0_19_73_31,1.9615e+08,,rsv_vol_1_50_19_190=0,rsv_vol_6_50_19_190=0.358616,rsv_vol_21_50_19_190=0,rsv_vol_28_50_19_190=0,rsv_vol_37_50_19_190=0.248175,rsv_vol_63_50_19_190=7.20799,rsv_vol_65_50_19_190=-50.0555,rsv_vol_67_50_19_190=392.776,sddp_alpha_0_18=1000
o,18,1,sddp_ecut_0_18_73_32,2.4088e+08,,rsv_vol_1_50_18_180=0,rsv_vol_6_50_18_180=0.402678,rsv_vol_21_50_18_180=0,rsv_vol_28_50_18_180=0,rsv_vol_37_50_18_180=0.414202,rsv_vol_63_50_18_180=7.26547,rsv_vol_65_50_18_180=-50.4547,rsv_vol_67_50_18_180=2041.26,sddp_alpha_0_17=1000
o,17,1,sddp_ecut_0_17_73_33,2.42099e+08,,rsv_vol_1_50_17_170=0,rsv_vol_6_50_17_170=0.412814,rsv_vol_21_50_17_170=0,rsv_vol_28_50_17_170=0,rsv_vol_37_50_17_170=0.503725,rsv_vol_63_50_17_170=7.26547,rsv_vol_65_50_17_170=-33.6364,rsv_vol_67_50_17_170=1572.26,sddp_alpha_0_16=1000
o,16,1,sddp_ecut_0_16_73_34,2.42624e+08,,rsv_vol_1_50_16_160=0,rsv_vol_6_50_16_160=0.418494,rsv_vol_21_50_16_160=0,rsv_vol_28_50_16_160=0,rsv_vol_37_50_16_160=0.488897,rsv_vol_63_50_16_160=6.66001,rsv_vol_65_50_16_160=0,rsv_vol_67_50_16_160=3249.37,sddp_alpha_0_15=1000
o,15,1,sddp_ecut_0_15_73_35,2.12073e+08,,rsv_vol_1_50_15_150=0,rsv_vol_6_50_15_150=0.375323,rsv_vol_21_50_15_150=0,rsv_vol_28_50_15_150=0,rsv_vol_37_50_15_150=0.336979,rsv_vol_63_50_15_150=4.23819,rsv_vol_65_50_15_150=-16.8182,rsv_vol_67_50_15_150=772.609,sddp_alpha_0_14=1000
o,14,1,sddp_ecut_0_14_73_36,2.51893e+08,,rsv_vol_1_50_14_140=0,rsv_vol_6_50_14_140=0.486347,rsv_vol_21_50_14_140=0,rsv_vol_28_50_14_140=0,rsv_vol_37_50_14_140=0.585543,rsv_vol_63_50_14_140=4.88227,rsv_vol_65_50_14_140=-16.9523,rsv_vol_67_50_14_140=5388.82,sddp_alpha_0_13=1000
o,13,1,sddp_ecut_0_13_73_37,2.17886e+08,,rsv_vol_1_50_13_130=0,rsv_vol_6_50_13_130=0.381142,rsv_vol_21_50_13_130=0,rsv_vol_28_50_13_130=0,rsv_vol_37_50_13_130=0.384669,rsv_vol_63_50_13_130=3.05446,rsv_vol_65_50_13_130=-16.9523,rsv_vol_67_50_13_130=1364.34,sddp_alpha_0_12=1000
o,12,1,sddp_ecut_0_12_73_38,2.49692e+08,,rsv_vol_1_50_12_120=0,rsv_vol_6_50_12_120=0.463542,rsv_vol_21_50_12_120=0,rsv_vol_28_50_12_120=0,rsv_vol_37_50_12_120=0.569366,rsv_vol_63_50_12_120=3.66341,rsv_vol_65_50_12_120=-33.9046,rsv_vol_67_50_12_120=4862.43,sddp_alpha_0_11=1000
o,11,1,sddp_ecut_0_11_73_39,2.19629e+08,,rsv_vol_1_50_11_110=0,rsv_vol_6_50_11_110=0.422289,rsv_vol_21_50_11_110=0,rsv_vol_28_50_11_110=0,rsv_vol_37_50_11_110=0.549519,rsv_vol_63_50_11_110=1.22057,rsv_vol_65_50_11_110=0,rsv_vol_67_50_11_110=1867.99,sddp_alpha_0_10=1000
o,10,1,sddp_ecut_0_10_73_40,2.60918e+08,,rsv_vol_1_50_10_100=0,rsv_vol_6_50_10_100=0.460434,rsv_vol_21_50_10_100=0,rsv_vol_28_50_10_100=0,rsv_vol_37_50_10_100=0.520056,rsv_vol_63_50_10_100=1.2303,rsv_vol_65_50_10_100=-34.175,rsv_vol_67_50_10_100=2725.03,sddp_alpha_0_9=1000
o,9,1,sddp_ecut_0_9_73_41,2.6257e+08,,rsv_vol_1_50_9_90=0,rsv_vol_6_50_9_90=0.471838,rsv_vol_21_50_9_90=0,rsv_vol_28_50_9_90=0,rsv_vol_37_50_9_90=0.533764,rsv_vol_63_50_9_90=0,rsv_vol_65_50_9_90=-17.0875,rsv_vol_67_50_9_90=2030.46,sddp_alpha_0_8=1000
o,8,1,sddp_ecut_0_8_73_42,2.63448e+08,,rsv_vol_1_50_8_80=0,rsv_vol_6_50_8_80=0.479546,rsv_vol_21_50_8_80=0,rsv_vol_28_50_8_80=0,rsv_vol_37_50_8_80=0.774691,rsv_vol_63_50_8_80=0.00579216,rsv_vol_65_50_8_80=-17.0875,rsv_vol_67_50_8_80=4295.42,sddp_alpha_0_7=1000
o,7,1,sddp_ecut_0_7_73_43,2.31658e+08,,rsv_vol_1_50_7_70=0,rsv_vol_6_50_7_70=0.434487,rsv_vol_21_50_7_70=0,rsv_vol_28_50_7_70=0,rsv_vol_37_50_7_70=0.680909,rsv_vol_63_50_7_70=0.00517157,rsv_vol_65_50_7_70=-17.0875,rsv_vol_67_50_7_70=3123.81,sddp_alpha_0_6=1000
o,6,1,sddp_ecut_0_6_73_44,2.81814e+08,,rsv_vol_1_50_6_60=0,rsv_vol_6_50_6_60=0.528607,rsv_vol_21_50_6_60=0,rsv_vol_28_50_6_60=0,rsv_vol_37_50_6_60=0.936707,rsv_vol_63_50_6_60=0.00756529,rsv_vol_65_50_6_60=0,rsv_vol_67_50_6_60=5943.57,sddp_alpha_0_5=1000
o,5,1,sddp_ecut_0_5_73_45,2.81885e+08,,rsv_vol_1_50_5_50=0,rsv_vol_6_50_5_50=0.554327,rsv_vol_21_50_5_50=0,rsv_vol_28_50_5_50=0,rsv_vol_37_50_5_50=0.73746,rsv_vol_63_50_5_50=0.00649041,rsv_vol_65_50_5_50=0,rsv_vol_67_50_5_50=4823.92,sddp_alpha_0_4=1000
o,4,1,sddp_ecut_0_4_73_46,2.83267e+08,,rsv_vol_1_50_4_40=0,rsv_vol_6_50_4_40=0.554263,rsv_vol_21_50_4_40=0,rsv_vol_28_50_4_40=0,rsv_vol_37_50_4_40=0.812836,rsv_vol_63_50_4_40=0,rsv_vol_65_50_4_40=0,rsv_vol_67_50_4_40=2573.44,sddp_alpha_0_3=1000
o,3,1,sddp_ecut_0_3_73_47,2.50811e+08,,rsv_vol_1_50_3_30=0,rsv_vol_6_50_3_30=0.545396,rsv_vol_21_50_3_30=0,rsv_vol_28_50_3_30=0,rsv_vol_37_50_3_30=0.744395,rsv_vol_63_50_3_30=0,rsv_vol_65_50_3_30=-34.4475,rsv_vol_67_50_3_30=2830.48,sddp_alpha_0_2=1000
o,2,1,sddp_ecut_0_2_73_48,2.25338e+08,,rsv_vol_1_50_2_20=0,rsv_vol_6_50_2_20=0.707866,rsv_vol_21_50_2_20=0,rsv_vol_28_50_2_20=0,rsv_vol_37_50_2_20=0.488828,rsv_vol_63_50_2_20=0,rsv_vol_65_50_2_20=-69.4444,rsv_vol_67_50_2_20=6213.54,sddp_alpha_0_1=1000
o,1,1,sddp_ecut_0_1_73_49,2.65508e+08,,rsv_vol_1_50_1_10=0,rsv_vol_6_50_1_10=0.843154,rsv_vol_21_50_1_10=0,rsv_vol_28_50_1_10=0,rsv_vol_37_50_1_10=0.507562,rsv_vol_63_50_1_10=0,rsv_vol_65_50_1_10=-17.3611,rsv_vol_67_50_1_10=9920.79,sddp_alpha_0_0=1000
o,50,1,sddp_ecut_0_50_74_0,7.4197e+08,,rsv_vol_1_50_50_500=0,rsv_vol_6_50_50_500=1.94792,rsv_vol_21_50_50_500=0,rsv_vol_28_50_50_500=0,rsv_vol_37_50_50_500=2.90475,rsv_vol_63_50_50_500=9343.02,rsv_vol_65_50_50_500=35009.8,rsv_vol_67_50_50_500=15127.2,sddp_alpha_0_49=1000
o,49,1,sddp_ecut_0_49_74_1,5.94245e+08,,rsv_vol_1_50_49_490=0,rsv_vol_6_50_49_490=-12.3816,rsv_vol_21_50_49_490=0,rsv_vol_28_50_49_490=0,rsv_vol_37_50_49_490=1.87958,rsv_vol_63_50_49_490=8418.64,rsv_vol_65_50_49_490=0,rsv_vol_67_50_49_490=14416.9,sddp_alpha_0_48=1000
o,48,1,sddp_ecut_0_48_74_2,6.5112e+08,,rsv_vol_1_50_48_480=0,rsv_vol_6_50_48_480=-26.4146,rsv_vol_21_50_48_480=0,rsv_vol_28_50_48_480=0,rsv_vol_37_50_48_480=2.43005,rsv_vol_63_50_48_480=7621.99,rsv_vol_65_50_48_480=0,rsv_vol_67_50_48_480=13639.3,sddp_alpha_0_47=1000
o,47,1,sddp_ecut_0_47_74_3,6.4186e+08,,rsv_vol_1_50_47_470=0,rsv_vol_6_50_47_470=-95.2668,rsv_vol_21_50_47_470=0,rsv_vol_28_50_47_470=0,rsv_vol_37_50_47_470=1.45394,rsv_vol_63_50_47_470=7678.17,rsv_vol_65_50_47_470=0,rsv_vol_67_50_47_470=9022.1,sddp_alpha_0_46=1000
o,46,1,sddp_ecut_0_46_74_4,6.21959e+08,,rsv_vol_1_50_46_460=0,rsv_vol_6_50_46_460=-123.55,rsv_vol_21_50_46_460=0,rsv_vol_28_50_46_460=0,rsv_vol_37_50_46_460=1.76338,rsv_vol_63_50_46_460=7622.2,rsv_vol_65_50_46_460=0,rsv_vol_67_50_46_460=6941.93,sddp_alpha_0_45=1000
o,45,1,sddp_ecut_0_45_74_5,6.87401e+08,,rsv_vol_1_50_45_450=0,rsv_vol_6_50_45_450=0.839902,rsv_vol_21_50_45_450=0,rsv_vol_28_50_45_450=0,rsv_vol_37_50_45_450=2.51234,rsv_vol_63_50_45_450=7123.3,rsv_vol_65_50_45_450=0,rsv_vol_67_50_45_450=11127.6,sddp_alpha_0_44=1000
o,44,1,sddp_ecut_0_44_74_6,6.90026e+08,,rsv_vol_1_50_44_440=0,rsv_vol_6_50_44_440=1.09349,rsv_vol_21_50_44_440=0,rsv_vol_28_50_44_440=0,rsv_vol_37_50_44_440=2.27898,rsv_vol_63_50_44_440=7545.16,rsv_vol_65_50_44_440=-28.0204,rsv_vol_67_50_44_440=10508.2,sddp_alpha_0_43=1000
o,43,1,sddp_ecut_0_43_74_7,7.71882e+08,,rsv_vol_1_50_43_430=0,rsv_vol_6_50_43_430=1.45338,rsv_vol_21_50_43_430=0,rsv_vol_28_50_43_430=0,rsv_vol_37_50_43_430=2.45561,rsv_vol_63_50_43_430=6525.85,rsv_vol_65_50_43_430=-28.2438,rsv_vol_67_50_43_430=12635.8,sddp_alpha_0_42=1000
o,42,1,sddp_ecut_0_42_74_8,8.26884e+08,,rsv_vol_1_50_42_420=0,rsv_vol_6_50_42_420=2.01369,rsv_vol_21_50_42_420=0,rsv_vol_28_50_42_420=0,rsv_vol_37_50_42_420=3.00551,rsv_vol_63_50_42_420=8883.06,rsv_vol_65_50_42_420=-14.2345,rsv_vol_67_50_42_420=14733.5,sddp_alpha_0_41=1000
o,41,1,sddp_ecut_0_41_74_9,8.32332e+08,,rsv_vol_1_50_41_410=0,rsv_vol_6_50_41_410=1.89132,rsv_vol_21_50_41_410=0,rsv_vol_28_50_41_410=0,rsv_vol_37_50_41_410=2.95122,rsv_vol_63_50_41_410=6677.09,rsv_vol_65_50_41_410=4962.15,rsv_vol_67_50_41_410=11700.4,sddp_alpha_0_40=1000
o,40,1,sddp_ecut_0_40_74_10,8.47719e+08,,rsv_vol_1_50_40_400=0,rsv_vol_6_50_40_400=2.03587,rsv_vol_21_50_40_400=0,rsv_vol_28_50_40_400=0,rsv_vol_37_50_40_400=4.35808,rsv_vol_63_50_40_400=8532.25,rsv_vol_65_50_40_400=4695.37,rsv_vol_67_50_40_400=14517.1,sddp_alpha_0_39=1000
o,39,1,sddp_ecut_0_39_74_11,7.73673e+08,,rsv_vol_1_50_39_390=0,rsv_vol_6_50_39_390=1.80547,rsv_vol_21_50_39_390=0,rsv_vol_28_50_39_390=0,rsv_vol_37_50_39_390=3.81567,rsv_vol_63_50_39_390=8647.2,rsv_vol_65_50_39_390=4663.56,rsv_vol_67_50_39_390=15042.9,sddp_alpha_0_38=1000
o,38,1,sddp_ecut_0_38_74_12,7.79346e+08,,rsv_vol_1_50_38_380=0,rsv_vol_6_50_38_380=-12.7532,rsv_vol_21_50_38_380=0,rsv_vol_28_50_38_380=0,rsv_vol_37_50_38_380=2.83015,rsv_vol_63_50_38_380=9549.15,rsv_vol_65_50_38_380=12661.7,rsv_vol_67_50_38_380=-235.104,sddp_alpha_0_37=1000
o,37,1,sddp_ecut_0_37_74_13,6.45813e+08,,rsv_vol_1_50_37_370=0,rsv_vol_6_50_37_370=-13.6252,rsv_vol_21_50_37_370=0,rsv_vol_28_50_37_370=0,rsv_vol_37_50_37_370=2.23528,rsv_vol_63_50_37_370=9443.88,rsv_vol_65_50_37_370=0,rsv_vol_67_50_37_370=15930,sddp_alpha_0_36=1000
o,36,1,sddp_ecut_0_36_74_14,7.0939e+08,,rsv_vol_1_50_36_360=0,rsv_vol_6_50_36_360=-29.2047,rsv_vol_21_50_36_360=0,rsv_vol_28_50_36_360=0,rsv_vol_37_50_36_360=2.77566,rsv_vol_63_50_36_360=9090.91,rsv_vol_65_50_36_360=0,rsv_vol_67_50_36_360=15229.1,sddp_alpha_0_35=1000
o,35,1,sddp_ecut_0_35_74_15,7.38236e+08,,rsv_vol_1_50_35_350=0,rsv_vol_6_50_35_350=-105.102,rsv_vol_21_50_35_350=0,rsv_vol_28_50_35_350=0,rsv_vol_37_50_35_350=0.693072,rsv_vol_63_50_35_350=8573.34,rsv_vol_65_50_35_350=0,rsv_vol_67_50_35_350=3253.05,sddp_alpha_0_34=1000
o,34,1,sddp_ecut_0_34_74_16,7.15841e+08,,rsv_vol_1_50_34_340=0,rsv_vol_6_50_34_340=-29.8209,rsv_vol_21_50_34_340=0,rsv_vol_28_50_34_340=0,rsv_vol_37_50_34_340=1.1029,rsv_vol_63_50_34_340=9189.82,rsv_vol_65_50_34_340=0,rsv_vol_67_50_34_340=1639.13,sddp_alpha_0_33=1000
o,33,1,sddp_ecut_0_33_74_17,7.85711e+08,,rsv_vol_1_50_33_330=0,rsv_vol_6_50_33_330=1.41522,rsv_vol_21_50_33_330=0,rsv_vol_28_50_33_330=0,rsv_vol_37_50_33_330=2.15555,rsv_vol_63_50_33_330=7432.22,rsv_vol_65_50_33_330=0,rsv_vol_67_50_33_330=7990.96,sddp_alpha_0_32=1000
o,32,1,sddp_ecut_0_32_74_18,7.86227e+08,,rsv_vol_1_50_32_320=0,rsv_vol_6_50_32_320=1.50884,rsv_vol_21_50_32_320=0,rsv_vol_28_50_32_320=0,rsv_vol_37_50_32_320=1.93903,rsv_vol_63_50_32_320=4402.97,rsv_vol_65_50_32_320=0,rsv_vol_67_50_32_320=8573.67,sddp_alpha_0_31=1000
o,31,1,sddp_ecut_0_31_74_19,8.80882e+08,,rsv_vol_1_50_31_310=0,rsv_vol_6_50_31_310=1.86777,rsv_vol_21_50_31_310=0,rsv_vol_28_50_31_310=0,rsv_vol_37_50_31_310=2.48662,rsv_vol_63_50_31_310=1807.29,rsv_vol_65_50_31_310=-15.5341,rsv_vol_67_50_31_310=12724.6,sddp_alpha_0_30=1000
o,30,1,sddp_ecut_0_30_74_20,9.50338e+08,,rsv_vol_1_50_30_300=0,rsv_vol_6_50_30_300=2.42933,rsv_vol_21_50_30_300=0,rsv_vol_28_50_30_300=0,rsv_vol_37_50_30_300=3.57529,rsv_vol_63_50_30_300=8717.49,rsv_vol_65_50_30_300=-31.3159,rsv_vol_67_50_30_300=16476.2,sddp_alpha_0_29=1000
o,29,1,sddp_ecut_0_29_74_21,9.75418e+08,,rsv_vol_1_50_29_290=0,rsv_vol_6_50_29_290=3.07721,rsv_vol_21_50_29_290=0,rsv_vol_28_50_29_290=0,rsv_vol_37_50_29_290=2.22383,rsv_vol_63_50_29_290=8648.77,rsv_vol_65_50_29_290=15585.7,rsv_vol_67_50_29_290=3619.72,sddp_alpha_0_28=1000
o,28,1,sddp_ecut_0_28_74_22,1.03339e+09,,rsv_vol_1_50_28_280=0,rsv_vol_6_50_28_280=3.41761,rsv_vol_21_50_28_280=0,rsv_vol_28_50_28_280=0,rsv_vol_37_50_28_280=6.63199,rsv_vol_63_50_28_280=10199,rsv_vol_65_50_28_280=23688.4,rsv_vol_67_50_28_280=1852.15,sddp_alpha_0_27=1000
o,27,1,sddp_ecut_0_27_74_23,9.23448e+08,,rsv_vol_1_50_27_270=0,rsv_vol_6_50_27_270=-30.9372,rsv_vol_21_50_27_270=0,rsv_vol_28_50_27_270=0,rsv_vol_37_50_27_270=1.23183,rsv_vol_63_50_27_270=9289.17,rsv_vol_65_50_27_270=4392.88,rsv_vol_67_50_27_270=-256.569,sddp_alpha_0_26=1000
o,26,1,sddp_ecut_0_26_74_24,9.38607e+08,,rsv_vol_1_50_26_260=0,rsv_vol_6_50_26_260=-47.1974,rsv_vol_21_50_26_260=0,rsv_vol_28_50_26_260=0,rsv_vol_37_50_26_260=5.18722,rsv_vol_63_50_26_260=10361.7,rsv_vol_65_50_26_260=0,rsv_vol_67_50_26_260=17207.8,sddp_alpha_0_25=1000
o,25,1,sddp_ecut_0_25_74_25,8.2928e+08,,rsv_vol_1_50_25_250=0,rsv_vol_6_50_25_250=-63.968,rsv_vol_21_50_25_250=0,rsv_vol_28_50_25_250=0,rsv_vol_37_50_25_250=4.78176,rsv_vol_63_50_25_250=11019,rsv_vol_65_50_25_250=0,rsv_vol_67_50_25_250=18631.8,sddp_alpha_0_24=1000
o,24,1,sddp_ecut_0_24_74_26,9.00769e+08,,rsv_vol_1_50_24_240=0,rsv_vol_6_50_24_240=-146.75,rsv_vol_21_50_24_240=0,rsv_vol_28_50_24_240=0,rsv_vol_37_50_24_240=3.85428,rsv_vol_63_50_24_240=10337,rsv_vol_65_50_24_240=0,rsv_vol_67_50_24_240=17158.7,sddp_alpha_0_23=1000
o,23,1,sddp_ecut_0_23_74_27,8.7139e+08,,rsv_vol_1_50_23_230=0,rsv_vol_6_50_23_230=-115.323,rsv_vol_21_50_23_230=0,rsv_vol_28_50_23_230=0,rsv_vol_37_50_23_230=1.29822,rsv_vol_63_50_23_230=8882.42,rsv_vol_65_50_23_230=0,rsv_vol_67_50_23_230=6594.82,sddp_alpha_0_22=1000
o,22,1,sddp_ecut_0_22_74_28,2.25306e+08,,rsv_vol_1_50_22_220=0,rsv_vol_6_50_22_220=0.3573,rsv_vol_21_50_22_220=0,rsv_vol_28_50_22_220=0,rsv_vol_37_50_22_220=0.483474,rsv_vol_63_50_22_220=7.80866,rsv_vol_65_50_22_220=-16.6852,rsv_vol_67_50_22_220=2751.78,sddp_alpha_0_21=1000
o,21,1,sddp_ecut_0_21_74_29,1.97243e+08,,rsv_vol_1_50_21_210=0,rsv_vol_6_50_21_210=0.327868,rsv_vol_21_50_21_210=0,rsv_vol_28_50_21_210=0,rsv_vol_37_50_21_210=0.353737,rsv_vol_63_50_21_210=7.20799,rsv_vol_65_50_21_210=-16.6852,rsv_vol_67_50_21_210=1323.9,sddp_alpha_0_20=1000
o,20,1,sddp_ecut_0_20_74_30,2.24944e+08,,rsv_vol_1_50_20_200=0,rsv_vol_6_50_20_200=0.396313,rsv_vol_21_50_20_200=0,rsv_vol_28_50_20_200=0,rsv_vol_37_50_20_200=0.345962,rsv_vol_63_50_20_200=6.00666,rsv_vol_65_50_20_200=-50.0555,rsv_vol_67_50_20_200=1140.36,sddp_alpha_0_19=1000
o,19,1,sddp_ecut_0_19_74_31,1.9615e+08,,rsv_vol_1_50_19_190=0,rsv_vol_6_50_19_190=0.358616,rsv_vol_21_50_19_190=0,rsv_vol_28_50_19_190=0,rsv_vol_37_50_19_190=0.248175,rsv_vol_63_50_19_190=7.20799,rsv_vol_65_50_19_190=-50.0555,rsv_vol_67_50_19_190=392.776,sddp_alpha_0_18=1000
o,18,1,sddp_ecut_0_18_74_32,2.4088e+08,,rsv_vol_1_50_18_180=0,rsv_vol_6_50_18_180=0.402678,rsv_vol_21_50_18_180=0,rsv_vol_28_50_18_180=0,rsv_vol_37_50_18_180=0.414202,rsv_vol_63_50_18_180=7.26547,rsv_vol_65_50_18_180=-50.4547,rsv_vol_67_50_18_180=2041.26,sddp_alpha_0_17=1000
o,17,1,sddp_ecut_0_17_74_33,2.42099e+08,,rsv_vol_1_50_17_170=0,rsv_vol_6_50_17_170=0.412814,rsv_vol_21_50_17_170=0,rsv_vol_28_50_17_170=0,rsv_vol_37_50_17_170=0.503725,rsv_vol_63_50_17_170=7.26547,rsv_vol_65_50_17_170=-33.6364,rsv_vol_67_50_17_170=1572.26,sddp_alpha_0_16=1000
o,16,1,sddp_ecut_0_16_74_34,2.42624e+08,,rsv_vol_1_50_16_160=0,rsv_vol_6_50_16_160=0.418494,rsv_vol_21_50_16_160=0,rsv_vol_28_50_16_160=0,rsv_vol_37_50_16_160=0.488897,rsv_vol_63_50_16_160=6.66001,rsv_vol_65_50_16_160=0,rsv_vol_67_50_16_160=3249.37,sddp_alpha_0_15=1000
o,15,1,sddp_ecut_0_15_74_35,2.12073e+08,,rsv_vol_1_50_15_150=0,rsv_vol_6_50_15_150=0.375323,rsv_vol_21_50_15_150=0,rsv_vol_28_50_15_150=0,rsv_vol_37_50_15_150=0.336979,rsv_vol_63_50_15_150=4.23819,rsv_vol_65_50_15_150=-16.8182,rsv_vol_67_50_15_150=772.609,sddp_alpha_0_14=1000
o,14,1,sddp_ecut_0_14_74_36,2.51893e+08,,rsv_vol_1_50_14_140=0,rsv_vol_6_50_14_140=0.486347,rsv_vol_21_50_14_140=0,rsv_vol_28_50_14_140=0,rsv_vol_37_50_14_140=0.585543,rsv_vol_63_50_14_140=4.88227,rsv_vol_65_50_14_140=-16.9523,rsv_vol_67_50_14_140=5388.82,sddp_alpha_0_13=1000
o,13,1,sddp_ecut_0_13_74_37,2.17886e+08,,rsv_vol_1_50_13_130=0,rsv_vol_6_50_13_130=0.381142,rsv_vol_21_50_13_130=0,rsv_vol_28_50_13_130=0,rsv_vol_37_50_13_130=0.384669,rsv_vol_63_50_13_130=3.05453,rsv_vol_65_50_13_130=-16.9523,rsv_vol_67_50_13_130=1364.34,sddp_alpha_0_12=1000
o,12,1,sddp_ecut_0_12_74_38,2.49692e+08,,rsv_vol_1_50_12_120=0,rsv_vol_6_50_12_120=0.463542,rsv_vol_21_50_12_120=0,rsv_vol_28_50_12_120=0,rsv_vol_37_50_12_120=0.569366,rsv_vol_63_50_12_120=3.66341,rsv_vol_65_50_12_120=-33.9046,rsv_vol_67_50_12_120=4862.43,sddp_alpha_0_11=1000
o,11,1,sddp_ecut_0_11_74_39,2.19629e+08,,rsv_vol_1_50_11_110=0,rsv_vol_6_50_11_110=0.422289,rsv_vol_21_50_11_110=0,rsv_vol_28_50_11_110=0,rsv_vol_37_50_11_110=0.549519,rsv_vol_63_50_11_110=1.22057,rsv_vol_65_50_11_110=0,rsv_vol_67_50_11_110=1867.99,sddp_alpha_0_10=1000
o,10,1,sddp_ecut_0_10_74_40,2.60918e+08,,rsv_vol_1_50_10_100=0,rsv_vol_6_50_10_100=0.460434,rsv_vol_21_50_10_100=0,rsv_vol_28_50_10_100=0,rsv_vol_37_50_10_100=0.520056,rsv_vol_63_50_10_100=1.2303,rsv_vol_65_50_10_100=-34.175,rsv_vol_67_50_10_100=2725.03,sddp_alpha_0_9=1000
o,9,1,sddp_ecut_0_9_74_41,2.6257e+08,,rsv_vol_1_50_9_90=0,rsv_vol_6_50_9_90=0.471838,rsv_vol_21_50_9_90=0,rsv_vol_28_50_9_90=0,rsv_vol_37_50_9_90=0.533764,rsv_vol_63_50_9_90=0,rsv_vol_65_50_9_90=-17.0875,rsv_vol_67_50_9_90=2030.46,sddp_alpha_0_8=1000
o,8,1,sddp_ecut_0_8_74_42,2.63448e+08,,rsv_vol_1_50_8_80=0,rsv_vol_6_50_8_80=0.479546,rsv_vol_21_50_8_80=0,rsv_vol_28_50_8_80=0,rsv_vol_37_50_8_80=0.774691,rsv_vol_63_50_8_80=0.00579216,rsv_vol_65_50_8_80=-17.0875,rsv_vol_67_50_8_80=4295.42,sddp_alpha_0_7=1000
o,7,1,sddp_ecut_0_7_74_43,2.31658e+08,,rsv_vol_1_50_7_70=0,rsv_vol_6_50_7_70=0.434487,rsv_vol_21_50_7_70=0,rsv_vol_28_50_7_70=0,rsv_vol_37_50_7_70=0.680909,rsv_vol_63_50_7_70=0.00517157,rsv_vol_65_50_7_70=-17.0875,rsv_vol_67_50_7_70=3123.81,sddp_alpha_0_6=1000
o,6,1,sddp_ecut_0_6_74_44,2.81814e+08,,rsv_vol_1_50_6_60=0,rsv_vol_6_50_6_60=0.528607,rsv_vol_21_50_6_60=0,rsv_vol_28_50_6_60=0,rsv_vol_37_50_6_60=0.936707,rsv_vol_63_50_6_60=0.00756581,rsv_vol_65_50_6_60=0,rsv_vol_67_50_6_60=5943.57,sddp_alpha_0_5=1000
o,5,1,sddp_ecut_0_5_74_45,2.81885e+08,,rsv_vol_1_50_5_50=0,rsv_vol_6_50_5_50=0.554327,rsv_vol_21_50_5_50=0,rsv_vol_28_50_5_50=0,rsv_vol_37_50_5_50=0.73746,rsv_vol_63_50_5_50=0.00649041,rsv_vol_65_50_5_50=0,rsv_vol_67_50_5_50=4823.92,sddp_alpha_0_4=1000
o,4,1,sddp_ecut_0_4_74_46,2.83267e+08,,rsv_vol_1_50_4_40=0,rsv_vol_6_50_4_40=0.554263,rsv_vol_21_50_4_40=0,rsv_vol_28_50_4_40=0,rsv_vol_37_50_4_40=0.812836,rsv_vol_63_50_4_40=0,rsv_vol_65_50_4_40=0,rsv_vol_67_50_4_40=2573.44,sddp_alpha_0_3=1000
o,3,1,sddp_ecut_0_3_74_47,2.50811e+08,,rsv_vol_1_50_3_30=0,rsv_vol_6_50_3_30=0.545396,rsv_vol_21_50_3_30=0,rsv_vol_28_50_3_30=0,rsv_vol_37_50_3_30=0.744395,rsv_vol_63_50_3_30=0,rsv_vol_65_50_3_30=-34.4475,rsv_vol_67_50_3_30=2830.48,sddp_alpha_0_2=1000
o,2,1,sddp_ecut_0_2_74_48,2.25338e+08,,rsv_vol_1_50_2_20=0,rsv_vol_6_50_2_20=0.707866,rsv_vol_21_50_2_20=0,rsv_vol_28_50_2_20=0,rsv_vol_37_50_2_20=0.488828,rsv_vol_63_50_2_20=0,rsv_vol_65_50_2_20=-69.4444,rsv_vol_67_50_2_20=6213.54,sddp_alpha_0_1=1000
o,1,1,sddp_ecut_0_1_74_49,2.65508e+08,,rsv_vol_1_50_1_10=0,rsv_vol_6_50_1_10=0.843154,rsv_vol_21_50_1_10=0,rsv_vol_28_50_1_10=0,rsv_vol_37_50_1_10=0.507562,rsv_vol_63_50_1_10=0,rsv_vol_65_50_1_10=-17.3611,rsv_vol_67_50_1_10=9920.79,sddp_alpha_0_0=1000
o,50,1,sddp_ecut_0_50_75_0,7.4197e+08,,rsv_vol_1_50_50_500=0,rsv_vol_6_50_50_500=1.94792,rsv_vol_21_50_50_500=0,rsv_vol_28_50_50_500=0,rsv_vol_37_50_50_500=2.90475,rsv_vol_63_50_50_500=9343.02,rsv_vol_65_50_50_500=35009.8,rsv_vol_67_50_50_500=15127.2,sddp_alpha_0_49=1000
o,49,1,sddp_ecut_0_49_75_1,5.94245e+08,,rsv_vol_1_50_49_490=0,rsv_vol_6_50_49_490=-12.3816,rsv_vol_21_50_49_490=0,rsv_vol_28_50_49_490=0,rsv_vol_37_50_49_490=1.87958,rsv_vol_63_50_49_490=8418.64,rsv_vol_65_50_49_490=0,rsv_vol_67_50_49_490=14416.9,sddp_alpha_0_48=1000
o,48,1,sddp_ecut_0_48_75_2,6.5112e+08,,rsv_vol_1_50_48_480=0,rsv_vol_6_50_48_480=-26.4146,rsv_vol_21_50_48_480=0,rsv_vol_28_50_48_480=0,rsv_vol_37_50_48_480=2.43005,rsv_vol_63_50_48_480=7621.99,rsv_vol_65_50_48_480=0,rsv_vol_67_50_48_480=13639.3,sddp_alpha_0_47=1000
o,47,1,sddp_ecut_0_47_75_3,6.4186e+08,,rsv_vol_1_50_47_470=0,rsv_vol_6_50_47_470=-95.2668,rsv_vol_21_50_47_470=0,rsv_vol_28_50_47_470=0,rsv_vol_37_50_47_470=1.45394,rsv_vol_63_50_47_470=7678.17,rsv_vol_65_50_47_470=0,rsv_vol_67_50_47_470=9022.1,sddp_alpha_0_46=1000
o,46,1,sddp_ecut_0_46_75_4,6.21959e+08,,rsv_vol_1_50_46_460=0,rsv_vol_6_50_46_460=-123.55,rsv_vol_21_50_46_460=0,rsv_vol_28_50_46_460=0,rsv_vol_37_50_46_460=1.76338,rsv_vol_63_50_46_460=7622.2,rsv_vol_65_50_46_460=0,rsv_vol_67_50_46_460=6941.93,sddp_alpha_0_45=1000
o,45,1,sddp_ecut_0_45_75_5,6.87401e+08,,rsv_vol_1_50_45_450=0,rsv_vol_6_50_45_450=0.839902,rsv_vol_21_50_45_450=0,rsv_vol_28_50_45_450=0,rsv_vol_37_50_45_450=2.51234,rsv_vol_63_50_45_450=7123.3,rsv_vol_65_50_45_450=0,rsv_vol_67_50_45_450=11127.6,sddp_alpha_0_44=1000
o,44,1,sddp_ecut_0_44_75_6,6.90026e+08,,rsv_vol_1_50_44_440=0,rsv_vol_6_50_44_440=1.09349,rsv_vol_21_50_44_440=0,rsv_vol_28_50_44_440=0,rsv_vol_37_50_44_440=2.27898,rsv_vol_63_50_44_440=7545.16,rsv_vol_65_50_44_440=-28.0204,rsv_vol_67_50_44_440=10508.2,sddp_alpha_0_43=1000
o,43,1,sddp_ecut_0_43_75_7,7.71882e+08,,rsv_vol_1_50_43_430=0,rsv_vol_6_50_43_430=1.45338,rsv_vol_21_50_43_430=0,rsv_vol_28_50_43_430=0,rsv_vol_37_50_43_430=2.45561,rsv_vol_63_50_43_430=6525.85,rsv_vol_65_50_43_430=-28.2438,rsv_vol_67_50_43_430=12635.8,sddp_alpha_0_42=1000
o,42,1,sddp_ecut_0_42_75_8,8.26884e+08,,rsv_vol_1_50_42_420=0,rsv_vol_6_50_42_420=2.01369,rsv_vol_21_50_42_420=0,rsv_vol_28_50_42_420=0,rsv_vol_37_50_42_420=3.00551,rsv_vol_63_50_42_420=8883.06,rsv_vol_65_50_42_420=-14.2345,rsv_vol_67_50_42_420=14733.5,sddp_alpha_0_41=1000
o,41,1,sddp_ecut_0_41_75_9,8.32332e+08,,rsv_vol_1_50_41_410=0,rsv_vol_6_50_41_410=1.89132,rsv_vol_21_50_41_410=0,rsv_vol_28_50_41_410=0,rsv_vol_37_50_41_410=2.95122,rsv_vol_63_50_41_410=6677.09,rsv_vol_65_50_41_410=4962.15,rsv_vol_67_50_41_410=11700.4,sddp_alpha_0_40=1000
o,40,1,sddp_ecut_0_40_75_10,8.47719e+08,,rsv_vol_1_50_40_400=0,rsv_vol_6_50_40_400=2.03587,rsv_vol_21_50_40_400=0,rsv_vol_28_50_40_400=0,rsv_vol_37_50_40_400=4.35808,rsv_vol_63_50_40_400=8532.25,rsv_vol_65_50_40_400=4695.37,rsv_vol_67_50_40_400=14517.1,sddp_alpha_0_39=1000
o,39,1,sddp_ecut_0_39_75_11,7.73673e+08,,rsv_vol_1_50_39_390=0,rsv_vol_6_50_39_390=1.80547,rsv_vol_21_50_39_390=0,rsv_vol_28_50_39_390=0,rsv_vol_37_50_39_390=3.81567,rsv_vol_63_50_39_390=8647.2,rsv_vol_65_50_39_390=4663.56,rsv_vol_67_50_39_390=15042.9,sddp_alpha_0_38=1000
o,38,1,sddp_ecut_0_38_75_12,7.79346e+08,,rsv_vol_1_50_38_380=0,rsv_vol_6_50_38_380=-12.7532,rsv_vol_21_50_38_380=0,rsv_vol_28_50_38_380=0,rsv_vol_37_50_38_380=2.83015,rsv_vol_63_50_38_380=9549.15,rsv_vol_65_50_38_380=12661.7,rsv_vol_67_50_38_380=-235.104,sddp_alpha_0_37=1000
o,37,1,sddp_ecut_0_37_75_13,6.45813e+08,,rsv_vol_1_50_37_370=0,rsv_vol_6_50_37_370=-13.6252,rsv_vol_21_50_37_370=0,rsv_vol_28_50_37_370=0,rsv_vol_37_50_37_370=2.23528,rsv_vol_63_50_37_370=9443.88,rsv_vol_65_50_37_370=0,rsv_vol_67_50_37_370=15930,sddp_alpha_0_36=1000
o,36,1,sddp_ecut_0_36_75_14,7.0939e+08,,rsv_vol_1_50_36_360=0,rsv_vol_6_50_36_360=-29.2047,rsv_vol_21_50_36_360=0,rsv_vol_28_50_36_360=0,rsv_vol_37_50_36_360=2.77566,rsv_vol_63_50_36_360=9090.91,rsv_vol_65_50_36_360=0,rsv_vol_67_50_36_360=15229.1,sddp_alpha_0_35=1000
o,35,1,sddp_ecut_0_35_75_15,7.38236e+08,,rsv_vol_1_50_35_350=0,rsv_vol_6_50_35_350=-105.102,rsv_vol_21_50_35_350=0,rsv_vol_28_50_35_350=0,rsv_vol_37_50_35_350=0.693072,rsv_vol_63_50_35_350=8573.34,rsv_vol_65_50_35_350=0,rsv_vol_67_50_35_350=3253.05,sddp_alpha_0_34=1000
o,34,1,sddp_ecut_0_34_75_16,7.15841e+08,,rsv_vol_1_50_34_340=0,rsv_vol_6_50_34_340=-29.8209,rsv_vol_21_50_34_340=0,rsv_vol_28_50_34_340=0,rsv_vol_37_50_34_340=1.1029,rsv_vol_63_50_34_340=9189.82,rsv_vol_65_50_34_340=0,rsv_vol_67_50_34_340=1639.13,sddp_alpha_0_33=1000
o,33,1,sddp_ecut_0_33_75_17,7.85711e+08,,rsv_vol_1_50_33_330=0,rsv_vol_6_50_33_330=1.41522,rsv_vol_21_50_33_330=0,rsv_vol_28_50_33_330=0,rsv_vol_37_50_33_330=2.15555,rsv_vol_63_50_33_330=7432.22,rsv_vol_65_50_33_330=0,rsv_vol_67_50_33_330=7990.96,sddp_alpha_0_32=1000
o,32,1,sddp_ecut_0_32_75_18,7.86227e+08,,rsv_vol_1_50_32_320=0,rsv_vol_6_50_32_320=1.50884,rsv_vol_21_50_32_320=0,rsv_vol_28_50_32_320=0,rsv_vol_37_50_32_320=1.93903,rsv_vol_63_50_32_320=4402.97,rsv_vol_65_50_32_320=0,rsv_vol_67_50_32_320=8573.67,sddp_alpha_0_31=1000
o,31,1,sddp_ecut_0_31_75_19,8.80882e+08,,rsv_vol_1_50_31_310=0,rsv_vol_6_50_31_310=1.86777,rsv_vol_21_50_31_310=0,rsv_vol_28_50_31_310=0,rsv_vol_37_50_31_310=2.48662,rsv_vol_63_50_31_310=1807.29,rsv_vol_65_50_31_310=-15.5341,rsv_vol_67_50_31_310=12724.6,sddp_alpha_0_30=1000
o,30,1,sddp_ecut_0_30_75_20,9.50338e+08,,rsv_vol_1_50_30_300=0,rsv_vol_6_50_30_300=2.42933,rsv_vol_21_50_30_300=0,rsv_vol_28_50_30_300=0,rsv_vol_37_50_30_300=3.57529,rsv_vol_63_50_30_300=8717.49,rsv_vol_65_50_30_300=-31.3159,rsv_vol_67_50_30_300=16476.2,sddp_alpha_0_29=1000
o,29,1,sddp_ecut_0_29_75_21,9.75418e+08,,rsv_vol_1_50_29_290=0,rsv_vol_6_50_29_290=3.07721,rsv_vol_21_50_29_290=0,rsv_vol_28_50_29_290=0,rsv_vol_37_50_29_290=2.22383,rsv_vol_63_50_29_290=8648.77,rsv_vol_65_50_29_290=15585.7,rsv_vol_67_50_29_290=3619.72,sddp_alpha_0_28=1000
o,28,1,sddp_ecut_0_28_75_22,1.03339e+09,,rsv_vol_1_50_28_280=0,rsv_vol_6_50_28_280=3.41761,rsv_vol_21_50_28_280=0,rsv_vol_28_50_28_280=0,rsv_vol_37_50_28_280=6.63199,rsv_vol_63_50_28_280=10199,rsv_vol_65_50_28_280=23688.4,rsv_vol_67_50_28_280=1852.15,sddp_alpha_0_27=1000
o,27,1,sddp_ecut_0_27_75_23,9.23448e+08,,rsv_vol_1_50_27_270=0,rsv_vol_6_50_27_270=-30.9372,rsv_vol_21_50_27_270=0,rsv_vol_28_50_27_270=0,rsv_vol_37_50_27_270=1.23183,rsv_vol_63_50_27_270=9289.17,rsv_vol_65_50_27_270=4392.88,rsv_vol_67_50_27_270=-256.569,sddp_alpha_0_26=1000
o,26,1,sddp_ecut_0_26_75_24,9.38607e+08,,rsv_vol_1_50_26_260=0,rsv_vol_6_50_26_260=-47.1974,rsv_vol_21_50_26_260=0,rsv_vol_28_50_26_260=0,rsv_vol_37_50_26_260=5.18722,rsv_vol_63_50_26_260=10361.7,rsv_vol_65_50_26_260=0,rsv_vol_67_50_26_260=17207.8,sddp_alpha_0_25=1000
o,25,1,sddp_ecut_0_25_75_25,8.2928e+08,,rsv_vol_1_50_25_250=0,rsv_vol_6_50_25_250=-63.968,rsv_vol_21_50_25_250=0,rsv_vol_28_50_25_250=0,rsv_vol_37_50_25_250=4.78176,rsv_vol_63_50_25_250=11019,rsv_vol_65_50_25_250=0,rsv_vol_67_50_25_250=18631.8,sddp_alpha_0_24=1000
o,24,1,sddp_ecut_0_24_75_26,9.00769e+08,,rsv_vol_1_50_24_240=0,rsv_vol_6_50_24_240=-146.75,rsv_vol_21_50_24_240=0,rsv_vol_28_50_24_240=0,rsv_vol_37_50_24_240=3.85428,rsv_vol_63_50_24_240=10337,rsv_vol_65_50_24_240=0,rsv_vol_67_50_24_240=17158.7,sddp_alpha_0_23=1000
o,23,1,sddp_ecut_0_23_75_27,8.7139e+08,,rsv_vol_1_50_23_230=0,rsv_vol_6_50_23_230=-115.323,rsv_vol_21_50_23_230=0,rsv_vol_28_50_23_230=0,rsv_vol_37_50_23_230=1.29822,rsv_vol_63_50_23_230=8882.42,rsv_vol_65_50_23_230=0,rsv_vol_67_50_23_230=6594.82,sddp_alpha_0_22=1000
o,22,1,sddp_ecut_0_22_75_28,2.25306e+08,,rsv_vol_1_50_22_220=0,rsv_vol_6_50_22_220=0.3573,rsv_vol_21_50_22_220=0,rsv_vol_28_50_22_220=0,rsv_vol_37_50_22_220=0.483474,rsv_vol_63_50_22_220=7.80866,rsv_vol_65_50_22_220=-16.6852,rsv_vol_67_50_22_220=2751.78,sddp_alpha_0_21=1000
o,21,1,sddp_ecut_0_21_75_29,1.97243e+08,,rsv_vol_1_50_21_210=0,rsv_vol_6_50_21_210=0.327868,rsv_vol_21_50_21_210=0,rsv_vol_28_50_21_210=0,rsv_vol_37_50_21_210=0.353737,rsv_vol_63_50_21_210=7.20799,rsv_vol_65_50_21_210=-16.6852,rsv_vol_67_50_21_210=1323.9,sddp_alpha_0_20=1000
o,20,1,sddp_ecut_0_20_75_30,2.24944e+08,,rsv_vol_1_50_20_200=0,rsv_vol_6_50_20_200=0.396313,rsv_vol_21_50_20_200=0,rsv_vol_28_50_20_200=0,rsv_vol_37_50_20_200=0.345962,rsv_vol_63_50_20_200=6.00666,rsv_vol_65_50_20_200=-50.0555,rsv_vol_67_50_20_200=1140.36,sddp_alpha_0_19=1000
o,19,1,sddp_ecut_0_19_75_31,1.9615e+08,,rsv_vol_1_50_19_190=0,rsv_vol_6_50_19_190=0.358616,rsv_vol_21_50_19_190=0,rsv_vol_28_50_19_190=0,rsv_vol_37_50_19_190=0.248175,rsv_vol_63_50_19_190=7.20799,rsv_vol_65_50_19_190=-50.0555,rsv_vol_67_50_19_190=392.776,sddp_alpha_0_18=1000
o,18,1,sddp_ecut_0_18_75_32,2.4088e+08,,rsv_vol_1_50_18_180=0,rsv_vol_6_50_18_180=0.402678,rsv_vol_21_50_18_180=0,rsv_vol_28_50_18_180=0,rsv_vol_37_50_18_180=0.414202,rsv_vol_63_50_18_180=7.26547,rsv_vol_65_50_18_180=-50.4547,rsv_vol_67_50_18_180=2041.26,sddp_alpha_0_17=1000
o,17,1,sddp_ecut_0_17_75_33,2.42099e+08,,rsv_vol_1_50_17_170=0,rsv_vol_6_50_17_170=0.412814,rsv_vol_21_50_17_170=0,rsv_vol_28_50_17_170=0,rsv_vol_37_50_17_170=0.503725,rsv_vol_63_50_17_170=7.26547,rsv_vol_65_50_17_170=-33.6364,rsv_vol_67_50_17_170=1572.26,sddp_alpha_0_16=1000
o,16,1,sddp_ecut_0_16_75_34,2.42624e+08,,rsv_vol_1_50_16_160=0,rsv_vol_6_50_16_160=0.418494,rsv_vol_21_50_16_160=0,rsv_vol_28_50_16_160=0,rsv_vol_37_50_16_160=0.488897,rsv_vol_63_50_16_160=6.66001,rsv_vol_65_50_16_160=0,rsv_vol_67_50_16_160=3249.37,sddp_alpha_0_15=1000
o,15,1,sddp_ecut_0_15_75_35,2.12073e+08,,rsv_vol_1_50_15_150=0,rsv_vol_6_50_15_150=0.375323,rsv_vol_21_50_15_150=0,rsv_vol_28_50_15_150=0,rsv_vol_37_50_15_150=0.336979,rsv_vol_63_50_15_150=4.23819,rsv_vol_65_50_15_150=-16.8182,rsv_vol_67_50_15_150=772.609,sddp_alpha_0_14=1000
o,14,1,sddp_ecut_0_14_75_36,2.51893e+08,,rsv_vol_1_50_14_140=0,rsv_vol_6_50_14_140=0.486347,rsv_vol_21_50_14_140=0,rsv_vol_28_50_14_140=0,rsv_vol_37_50_14_140=0.585543,rsv_vol_63_50_14_140=4.88227,rsv_vol_65_50_14_140=-16.9523,rsv_vol_67_50_14_140=5388.82,sddp_alpha_0_13=1000
o,13,1,sddp_ecut_0_13_75_37,2.17886e+08,,rsv_vol_1_50_13_130=0,rsv_vol_6_50_13_130=0.381142,rsv_vol_21_50_13_130=0,rsv_vol_28_50_13_130=0,rsv_vol_37_50_13_130=0.384669,rsv_vol_63_50_13_130=3.05447,rsv_vol_65_50_13_130=-16.9523,rsv_vol_67_50_13_130=1364.34,sddp_alpha_0_12=1000
o,12,1,sddp_ecut_0_12_75_38,2.49692e+08,,rsv_vol_1_50_12_120=0,rsv_vol_6_50_12_120=0.463542,rsv_vol_21_50_12_120=0,rsv_vol_28_50_12_120=0,rsv_vol_37_50_12_120=0.569366,rsv_vol_63_50_12_120=3.66341,rsv_vol_65_50_12_120=-33.9046,rsv_vol_67_50_12_120=4862.43,sddp_alpha_0_11=1000
o,11,1,sddp_ecut_0_11_75_39,2.19629e+08,,rsv_vol_1_50_11_110=0,rsv_vol_6_50_11_110=0.422289,rsv_vol_21_50_11_110=0,rsv_vol_28_50_11_110=0,rsv_vol_37_50_11_110=0.549519,rsv_vol_63_50_11_110=1.22057,rsv_vol_65_50_11_110=0,rsv_vol_67_50_11_110=1867.99,sddp_alpha_0_10=1000
o,10,1,sddp_ecut_0_10_75_40,2.60918e+08,,rsv_vol_1_50_10_100=0,rsv_vol_6_50_10_100=0.460434,rsv_vol_21_50_10_100=0,rsv_vol_28_50_10_100=0,rsv_vol_37_50_10_100=0.520056,rsv_vol_63_50_10_100=1.2303,rsv_vol_65_50_10_100=-34.175,rsv_vol_67_50_10_100=2725.03,sddp_alpha_0_9=1000
o,9,1,sddp_ecut_0_9_75_41,2.6257e+08,,rsv_vol_1_50_9_90=0,rsv_vol_6_50_9_90=0.471838,rsv_vol_21_50_9_90=0,rsv_vol_28_50_9_90=0,rsv_vol_37_50_9_90=0.533764,rsv_vol_63_50_9_90=0,rsv_vol_65_50_9_90=-17.0875,rsv_vol_67_50_9_90=2030.46,sddp_alpha_0_8=1000
o,8,1,sddp_ecut_0_8_75_42,2.63448e+08,,rsv_vol_1_50_8_80=0,rsv_vol_6_50_8_80=0.479546,rsv_vol_21_50_8_80=0,rsv_vol_28_50_8_80=0,rsv_vol_37_50_8_80=0.774691,rsv_vol_63_50_8_80=0.00579216,rsv_vol_65_50_8_80=-17.0875,rsv_vol_67_50_8_80=4295.42,sddp_alpha_0_7=1000
o,7,1,sddp_ecut_0_7_75_43,2.31658e+08,,rsv_vol_1_50_7_70=0,rsv_vol_6_50_7_70=0.434487,rsv_vol_21_50_7_70=0,rsv_vol_28_50_7_70=0,rsv_vol_37_50_7_70=0.680909,rsv_vol_63_50_7_70=0.00517157,rsv_vol_65_50_7_70=-17.0875,rsv_vol_67_50_7_70=3123.81,sddp_alpha_0_6=1000
o,6,1,sddp_ecut_0_6_75_44,2.81814e+08,,rsv_vol_1_50_6_60=0,rsv_vol_6_50_6_60=0.528607,rsv_vol_21_50_6_60=0,rsv_vol_28_50_6_60=0,rsv_vol_37_50_6_60=0.936707,rsv_vol_63_50_6_60=0.00756529,rsv_vol_65_50_6_60=0,rsv_vol_67_50_6_60=5943.57,sddp_alpha_0_5=1000
o,5,1,sddp_ecut_0_5_75_45,2.81885e+08,,rsv_vol_1_50_5_50=0,rsv_vol_6_50_5_50=0.554327,rsv_vol_21_50_5_50=0,rsv_vol_28_50_5_50=0,rsv_vol_37_50_5_50=0.73746,rsv_vol_63_50_5_50=0.00649041,rsv_vol_65_50_5_50=0,rsv_vol_67_50_5_50=4823.92,sddp_alpha_0_4=1000
o,4,1,sddp_ecut_0_4_75_46,2.83267e+08,,rsv_vol_1_50_4_40=0,rsv_vol_6_50_4_40=0.554263,rsv_vol_21_50_4_40=0,rsv_vol_28_50_4_40=0,rsv_vol_37_50_4_40=0.812836,rsv_vol_63_50_4_40=0,rsv_vol_65_50_4_40=0,rsv_vol_67_50_4_40=2573.44,sddp_alpha_0_3=1000
o,3,1,sddp_ecut_0_3_75_47,2.50811e+08,,rsv_vol_1_50_3_30=0,rsv_vol_6_50_3_30=0.545396,rsv_vol_21_50_3_30=0,rsv_vol_28_50_3_30=0,rsv_vol_37_50_3_30=0.744395,rsv_vol_63_50_3_30=0,rsv_vol_65_50_3_30=-34.4475,rsv_vol_67_50_3_30=2830.48,sddp_alpha_0_2=1000
o,2,1,sddp_ecut_0_2_75_48,2.25338e+08,,rsv_vol_1_50_2_20=0,rsv_vol_6_50_2_20=0.707866,rsv_vol_21_50_2_20=0,rsv_vol_28_50_2_20=0,rsv_vol_37_50_2_20=0.488828,rsv_vol_63_50_2_20=0,rsv_vol_65_50_2_20=-69.4444,rsv_vol_67_50_2_20=6213.54,sddp_alpha_0_1=1000
o,1,1,sddp_ecut_0_1_75_49,2.65508e+08,,rsv_vol_1_50_1_10=0,rsv_vol_6_50_1_10=0.843154,rsv_vol_21_50_1_10=0,rsv_vol_28_50_1_10=0,rsv_vol_37_50_1_10=0.507562,rsv_vol_63_50_1_10=0,rsv_vol_65_50_1_10=-17.3611,rsv_vol_67_50_1_10=9920.79,sddp_alpha_0_0=1000
o,50,1,sddp_ecut_0_50_76_0,7.4197e+08,,rsv_vol_1_50_50_500=0,rsv_vol_6_50_50_500=1.94792,rsv_vol_21_50_50_500=0,rsv_vol_28_50_50_500=0,rsv_vol_37_50_50_500=2.90475,rsv_vol_63_50_50_500=9343.02,rsv_vol_65_50_50_500=35009.8,rsv_vol_67_50_50_500=15127.2,sddp_alpha_0_49=1000
o,49,1,sddp_ecut_0_49_76_1,5.94245e+08,,rsv_vol_1_50_49_490=0,rsv_vol_6_50_49_490=-12.3816,rsv_vol_21_50_49_490=0,rsv_vol_28_50_49_490=0,rsv_vol_37_50_49_490=1.87958,rsv_vol_63_50_49_490=8418.64,rsv_vol_65_50_49_490=0,rsv_vol_67_50_49_490=14416.9,sddp_alpha_0_48=1000
o,48,1,sddp_ecut_0_48_76_2,6.5112e+08,,rsv_vol_1_50_48_480=0,rsv_vol_6_50_48_480=-26.4146,rsv_vol_21_50_48_480=0,rsv_vol_28_50_48_480=0,rsv_vol_37_50_48_480=2.43005,rsv_vol_63_50_48_480=7621.99,rsv_vol_65_50_48_480=0,rsv_vol_67_50_48_480=13639.3,sddp_alpha_0_47=1000
o,47,1,sddp_ecut_0_47_76_3,6.4186e+08,,rsv_vol_1_50_47_470=0,rsv_vol_6_50_47_470=-95.2668,rsv_vol_21_50_47_470=0,rsv_vol_28_50_47_470=0,rsv_vol_37_50_47_470=1.45394,rsv_vol_63_50_47_470=7678.17,rsv_vol_65_50_47_470=0,rsv_vol_67_50_47_470=9022.1,sddp_alpha_0_46=1000
o,46,1,sddp_ecut_0_46_76_4,6.21959e+08,,rsv_vol_1_50_46_460=0,rsv_vol_6_50_46_460=-123.55,rsv_vol_21_50_46_460=0,rsv_vol_28_50_46_460=0,rsv_vol_37_50_46_460=1.76338,rsv_vol_63_50_46_460=7622.2,rsv_vol_65_50_46_460=0,rsv_vol_67_50_46_460=6941.93,sddp_alpha_0_45=1000
o,45,1,sddp_ecut_0_45_76_5,6.87401e+08,,rsv_vol_1_50_45_450=0,rsv_vol_6_50_45_450=0.839902,rsv_vol_21_50_45_450=0,rsv_vol_28_50_45_450=0,rsv_vol_37_50_45_450=2.51234,rsv_vol_63_50_45_450=7123.3,rsv_vol_65_50_45_450=0,rsv_vol_67_50_45_450=11127.6,sddp_alpha_0_44=1000
o,44,1,sddp_ecut_0_44_76_6,6.90026e+08,,rsv_vol_1_50_44_440=0,rsv_vol_6_50_44_440=1.09349,rsv_vol_21_50_44_440=0,rsv_vol_28_50_44_440=0,rsv_vol_37_50_44_440=2.27898,rsv_vol_63_50_44_440=7545.16,rsv_vol_65_50_44_440=-28.0204,rsv_vol_67_50_44_440=10508.2,sddp_alpha_0_43=1000
o,43,1,sddp_ecut_0_43_76_7,7.71882e+08,,rsv_vol_1_50_43_430=0,rsv_vol_6_50_43_430=1.45338,rsv_vol_21_50_43_430=0,rsv_vol_28_50_43_430=0,rsv_vol_37_50_43_430=2.45561,rsv_vol_63_50_43_430=6525.85,rsv_vol_65_50_43_430=-28.2438,rsv_vol_67_50_43_430=12635.8,sddp_alpha_0_42=1000
o,42,1,sddp_ecut_0_42_76_8,8.26884e+08,,rsv_vol_1_50_42_420=0,rsv_vol_6_50_42_420=2.01369,rsv_vol_21_50_42_420=0,rsv_vol_28_50_42_420=0,rsv_vol_37_50_42_420=3.00551,rsv_vol_63_50_42_420=8883.06,rsv_vol_65_50_42_420=-14.2345,rsv_vol_67_50_42_420=14733.5,sddp_alpha_0_41=1000
o,41,1,sddp_ecut_0_41_76_9,8.32332e+08,,rsv_vol_1_50_41_410=0,rsv_vol_6_50_41_410=1.89132,rsv_vol_21_50_41_410=0,rsv_vol_28_50_41_410=0,rsv_vol_37_50_41_410=2.95122,rsv_vol_63_50_41_410=6677.09,rsv_vol_65_50_41_410=4962.15,rsv_vol_67_50_41_410=11700.4,sddp_alpha_0_40=1000
o,40,1,sddp_ecut_0_40_76_10,8.47719e+08,,rsv_vol_1_50_40_400=0,rsv_vol_6_50_40_400=2.03587,rsv_vol_21_50_40_400=0,rsv_vol_28_50_40_400=0,rsv_vol_37_50_40_400=4.35808,rsv_vol_63_50_40_400=8532.25,rsv_vol_65_50_40_400=4695.37,rsv_vol_67_50_40_400=14517.1,sddp_alpha_0_39=1000
o,39,1,sddp_ecut_0_39_76_11,7.73673e+08,,rsv_vol_1_50_39_390=0,rsv_vol_6_50_39_390=1.80547,rsv_vol_21_50_39_390=0,rsv_vol_28_50_39_390=0,rsv_vol_37_50_39_390=3.81567,rsv_vol_63_50_39_390=8647.2,rsv_vol_65_50_39_390=4663.56,rsv_vol_67_50_39_390=15042.9,sddp_alpha_0_38=1000
o,38,1,sddp_ecut_0_38_76_12,7.79346e+08,,rsv_vol_1_50_38_380=0,rsv_vol_6_50_38_380=-12.7532,rsv_vol_21_50_38_380=0,rsv_vol_28_50_38_380=0,rsv_vol_37_50_38_380=2.83015,rsv_vol_63_50_38_380=9549.15,rsv_vol_65_50_38_380=12661.7,rsv_vol_67_50_38_380=-235.104,sddp_alpha_0_37=1000
o,37,1,sddp_ecut_0_37_76_13,6.45813e+08,,rsv_vol_1_50_37_370=0,rsv_vol_6_50_37_370=-13.6252,rsv_vol_21_50_37_370=0,rsv_vol_28_50_37_370=0,rsv_vol_37_50_37_370=2.23528,rsv_vol_63_50_37_370=9443.88,rsv_vol_65_50_37_370=0,rsv_vol_67_50_37_370=15930,sddp_alpha_0_36=1000
o,36,1,sddp_ecut_0_36_76_14,7.0939e+08,,rsv_vol_1_50_36_360=0,rsv_vol_6_50_36_360=-29.2047,rsv_vol_21_50_36_360=0,rsv_vol_28_50_36_360=0,rsv_vol_37_50_36_360=2.77566,rsv_vol_63_50_36_360=9090.91,rsv_vol_65_50_36_360=0,rsv_vol_67_50_36_360=15229.1,sddp_alpha_0_35=1000
o,35,1,sddp_ecut_0_35_76_15,7.38236e+08,,rsv_vol_1_50_35_350=0,rsv_vol_6_50_35_350=-105.102,rsv_vol_21_50_35_350=0,rsv_vol_28_50_35_350=0,rsv_vol_37_50_35_350=0.693072,rsv_vol_63_50_35_350=8573.34,rsv_vol_65_50_35_350=0,rsv_vol_67_50_35_350=3253.05,sddp_alpha_0_34=1000
o,34,1,sddp_ecut_0_34_76_16,7.15841e+08,,rsv_vol_1_50_34_340=0,rsv_vol_6_50_34_340=-29.8209,rsv_vol_21_50_34_340=0,rsv_vol_28_50_34_340=0,rsv_vol_37_50_34_340=1.1029,rsv_vol_63_50_34_340=9189.82,rsv_vol_65_50_34_340=0,rsv_vol_67_50_34_340=1639.13,sddp_alpha_0_33=1000
o,33,1,sddp_ecut_0_33_76_17,7.85711e+08,,rsv_vol_1_50_33_330=0,rsv_vol_6_50_33_330=1.41522,rsv_vol_21_50_33_330=0,rsv_vol_28_50_33_330=0,rsv_vol_37_50_33_330=2.15555,rsv_vol_63_50_33_330=7432.22,rsv_vol_65_50_33_330=0,rsv_vol_67_50_33_330=7990.96,sddp_alpha_0_32=1000
o,32,1,sddp_ecut_0_32_76_18,7.86227e+08,,rsv_vol_1_50_32_320=0,rsv_vol_6_50_32_320=1.50884,rsv_vol_21_50_32_320=0,rsv_vol_28_50_32_320=0,rsv_vol_37_50_32_320=1.93903,rsv_vol_63_50_32_320=4402.97,rsv_vol_65_50_32_320=0,rsv_vol_67_50_32_320=8573.67,sddp_alpha_0_31=1000
o,31,1,sddp_ecut_0_31_76_19,8.80882e+08,,rsv_vol_1_50_31_310=0,rsv_vol_6_50_31_310=1.86777,rsv_vol_21_50_31_310=0,rsv_vol_28_50_31_310=0,rsv_vol_37_50_31_310=2.48662,rsv_vol_63_50_31_310=1807.29,rsv_vol_65_50_31_310=-15.5341,rsv_vol_67_50_31_310=12724.6,sddp_alpha_0_30=1000
o,30,1,sddp_ecut_0_30_76_20,9.50338e+08,,rsv_vol_1_50_30_300=0,rsv_vol_6_50_30_300=2.42933,rsv_vol_21_50_30_300=0,rsv_vol_28_50_30_300=0,rsv_vol_37_50_30_300=3.57529,rsv_vol_63_50_30_300=8717.49,rsv_vol_65_50_30_300=-31.3159,rsv_vol_67_50_30_300=16476.2,sddp_alpha_0_29=1000
o,29,1,sddp_ecut_0_29_76_21,9.75418e+08,,rsv_vol_1_50_29_290=0,rsv_vol_6_50_29_290=3.07721,rsv_vol_21_50_29_290=0,rsv_vol_28_50_29_290=0,rsv_vol_37_50_29_290=2.22383,rsv_vol_63_50_29_290=8648.77,rsv_vol_65_50_29_290=15585.7,rsv_vol_67_50_29_290=3619.72,sddp_alpha_0_28=1000
o,28,1,sddp_ecut_0_28_76_22,1.03339e+09,,rsv_vol_1_50_28_280=0,rsv_vol_6_50_28_280=3.41761,rsv_vol_21_50_28_280=0,rsv_vol_28_50_28_280=0,rsv_vol_37_50_28_280=6.63199,rsv_vol_63_50_28_280=10199,rsv_vol_65_50_28_280=23688.4,rsv_vol_67_50_28_280=1852.15,sddp_alpha_0_27=1000
o,27,1,sddp_ecut_0_27_76_23,9.23448e+08,,rsv_vol_1_50_27_270=0,rsv_vol_6_50_27_270=-30.9372,rsv_vol_21_50_27_270=0,rsv_vol_28_50_27_270=0,rsv_vol_37_50_27_270=1.23183,rsv_vol_63_50_27_270=9289.17,rsv_vol_65_50_27_270=4392.88,rsv_vol_67_50_27_270=-256.569,sddp_alpha_0_26=1000
o,26,1,sddp_ecut_0_26_76_24,9.38607e+08,,rsv_vol_1_50_26_260=0,rsv_vol_6_50_26_260=-47.1974,rsv_vol_21_50_26_260=0,rsv_vol_28_50_26_260=0,rsv_vol_37_50_26_260=5.18722,rsv_vol_63_50_26_260=10361.7,rsv_vol_65_50_26_260=0,rsv_vol_67_50_26_260=17207.8,sddp_alpha_0_25=1000
o,25,1,sddp_ecut_0_25_76_25,8.2928e+08,,rsv_vol_1_50_25_250=0,rsv_vol_6_50_25_250=-63.968,rsv_vol_21_50_25_250=0,rsv_vol_28_50_25_250=0,rsv_vol_37_50_25_250=4.78176,rsv_vol_63_50_25_250=11019,rsv_vol_65_50_25_250=0,rsv_vol_67_50_25_250=18631.8,sddp_alpha_0_24=1000
o,24,1,sddp_ecut_0_24_76_26,9.00769e+08,,rsv_vol_1_50_24_240=0,rsv_vol_6_50_24_240=-146.75,rsv_vol_21_50_24_240=0,rsv_vol_28_50_24_240=0,rsv_vol_37_50_24_240=3.85428,rsv_vol_63_50_24_240=10337,rsv_vol_65_50_24_240=0,rsv_vol_67_50_24_240=17158.7,sddp_alpha_0_23=1000
o,23,1,sddp_ecut_0_23_76_27,8.7139e+08,,rsv_vol_1_50_23_230=0,rsv_vol_6_50_23_230=-115.323,rsv_vol_21_50_23_230=0,rsv_vol_28_50_23_230=0,rsv_vol_37_50_23_230=1.29822,rsv_vol_63_50_23_230=8882.42,rsv_vol_65_50_23_230=0,rsv_vol_67_50_23_230=6594.82,sddp_alpha_0_22=1000
o,22,1,sddp_ecut_0_22_76_28,2.25306e+08,,rsv_vol_1_50_22_220=0,rsv_vol_6_50_22_220=0.3573,rsv_vol_21_50_22_220=0,rsv_vol_28_50_22_220=0,rsv_vol_37_50_22_220=0.483474,rsv_vol_63_50_22_220=7.80866,rsv_vol_65_50_22_220=-16.6852,rsv_vol_67_50_22_220=2751.78,sddp_alpha_0_21=1000
o,21,1,sddp_ecut_0_21_76_29,1.97243e+08,,rsv_vol_1_50_21_210=0,rsv_vol_6_50_21_210=0.327868,rsv_vol_21_50_21_210=0,rsv_vol_28_50_21_210=0,rsv_vol_37_50_21_210=0.353737,rsv_vol_63_50_21_210=7.20799,rsv_vol_65_50_21_210=-16.6852,rsv_vol_67_50_21_210=1323.9,sddp_alpha_0_20=1000
o,20,1,sddp_ecut_0_20_76_30,2.24944e+08,,rsv_vol_1_50_20_200=0,rsv_vol_6_50_20_200=0.396313,rsv_vol_21_50_20_200=0,rsv_vol_28_50_20_200=0,rsv_vol_37_50_20_200=0.345962,rsv_vol_63_50_20_200=6.00666,rsv_vol_65_50_20_200=-50.0555,rsv_vol_67_50_20_200=1140.36,sddp_alpha_0_19=1000
o,19,1,sddp_ecut_0_19_76_31,1.9615e+08,,rsv_vol_1_50_19_190=0,rsv_vol_6_50_19_190=0.358616,rsv_vol_21_50_19_190=0,rsv_vol_28_50_19_190=0,rsv_vol_37_50_19_190=0.248175,rsv_vol_63_50_19_190=7.20799,rsv_vol_65_50_19_190=-50.0555,rsv_vol_67_50_19_190=392.776,sddp_alpha_0_18=1000
o,18,1,sddp_ecut_0_18_76_32,2.4088e+08,,rsv_vol_1_50_18_180=0,rsv_vol_6_50_18_180=0.402678,rsv_vol_21_50_18_180=0,rsv_vol_28_50_18_180=0,rsv_vol_37_50_18_180=0.414202,rsv_vol_63_50_18_180=7.26547,rsv_vol_65_50_18_180=-50.4547,rsv_vol_67_50_18_180=2041.26,sddp_alpha_0_17=1000
o,17,1,sddp_ecut_0_17_76_33,2.42099e+08,,rsv_vol_1_50_17_170=0,rsv_vol_6_50_17_170=0.412814,rsv_vol_21_50_17_170=0,rsv_vol_28_50_17_170=0,rsv_vol_37_50_17_170=0.503725,rsv_vol_63_50_17_170=7.26547,rsv_vol_65_50_17_170=-33.6364,rsv_vol_67_50_17_170=1572.26,sddp_alpha_0_16=1000
o,16,1,sddp_ecut_0_16_76_34,2.42624e+08,,rsv_vol_1_50_16_160=0,rsv_vol_6_50_16_160=0.418494,rsv_vol_21_50_16_160=0,rsv_vol_28_50_16_160=0,rsv_vol_37_50_16_160=0.488897,rsv_vol_63_50_16_160=6.66001,rsv_vol_65_50_16_160=0,rsv_vol_67_50_16_160=3249.37,sddp_alpha_0_15=1000
o,15,1,sddp_ecut_0_15_76_35,2.12073e+08,,rsv_vol_1_50_15_150=0,rsv_vol_6_50_15_150=0.375323,rsv_vol_21_50_15_150=0,rsv_vol_28_50_15_150=0,rsv_vol_37_50_15_150=0.336979,rsv_vol_63_50_15_150=4.23819,rsv_vol_65_50_15_150=-16.8182,rsv_vol_67_50_15_150=772.609,sddp_alpha_0_14=1000
o,14,1,sddp_ecut_0_14_76_36,2.51893e+08,,rsv_vol_1_50_14_140=0,rsv_vol_6_50_14_140=0.486347,rsv_vol_21_50_14_140=0,rsv_vol_28_50_14_140=0,rsv_vol_37_50_14_140=0.585543,rsv_vol_63_50_14_140=4.88227,rsv_vol_65_50_14_140=-16.9523,rsv_vol_67_50_14_140=5388.82,sddp_alpha_0_13=1000
o,13,1,sddp_ecut_0_13_76_37,2.17886e+08,,rsv_vol_1_50_13_130=0,rsv_vol_6_50_13_130=0.381142,rsv_vol_21_50_13_130=0,rsv_vol_28_50_13_130=0,rsv_vol_37_50_13_130=0.384669,rsv_vol_63_50_13_130=3.0545,rsv_vol_65_50_13_130=-16.9523,rsv_vol_67_50_13_130=1364.34,sddp_alpha_0_12=1000
o,12,1,sddp_ecut_0_12_76_38,2.49692e+08,,rsv_vol_1_50_12_120=0,rsv_vol_6_50_12_120=0.463542,rsv_vol_21_50_12_120=0,rsv_vol_28_50_12_120=0,rsv_vol_37_50_12_120=0.569366,rsv_vol_63_50_12_120=3.66341,rsv_vol_65_50_12_120=-33.9046,rsv_vol_67_50_12_120=4862.43,sddp_alpha_0_11=1000
o,11,1,sddp_ecut_0_11_76_39,2.19629e+08,,rsv_vol_1_50_11_110=0,rsv_vol_6_50_11_110=0.422289,rsv_vol_21_50_11_110=0,rsv_vol_28_50_11_110=0,rsv_vol_37_50_11_110=0.549519,rsv_vol_63_50_11_110=1.22057,rsv_vol_65_50_11_110=0,rsv_vol_67_50_11_110=1867.99,sddp_alpha_0_10=1000
o,10,1,sddp_ecut_0_10_76_40,2.60918e+08,,rsv_vol_1_50_10_100=0,rsv_vol_6_50_10_100=0.460434,rsv_vol_21_50_10_100=0,rsv_vol_28_50_10_100=0,rsv_vol_37_50_10_100=0.520056,rsv_vol_63_50_10_100=1.2303,rsv_vol_65_50_10_100=-34.175,rsv_vol_67_50_10_100=2725.03,sddp_alpha_0_9=1000
o,9,1,sddp_ecut_0_9_76_41,2.6257e+08,,rsv_vol_1_50_9_90=0,rsv_vol_6_50_9_90=0.471838,rsv_vol_21_50_9_90=0,rsv_vol_28_50_9_90=0,rsv_vol_37_50_9_90=0.533764,rsv_vol_63_50_9_90=0,rsv_vol_65_50_9_90=-17.0875,rsv_vol_67_50_9_90=2030.46,sddp_alpha_0_8=1000
o,8,1,sddp_ecut_0_8_76_42,2.63448e+08,,rsv_vol_1_50_8_80=0,rsv_vol_6_50_8_80=0.479546,rsv_vol_21_50_8_80=0,rsv_vol_28_50_8_80=0,rsv_vol_37_50_8_80=0.774691,rsv_vol_63_50_8_80=0.00579216,rsv_vol_65_50_8_80=-17.0875,rsv_vol_67_50_8_80=4295.42,sddp_alpha_0_7=1000
o,7,1,sddp_ecut_0_7_76_43,2.31658e+08,,rsv_vol_1_50_7_70=0,rsv_vol_6_50_7_70=0.434487,rsv_vol_21_50_7_70=0,rsv_vol_28_50_7_70=0,rsv_vol_37_50_7_70=0.680909,rsv_vol_63_50_7_70=0.00517157,rsv_vol_65_50_7_70=-17.0875,rsv_vol_67_50_7_70=3123.81,sddp_alpha_0_6=1000
o,6,1,sddp_ecut_0_6_76_44,2.81814e+08,,rsv_vol_1_50_6_60=0,rsv_vol_6_50_6_60=0.528607,rsv_vol_21_50_6_60=0,rsv_vol_28_50_6_60=0,rsv_vol_37_50_6_60=0.936707,rsv_vol_63_50_6_60=0.00756443,rsv_vol_65_50_6_60=0,rsv_vol_67_50_6_60=5943.57,sddp_alpha_0_5=1000
o,5,1,sddp_ecut_0_5_76_45,2.81885e+08,,rsv_vol_1_50_5_50=0,rsv_vol_6_50_5_50=0.554327,rsv_vol_21_50_5_50=0,rsv_vol_28_50_5_50=0,rsv_vol_37_50_5_50=0.73746,rsv_vol_63_50_5_50=0.00649041,rsv_vol_65_50_5_50=0,rsv_vol_67_50_5_50=4823.92,sddp_alpha_0_4=1000
o,4,1,sddp_ecut_0_4_76_46,2.83267e+08,,rsv_vol_1_50_4_40=0,rsv_vol_6_50_4_40=0.554263,rsv_vol_21_50_4_40=0,rsv_vol_28_50_4_40=0,rsv_vol_37_50_4_40=0.812836,rsv_vol_63_50_4_40=0,rsv_vol_65_50_4_40=0,rsv_vol_67_50_4_40=2573.44,sddp_alpha_0_3=1000
o,3,1,sddp_ecut_0_3_76_47,2.50811e+08,,rsv_vol_1_50_3_30=0,rsv_vol_6_50_3_30=0.545396,rsv_vol_21_50_3_30=0,rsv_vol_28_50_3_30=0,rsv_vol_37_50_3_30=0.744395,rsv_vol_63_50_3_30=0,rsv_vol_65_50_3_30=-34.4475,rsv_vol_67_50_3_30=2830.48,sddp_alpha_0_2=1000
o,2,1,sddp_ecut_0_2_76_48,2.25338e+08,,rsv_vol_1_50_2_20=0,rsv_vol_6_50_2_20=0.707866,rsv_vol_21_50_2_20=0,rsv_vol_28_50_2_20=0,rsv_vol_37_50_2_20=0.488828,rsv_vol_63_50_2_20=0,rsv_vol_65_50_2_20=-69.4444,rsv_vol_67_50_2_20=6213.54,sddp_alpha_0_1=1000
o,1,1,sddp_ecut_0_1_76_49,2.65508e+08,,rsv_vol_1_50_1_10=0,rsv_vol_6_50_1_10=0.843154,rsv_vol_21_50_1_10=0,rsv_vol_28_50_1_10=0,rsv_vol_37_50_1_10=0.507562,rsv_vol_63_50_1_10=0,rsv_vol_65_50_1_10=-17.3611,rsv_vol_67_50_1_10=9920.79,sddp_alpha_0_0=1000
o,50,1,sddp_ecut_0_50_77_0,7.4197e+08,,rsv_vol_1_50_50_500=0,rsv_vol_6_50_50_500=1.94792,rsv_vol_21_50_50_500=0,rsv_vol_28_50_50_500=0,rsv_vol_37_50_50_500=2.90475,rsv_vol_63_50_50_500=9343.02,rsv_vol_65_50_50_500=35009.8,rsv_vol_67_50_50_500=15127.2,sddp_alpha_0_49=1000
o,49,1,sddp_ecut_0_49_77_1,5.94245e+08,,rsv_vol_1_50_49_490=0,rsv_vol_6_50_49_490=-12.3816,rsv_vol_21_50_49_490=0,rsv_vol_28_50_49_490=0,rsv_vol_37_50_49_490=1.87958,rsv_vol_63_50_49_490=8418.64,rsv_vol_65_50_49_490=0,rsv_vol_67_50_49_490=14416.9,sddp_alpha_0_48=1000
o,48,1,sddp_ecut_0_48_77_2,6.5112e+08,,rsv_vol_1_50_48_480=0,rsv_vol_6_50_48_480=-26.4146,rsv_vol_21_50_48_480=0,rsv_vol_28_50_48_480=0,rsv_vol_37_50_48_480=2.43005,rsv_vol_63_50_48_480=7621.99,rsv_vol_65_50_48_480=0,rsv_vol_67_50_48_480=13639.3,sddp_alpha_0_47=1000
o,47,1,sddp_ecut_0_47_77_3,6.4186e+08,,rsv_vol_1_50_47_470=0,rsv_vol_6_50_47_470=-95.2668,rsv_vol_21_50_47_470=0,rsv_vol_28_50_47_470=0,rsv_vol_37_50_47_470=1.45394,rsv_vol_63_50_47_470=7678.17,rsv_vol_65_50_47_470=0,rsv_vol_67_50_47_470=9022.1,sddp_alpha_0_46=1000
o,46,1,sddp_ecut_0_46_77_4,6.21959e+08,,rsv_vol_1_50_46_460=0,rsv_vol_6_50_46_460=-123.55,rsv_vol_21_50_46_460=0,rsv_vol_28_50_46_460=0,rsv_vol_37_50_46_460=1.76338,rsv_vol_63_50_46_460=7622.2,rsv_vol_65_50_46_460=0,rsv_vol_67_50_46_460=6941.93,sddp_alpha_0_45=1000
o,45,1,sddp_ecut_0_45_77_5,6.87401e+08,,rsv_vol_1_50_45_450=0,rsv_vol_6_50_45_450=0.839902,rsv_vol_21_50_45_450=0,rsv_vol_28_50_45_450=0,rsv_vol_37_50_45_450=2.51234,rsv_vol_63_50_45_450=7123.3,rsv_vol_65_50_45_450=0,rsv_vol_67_50_45_450=11127.6,sddp_alpha_0_44=1000
o,44,1,sddp_ecut_0_44_77_6,6.90026e+08,,rsv_vol_1_50_44_440=0,rsv_vol_6_50_44_440=1.09349,rsv_vol_21_50_44_440=0,rsv_vol_28_50_44_440=0,rsv_vol_37_50_44_440=2.27898,rsv_vol_63_50_44_440=7545.16,rsv_vol_65_50_44_440=-28.0204,rsv_vol_67_50_44_440=10508.2,sddp_alpha_0_43=1000
o,43,1,sddp_ecut_0_43_77_7,7.71882e+08,,rsv_vol_1_50_43_430=0,rsv_vol_6_50_43_430=1.45338,rsv_vol_21_50_43_430=0,rsv_vol_28_50_43_430=0,rsv_vol_37_50_43_430=2.45561,rsv_vol_63_50_43_430=6525.85,rsv_vol_65_50_43_430=-28.2438,rsv_vol_67_50_43_430=12635.8,sddp_alpha_0_42=1000
o,42,1,sddp_ecut_0_42_77_8,8.26884e+08,,rsv_vol_1_50_42_420=0,rsv_vol_6_50_42_420=2.01369,rsv_vol_21_50_42_420=0,rsv_vol_28_50_42_420=0,rsv_vol_37_50_42_420=3.00551,rsv_vol_63_50_42_420=8883.06,rsv_vol_65_50_42_420=-14.2345,rsv_vol_67_50_42_420=14733.5,sddp_alpha_0_41=1000
o,41,1,sddp_ecut_0_41_77_9,8.32332e+08,,rsv_vol_1_50_41_410=0,rsv_vol_6_50_41_410=1.89132,rsv_vol_21_50_41_410=0,rsv_vol_28_50_41_410=0,rsv_vol_37_50_41_410=2.95122,rsv_vol_63_50_41_410=6677.09,rsv_vol_65_50_41_410=4962.15,rsv_vol_67_50_41_410=11700.4,sddp_alpha_0_40=1000
o,40,1,sddp_ecut_0_40_77_10,8.47719e+08,,rsv_vol_1_50_40_400=0,rsv_vol_6_50_40_400=2.03587,rsv_vol_21_50_40_400=0,rsv_vol_28_50_40_400=0,rsv_vol_37_50_40_400=4.35808,rsv_vol_63_50_40_400=8532.25,rsv_vol_65_50_40_400=4695.37,rsv_vol_67_50_40_400=14517.1,sddp_alpha_0_39=1000
o,39,1,sddp_ecut_0_39_77_11,7.73673e+08,,rsv_vol_1_50_39_390=0,rsv_vol_6_50_39_390=1.80547,rsv_vol_21_50_39_390=0,rsv_vol_28_50_39_390=0,rsv_vol_37_50_39_390=3.81567,rsv_vol_63_50_39_390=8647.2,rsv_vol_65_50_39_390=4663.56,rsv_vol_67_50_39_390=15042.9,sddp_alpha_0_38=1000
o,38,1,sddp_ecut_0_38_77_12,7.79346e+08,,rsv_vol_1_50_38_380=0,rsv_vol_6_50_38_380=-12.7532,rsv_vol_21_50_38_380=0,rsv_vol_28_50_38_380=0,rsv_vol_37_50_38_380=2.83015,rsv_vol_63_50_38_380=9549.15,rsv_vol_65_50_38_380=12661.7,rsv_vol_67_50_38_380=-235.104,sddp_alpha_0_37=1000
o,37,1,sddp_ecut_0_37_77_13,6.45813e+08,,rsv_vol_1_50_37_370=0,rsv_vol_6_50_37_370=-13.6252,rsv_vol_21_50_37_370=0,rsv_vol_28_50_37_370=0,rsv_vol_37_50_37_370=2.23528,rsv_vol_63_50_37_370=9443.88,rsv_vol_65_50_37_370=0,rsv_vol_67_50_37_370=15930,sddp_alpha_0_36=1000
o,36,1,sddp_ecut_0_36_77_14,7.0939e+08,,rsv_vol_1_50_36_360=0,rsv_vol_6_50_36_360=-29.2047,rsv_vol_21_50_36_360=0,rsv_vol_28_50_36_360=0,rsv_vol_37_50_36_360=2.77566,rsv_vol_63_50_36_360=9090.91,rsv_vol_65_50_36_360=0,rsv_vol_67_50_36_360=15229.1,sddp_alpha_0_35=1000
o,35,1,sddp_ecut_0_35_77_15,7.38236e+08,,rsv_vol_1_50_35_350=0,rsv_vol_6_50_35_350=-105.102,rsv_vol_21_50_35_350=0,rsv_vol_28_50_35_350=0,rsv_vol_37_50_35_350=0.693072,rsv_vol_63_50_35_350=8573.34,rsv_vol_65_50_35_350=0,rsv_vol_67_50_35_350=3253.05,sddp_alpha_0_34=1000
o,34,1,sddp_ecut_0_34_77_16,7.15841e+08,,rsv_vol_1_50_34_340=0,rsv_vol_6_50_34_340=-29.8209,rsv_vol_21_50_34_340=0,rsv_vol_28_50_34_340=0,rsv_vol_37_50_34_340=1.1029,rsv_vol_63_50_34_340=9189.82,rsv_vol_65_50_34_340=0,rsv_vol_67_50_34_340=1639.13,sddp_alpha_0_33=1000
o,33,1,sddp_ecut_0_33_77_17,7.85711e+08,,rsv_vol_1_50_33_330=0,rsv_vol_6_50_33_330=1.41522,rsv_vol_21_50_33_330=0,rsv_vol_28_50_33_330=0,rsv_vol_37_50_33_330=2.15555,rsv_vol_63_50_33_330=7432.22,rsv_vol_65_50_33_330=0,rsv_vol_67_50_33_330=7990.96,sddp_alpha_0_32=1000
o,32,1,sddp_ecut_0_32_77_18,7.86227e+08,,rsv_vol_1_50_32_320=0,rsv_vol_6_50_32_320=1.50884,rsv_vol_21_50_32_320=0,rsv_vol_28_50_32_320=0,rsv_vol_37_50_32_320=1.93903,rsv_vol_63_50_32_320=4402.97,rsv_vol_65_50_32_320=0,rsv_vol_67_50_32_320=8573.67,sddp_alpha_0_31=1000
o,31,1,sddp_ecut_0_31_77_19,8.80882e+08,,rsv_vol_1_50_31_310=0,rsv_vol_6_50_31_310=1.86777,rsv_vol_21_50_31_310=0,rsv_vol_28_50_31_310=0,rsv_vol_37_50_31_310=2.48662,rsv_vol_63_50_31_310=1807.29,rsv_vol_65_50_31_310=-15.5341,rsv_vol_67_50_31_310=12724.6,sddp_alpha_0_30=1000
o,30,1,sddp_ecut_0_30_77_20,9.50338e+08,,rsv_vol_1_50_30_300=0,rsv_vol_6_50_30_300=2.42933,rsv_vol_21_50_30_300=0,rsv_vol_28_50_30_300=0,rsv_vol_37_50_30_300=3.57529,rsv_vol_63_50_30_300=8717.49,rsv_vol_65_50_30_300=-31.3159,rsv_vol_67_50_30_300=16476.2,sddp_alpha_0_29=1000
o,29,1,sddp_ecut_0_29_77_21,9.75418e+08,,rsv_vol_1_50_29_290=0,rsv_vol_6_50_29_290=3.07721,rsv_vol_21_50_29_290=0,rsv_vol_28_50_29_290=0,rsv_vol_37_50_29_290=2.22383,rsv_vol_63_50_29_290=8648.77,rsv_vol_65_50_29_290=15585.7,rsv_vol_67_50_29_290=3619.72,sddp_alpha_0_28=1000
o,28,1,sddp_ecut_0_28_77_22,1.03339e+09,,rsv_vol_1_50_28_280=0,rsv_vol_6_50_28_280=3.41761,rsv_vol_21_50_28_280=0,rsv_vol_28_50_28_280=0,rsv_vol_37_50_28_280=6.63199,rsv_vol_63_50_28_280=10199,rsv_vol_65_50_28_280=23688.4,rsv_vol_67_50_28_280=1852.15,sddp_alpha_0_27=1000
o,27,1,sddp_ecut_0_27_77_23,9.23448e+08,,rsv_vol_1_50_27_270=0,rsv_vol_6_50_27_270=-30.9372,rsv_vol_21_50_27_270=0,rsv_vol_28_50_27_270=0,rsv_vol_37_50_27_270=1.23183,rsv_vol_63_50_27_270=9289.17,rsv_vol_65_50_27_270=4392.88,rsv_vol_67_50_27_270=-256.569,sddp_alpha_0_26=1000
o,26,1,sddp_ecut_0_26_77_24,9.38607e+08,,rsv_vol_1_50_26_260=0,rsv_vol_6_50_26_260=-47.1974,rsv_vol_21_50_26_260=0,rsv_vol_28_50_26_260=0,rsv_vol_37_50_26_260=5.18722,rsv_vol_63_50_26_260=10361.7,rsv_vol_65_50_26_260=0,rsv_vol_67_50_26_260=17207.8,sddp_alpha_0_25=1000
o,25,1,sddp_ecut_0_25_77_25,8.2928e+08,,rsv_vol_1_50_25_250=0,rsv_vol_6_50_25_250=-63.968,rsv_vol_21_50_25_250=0,rsv_vol_28_50_25_250=0,rsv_vol_37_50_25_250=4.78176,rsv_vol_63_50_25_250=11019,rsv_vol_65_50_25_250=0,rsv_vol_67_50_25_250=18631.8,sddp_alpha_0_24=1000
o,24,1,sddp_ecut_0_24_77_26,9.00769e+08,,rsv_vol_1_50_24_240=0,rsv_vol_6_50_24_240=-146.75,rsv_vol_21_50_24_240=0,rsv_vol_28_50_24_240=0,rsv_vol_37_50_24_240=3.85428,rsv_vol_63_50_24_240=10337,rsv_vol_65_50_24_240=0,rsv_vol_67_50_24_240=17158.7,sddp_alpha_0_23=1000
o,23,1,sddp_ecut_0_23_77_27,8.7139e+08,,rsv_vol_1_50_23_230=0,rsv_vol_6_50_23_230=-115.323,rsv_vol_21_50_23_230=0,rsv_vol_28_50_23_230=0,rsv_vol_37_50_23_230=1.29822,rsv_vol_63_50_23_230=8882.42,rsv_vol_65_50_23_230=0,rsv_vol_67_50_23_230=6594.82,sddp_alpha_0_22=1000
o,22,1,sddp_ecut_0_22_77_28,2.25306e+08,,rsv_vol_1_50_22_220=0,rsv_vol_6_50_22_220=0.3573,rsv_vol_21_50_22_220=0,rsv_vol_28_50_22_220=0,rsv_vol_37_50_22_220=0.483474,rsv_vol_63_50_22_220=7.80866,rsv_vol_65_50_22_220=-16.6852,rsv_vol_67_50_22_220=2751.78,sddp_alpha_0_21=1000
o,21,1,sddp_ecut_0_21_77_29,1.97243e+08,,rsv_vol_1_50_21_210=0,rsv_vol_6_50_21_210=0.327868,rsv_vol_21_50_21_210=0,rsv_vol_28_50_21_210=0,rsv_vol_37_50_21_210=0.353737,rsv_vol_63_50_21_210=7.20799,rsv_vol_65_50_21_210=-16.6852,rsv_vol_67_50_21_210=1323.9,sddp_alpha_0_20=1000
o,20,1,sddp_ecut_0_20_77_30,2.24944e+08,,rsv_vol_1_50_20_200=0,rsv_vol_6_50_20_200=0.396313,rsv_vol_21_50_20_200=0,rsv_vol_28_50_20_200=0,rsv_vol_37_50_20_200=0.345962,rsv_vol_63_50_20_200=6.00666,rsv_vol_65_50_20_200=-50.0555,rsv_vol_67_50_20_200=1140.36,sddp_alpha_0_19=1000
o,19,1,sddp_ecut_0_19_77_31,1.9615e+08,,rsv_vol_1_50_19_190=0,rsv_vol_6_50_19_190=0.358616,rsv_vol_21_50_19_190=0,rsv_vol_28_50_19_190=0,rsv_vol_37_50_19_190=0.248175,rsv_vol_63_50_19_190=7.20799,rsv_vol_65_50_19_190=-50.0555,rsv_vol_67_50_19_190=392.776,sddp_alpha_0_18=1000
o,18,1,sddp_ecut_0_18_77_32,2.4088e+08,,rsv_vol_1_50_18_180=0,rsv_vol_6_50_18_180=0.402678,rsv_vol_21_50_18_180=0,rsv_vol_28_50_18_180=0,rsv_vol_37_50_18_180=0.414202,rsv_vol_63_50_18_180=7.26547,rsv_vol_65_50_18_180=-50.4547,rsv_vol_67_50_18_180=2041.26,sddp_alpha_0_17=1000
o,17,1,sddp_ecut_0_17_77_33,2.42099e+08,,rsv_vol_1_50_17_170=0,rsv_vol_6_50_17_170=0.412814,rsv_vol_21_50_17_170=0,rsv_vol_28_50_17_170=0,rsv_vol_37_50_17_170=0.503725,rsv_vol_63_50_17_170=7.26547,rsv_vol_65_50_17_170=-33.6364,rsv_vol_67_50_17_170=1572.26,sddp_alpha_0_16=1000
o,16,1,sddp_ecut_0_16_77_34,2.42624e+08,,rsv_vol_1_50_16_160=0,rsv_vol_6_50_16_160=0.418494,rsv_vol_21_50_16_160=0,rsv_vol_28_50_16_160=0,rsv_vol_37_50_16_160=0.488897,rsv_vol_63_50_16_160=6.66001,rsv_vol_65_50_16_160=0,rsv_vol_67_50_16_160=3249.37,sddp_alpha_0_15=1000
o,15,1,sddp_ecut_0_15_77_35,2.12073e+08,,rsv_vol_1_50_15_150=0,rsv_vol_6_50_15_150=0.375323,rsv_vol_21_50_15_150=0,rsv_vol_28_50_15_150=0,rsv_vol_37_50_15_150=0.336979,rsv_vol_63_50_15_150=4.23819,rsv_vol_65_50_15_150=-16.8182,rsv_vol_67_50_15_150=772.609,sddp_alpha_0_14=1000
o,14,1,sddp_ecut_0_14_77_36,2.51893e+08,,rsv_vol_1_50_14_140=0,rsv_vol_6_50_14_140=0.486347,rsv_vol_21_50_14_140=0,rsv_vol_28_50_14_140=0,rsv_vol_37_50_14_140=0.585543,rsv_vol_63_50_14_140=4.88227,rsv_vol_65_50_14_140=-16.9523,rsv_vol_67_50_14_140=5388.82,sddp_alpha_0_13=1000
o,13,1,sddp_ecut_0_13_77_37,2.17886e+08,,rsv_vol_1_50_13_130=0,rsv_vol_6_50_13_130=0.381142,rsv_vol_21_50_13_130=0,rsv_vol_28_50_13_130=0,rsv_vol_37_50_13_130=0.384669,rsv_vol_63_50_13_130=3.05446,rsv_vol_65_50_13_130=-16.9523,rsv_vol_67_50_13_130=1364.34,sddp_alpha_0_12=1000
o,12,1,sddp_ecut_0_12_77_38,2.49692e+08,,rsv_vol_1_50_12_120=0,rsv_vol_6_50_12_120=0.463542,rsv_vol_21_50_12_120=0,rsv_vol_28_50_12_120=0,rsv_vol_37_50_12_120=0.569366,rsv_vol_63_50_12_120=3.66341,rsv_vol_65_50_12_120=-33.9046,rsv_vol_67_50_12_120=4862.43,sddp_alpha_0_11=1000
o,11,1,sddp_ecut_0_11_77_39,2.19629e+08,,rsv_vol_1_50_11_110=0,rsv_vol_6_50_11_110=0.422289,rsv_vol_21_50_11_110=0,rsv_vol_28_50_11_110=0,rsv_vol_37_50_11_110=0.549519,rsv_vol_63_50_11_110=1.22057,rsv_vol_65_50_11_110=0,rsv_vol_67_50_11_110=1867.99,sddp_alpha_0_10=1000
o,10,1,sddp_ecut_0_10_77_40,2.60918e+08,,rsv_vol_1_50_10_100=0,rsv_vol_6_50_10_100=0.460434,rsv_vol_21_50_10_100=0,rsv_vol_28_50_10_100=0,rsv_vol_37_50_10_100=0.520056,rsv_vol_63_50_10_100=1.2303,rsv_vol_65_50_10_100=-34.175,rsv_vol_67_50_10_100=2725.03,sddp_alpha_0_9=1000
o,9,1,sddp_ecut_0_9_77_41,2.6257e+08,,rsv_vol_1_50_9_90=0,rsv_vol_6_50_9_90=0.471838,rsv_vol_21_50_9_90=0,rsv_vol_28_50_9_90=0,rsv_vol_37_50_9_90=0.533764,rsv_vol_63_50_9_90=0,rsv_vol_65_50_9_90=-17.0875,rsv_vol_67_50_9_90=2030.46,sddp_alpha_0_8=1000
o,8,1,sddp_ecut_0_8_77_42,2.63448e+08,,rsv_vol_1_50_8_80=0,rsv_vol_6_50_8_80=0.479546,rsv_vol_21_50_8_80=0,rsv_vol_28_50_8_80=0,rsv_vol_37_50_8_80=0.774691,rsv_vol_63_50_8_80=0.00579216,rsv_vol_65_50_8_80=-17.0875,rsv_vol_67_50_8_80=4295.42,sddp_alpha_0_7=1000
o,7,1,sddp_ecut_0_7_77_43,2.31658e+08,,rsv_vol_1_50_7_70=0,rsv_vol_6_50_7_70=0.434487,rsv_vol_21_50_7_70=0,rsv_vol_28_50_7_70=0,rsv_vol_37_50_7_70=0.680909,rsv_vol_63_50_7_70=0.00517157,rsv_vol_65_50_7_70=-17.0875,rsv_vol_67_50_7_70=3123.81,sddp_alpha_0_6=1000
o,6,1,sddp_ecut_0_6_77_44,2.81814e+08,,rsv_vol_1_50_6_60=0,rsv_vol_6_50_6_60=0.528607,rsv_vol_21_50_6_60=0,rsv_vol_28_50_6_60=0,rsv_vol_37_50_6_60=0.936707,rsv_vol_63_50_6_60=0.00757258,rsv_vol_65_50_6_60=0,rsv_vol_67_50_6_60=5943.57,sddp_alpha_0_5=1000
o,5,1,sddp_ecut_0_5_77_45,2.81885e+08,,rsv_vol_1_50_5_50=0,rsv_vol_6_50_5_50=0.554327,rsv_vol_21_50_5_50=0,rsv_vol_28_50_5_50=0,rsv_vol_37_50_5_50=0.73746,rsv_vol_63_50_5_50=0.00649041,rsv_vol_65_50_5_50=0,rsv_vol_67_50_5_50=4823.92,sddp_alpha_0_4=1000
o,4,1,sddp_ecut_0_4_77_46,2.83267e+08,,rsv_vol_1_50_4_40=0,rsv_vol_6_50_4_40=0.554263,rsv_vol_21_50_4_40=0,rsv_vol_28_50_4_40=0,rsv_vol_37_50_4_40=0.812836,rsv_vol_63_50_4_40=0,rsv_vol_65_50_4_40=0,rsv_vol_67_50_4_40=2573.44,sddp_alpha_0_3=1000
o,3,1,sddp_ecut_0_3_77_47,2.50811e+08,,rsv_vol_1_50_3_30=0,rsv_vol_6_50_3_30=0.545396,rsv_vol_21_50_3_30=0,rsv_vol_28_50_3_30=0,rsv_vol_37_50_3_30=0.744395,rsv_vol_63_50_3_30=0,rsv_vol_65_50_3_30=-34.4475,rsv_vol_67_50_3_30=2830.48,sddp_alpha_0_2=1000
o,2,1,sddp_ecut_0_2_77_48,2.25338e+08,,rsv_vol_1_50_2_20=0,rsv_vol_6_50_2_20=0.707866,rsv_vol_21_50_2_20=0,rsv_vol_28_50_2_20=0,rsv_vol_37_50_2_20=0.488828,rsv_vol_63_50_2_20=0,rsv_vol_65_50_2_20=-69.4444,rsv_vol_67_50_2_20=6213.54,sddp_alpha_0_1=1000
o,1,1,sddp_ecut_0_1_77_49,2.65508e+08,,rsv_vol_1_50_1_10=0,rsv_vol_6_50_1_10=0.843154,rsv_vol_21_50_1_10=0,rsv_vol_28_50_1_10=0,rsv_vol_37_50_1_10=0.507562,rsv_vol_63_50_1_10=0,rsv_vol_65_50_1_10=-17.3611,rsv_vol_67_50_1_10=9920.79,sddp_alpha_0_0=1000
o,50,1,sddp_ecut_0_50_78_0,7.4197e+08,,rsv_vol_1_50_50_500=0,rsv_vol_6_50_50_500=1.94792,rsv_vol_21_50_50_500=0,rsv_vol_28_50_50_500=0,rsv_vol_37_50_50_500=2.90475,rsv_vol_63_50_50_500=9343.02,rsv_vol_65_50_50_500=35009.8,rsv_vol_67_50_50_500=15127.2,sddp_alpha_0_49=1000
o,49,1,sddp_ecut_0_49_78_1,5.94245e+08,,rsv_vol_1_50_49_490=0,rsv_vol_6_50_49_490=-12.3816,rsv_vol_21_50_49_490=0,rsv_vol_28_50_49_490=0,rsv_vol_37_50_49_490=1.87958,rsv_vol_63_50_49_490=8418.64,rsv_vol_65_50_49_490=0,rsv_vol_67_50_49_490=14416.9,sddp_alpha_0_48=1000
o,48,1,sddp_ecut_0_48_78_2,6.5112e+08,,rsv_vol_1_50_48_480=0,rsv_vol_6_50_48_480=-26.4146,rsv_vol_21_50_48_480=0,rsv_vol_28_50_48_480=0,rsv_vol_37_50_48_480=2.43005,rsv_vol_63_50_48_480=7621.99,rsv_vol_65_50_48_480=0,rsv_vol_67_50_48_480=13639.3,sddp_alpha_0_47=1000
o,47,1,sddp_ecut_0_47_78_3,6.4186e+08,,rsv_vol_1_50_47_470=0,rsv_vol_6_50_47_470=-95.2668,rsv_vol_21_50_47_470=0,rsv_vol_28_50_47_470=0,rsv_vol_37_50_47_470=1.45394,rsv_vol_63_50_47_470=7678.17,rsv_vol_65_50_47_470=0,rsv_vol_67_50_47_470=9022.1,sddp_alpha_0_46=1000
o,46,1,sddp_ecut_0_46_78_4,6.21959e+08,,rsv_vol_1_50_46_460=0,rsv_vol_6_50_46_460=-123.55,rsv_vol_21_50_46_460=0,rsv_vol_28_50_46_460=0,rsv_vol_37_50_46_460=1.76338,rsv_vol_63_50_46_460=7622.2,rsv_vol_65_50_46_460=0,rsv_vol_67_50_46_460=6941.93,sddp_alpha_0_45=1000
o,45,1,sddp_ecut_0_45_78_5,6.87401e+08,,rsv_vol_1_50_45_450=0,rsv_vol_6_50_45_450=0.839902,rsv_vol_21_50_45_450=0,rsv_vol_28_50_45_450=0,rsv_vol_37_50_45_450=2.51234,rsv_vol_63_50_45_450=7123.3,rsv_vol_65_50_45_450=0,rsv_vol_67_50_45_450=11127.6,sddp_alpha_0_44=1000
o,44,1,sddp_ecut_0_44_78_6,6.90026e+08,,rsv_vol_1_50_44_440=0,rsv_vol_6_50_44_440=1.09349,rsv_vol_21_50_44_440=0,rsv_vol_28_50_44_440=0,rsv_vol_37_50_44_440=2.27898,rsv_vol_63_50_44_440=7545.16,rsv_vol_65_50_44_440=-28.0204,rsv_vol_67_50_44_440=10508.2,sddp_alpha_0_43=1000
o,43,1,sddp_ecut_0_43_78_7,7.71882e+08,,rsv_vol_1_50_43_430=0,rsv_vol_6_50_43_430=1.45338,rsv_vol_21_50_43_430=0,rsv_vol_28_50_43_430=0,rsv_vol_37_50_43_430=2.45561,rsv_vol_63_50_43_430=6525.85,rsv_vol_65_50_43_430=-28.2438,rsv_vol_67_50_43_430=12635.8,sddp_alpha_0_42=1000
o,42,1,sddp_ecut_0_42_78_8,8.26884e+08,,rsv_vol_1_50_42_420=0,rsv_vol_6_50_42_420=2.01369,rsv_vol_21_50_42_420=0,rsv_vol_28_50_42_420=0,rsv_vol_37_50_42_420=3.00551,rsv_vol_63_50_42_420=8883.06,rsv_vol_65_50_42_420=-14.2345,rsv_vol_67_50_42_420=14733.5,sddp_alpha_0_41=1000
o,41,1,sddp_ecut_0_41_78_9,8.32332e+08,,rsv_vol_1_50_41_410=0,rsv_vol_6_50_41_410=1.89132,rsv_vol_21_50_41_410=0,rsv_vol_28_50_41_410=0,rsv_vol_37_50_41_410=2.95122,rsv_vol_63_50_41_410=6677.09,rsv_vol_65_50_41_410=4962.15,rsv_vol_67_50_41_410=11700.4,sddp_alpha_0_40=1000
o,40,1,sddp_ecut_0_40_78_10,8.47719e+08,,rsv_vol_1_50_40_400=0,rsv_vol_6_50_40_400=2.03587,rsv_vol_21_50_40_400=0,rsv_vol_28_50_40_400=0,rsv_vol_37_50_40_400=4.35808,rsv_vol_63_50_40_400=8532.25,rsv_vol_65_50_40_400=4695.37,rsv_vol_67_50_40_400=14517.1,sddp_alpha_0_39=1000
o,39,1,sddp_ecut_0_39_78_11,7.73673e+08,,rsv_vol_1_50_39_390=0,rsv_vol_6_50_39_390=1.80547,rsv_vol_21_50_39_390=0,rsv_vol_28_50_39_390=0,rsv_vol_37_50_39_390=3.81567,rsv_vol_63_50_39_390=8647.2,rsv_vol_65_50_39_390=4663.56,rsv_vol_67_50_39_390=15042.9,sddp_alpha_0_38=1000
o,38,1,sddp_ecut_0_38_78_12,7.79346e+08,,rsv_vol_1_50_38_380=0,rsv_vol_6_50_38_380=-12.7532,rsv_vol_21_50_38_380=0,rsv_vol_28_50_38_380=0,rsv_vol_37_50_38_380=2.83015,rsv_vol_63_50_38_380=9549.15,rsv_vol_65_50_38_380=12661.7,rsv_vol_67_50_38_380=-235.104,sddp_alpha_0_37=1000
o,37,1,sddp_ecut_0_37_78_13,6.45813e+08,,rsv_vol_1_50_37_370=0,rsv_vol_6_50_37_370=-13.6252,rsv_vol_21_50_37_370=0,rsv_vol_28_50_37_370=0,rsv_vol_37_50_37_370=2.23528,rsv_vol_63_50_37_370=9443.88,rsv_vol_65_50_37_370=0,rsv_vol_67_50_37_370=15930,sddp_alpha_0_36=1000
o,36,1,sddp_ecut_0_36_78_14,7.0939e+08,,rsv_vol_1_50_36_360=0,rsv_vol_6_50_36_360=-29.2047,rsv_vol_21_50_36_360=0,rsv_vol_28_50_36_360=0,rsv_vol_37_50_36_360=2.77566,rsv_vol_63_50_36_360=9090.91,rsv_vol_65_50_36_360=0,rsv_vol_67_50_36_360=15229.1,sddp_alpha_0_35=1000
o,35,1,sddp_ecut_0_35_78_15,7.38236e+08,,rsv_vol_1_50_35_350=0,rsv_vol_6_50_35_350=-105.102,rsv_vol_21_50_35_350=0,rsv_vol_28_50_35_350=0,rsv_vol_37_50_35_350=0.693072,rsv_vol_63_50_35_350=8573.34,rsv_vol_65_50_35_350=0,rsv_vol_67_50_35_350=3253.05,sddp_alpha_0_34=1000
o,34,1,sddp_ecut_0_34_78_16,7.15841e+08,,rsv_vol_1_50_34_340=0,rsv_vol_6_50_34_340=-29.8209,rsv_vol_21_50_34_340=0,rsv_vol_28_50_34_340=0,rsv_vol_37_50_34_340=1.1029,rsv_vol_63_50_34_340=9189.82,rsv_vol_65_50_34_340=0,rsv_vol_67_50_34_340=1639.13,sddp_alpha_0_33=1000
o,33,1,sddp_ecut_0_33_78_17,7.85711e+08,,rsv_vol_1_50_33_330=0,rsv_vol_6_50_33_330=1.41522,rsv_vol_21_50_33_330=0,rsv_vol_28_50_33_330=0,rsv_vol_37_50_33_330=2.15555,rsv_vol_63_50_33_330=7432.22,rsv_vol_65_50_33_330=0,rsv_vol_67_50_33_330=7990.96,sddp_alpha_0_32=1000
o,32,1,sddp_ecut_0_32_78_18,7.86227e+08,,rsv_vol_1_50_32_320=0,rsv_vol_6_50_32_320=1.50884,rsv_vol_21_50_32_320=0,rsv_vol_28_50_32_320=0,rsv_vol_37_50_32_320=1.93903,rsv_vol_63_50_32_320=4402.97,rsv_vol_65_50_32_320=0,rsv_vol_67_50_32_320=8573.67,sddp_alpha_0_31=1000
o,31,1,sddp_ecut_0_31_78_19,8.80882e+08,,rsv_vol_1_50_31_310=0,rsv_vol_6_50_31_310=1.86777,rsv_vol_21_50_31_310=0,rsv_vol_28_50_31_310=0,rsv_vol_37_50_31_310=2.48662,rsv_vol_63_50_31_310=1807.29,rsv_vol_65_50_31_310=-15.5341,rsv_vol_67_50_31_310=12724.6,sddp_alpha_0_30=1000
o,30,1,sddp_ecut_0_30_78_20,9.50338e+08,,rsv_vol_1_50_30_300=0,rsv_vol_6_50_30_300=2.42933,rsv_vol_21_50_30_300=0,rsv_vol_28_50_30_300=0,rsv_vol_37_50_30_300=3.57529,rsv_vol_63_50_30_300=8717.49,rsv_vol_65_50_30_300=-31.3159,rsv_vol_67_50_30_300=16476.2,sddp_alpha_0_29=1000
o,29,1,sddp_ecut_0_29_78_21,9.75418e+08,,rsv_vol_1_50_29_290=0,rsv_vol_6_50_29_290=3.07721,rsv_vol_21_50_29_290=0,rsv_vol_28_50_29_290=0,rsv_vol_37_50_29_290=2.22383,rsv_vol_63_50_29_290=8648.77,rsv_vol_65_50_29_290=15585.7,rsv_vol_67_50_29_290=3619.72,sddp_alpha_0_28=1000
o,28,1,sddp_ecut_0_28_78_22,1.03339e+09,,rsv_vol_1_50_28_280=0,rsv_vol_6_50_28_280=3.41761,rsv_vol_21_50_28_280=0,rsv_vol_28_50_28_280=0,rsv_vol_37_50_28_280=6.63199,rsv_vol_63_50_28_280=10199,rsv_vol_65_50_28_280=23688.4,rsv_vol_67_50_28_280=1852.15,sddp_alpha_0_27=1000
o,27,1,sddp_ecut_0_27_78_23,9.23448e+08,,rsv_vol_1_50_27_270=0,rsv_vol_6_50_27_270=-30.9372,rsv_vol_21_50_27_270=0,rsv_vol_28_50_27_270=0,rsv_vol_37_50_27_270=1.23183,rsv_vol_63_50_27_270=9289.17,rsv_vol_65_50_27_270=4392.88,rsv_vol_67_50_27_270=-256.569,sddp_alpha_0_26=1000
o,26,1,sddp_ecut_0_26_78_24,9.38607e+08,,rsv_vol_1_50_26_260=0,rsv_vol_6_50_26_260=-47.1974,rsv_vol_21_50_26_260=0,rsv_vol_28_50_26_260=0,rsv_vol_37_50_26_260=5.18722,rsv_vol_63_50_26_260=10361.7,rsv_vol_65_50_26_260=0,rsv_vol_67_50_26_260=17207.8,sddp_alpha_0_25=1000
o,25,1,sddp_ecut_0_25_78_25,8.2928e+08,,rsv_vol_1_50_25_250=0,rsv_vol_6_50_25_250=-63.968,rsv_vol_21_50_25_250=0,rsv_vol_28_50_25_250=0,rsv_vol_37_50_25_250=4.78176,rsv_vol_63_50_25_250=11019,rsv_vol_65_50_25_250=0,rsv_vol_67_50_25_250=18631.8,sddp_alpha_0_24=1000
o,24,1,sddp_ecut_0_24_78_26,9.00769e+08,,rsv_vol_1_50_24_240=0,rsv_vol_6_50_24_240=-146.75,rsv_vol_21_50_24_240=0,rsv_vol_28_50_24_240=0,rsv_vol_37_50_24_240=3.85428,rsv_vol_63_50_24_240=10337,rsv_vol_65_50_24_240=0,rsv_vol_67_50_24_240=17158.7,sddp_alpha_0_23=1000
o,23,1,sddp_ecut_0_23_78_27,8.7139e+08,,rsv_vol_1_50_23_230=0,rsv_vol_6_50_23_230=-115.323,rsv_vol_21_50_23_230=0,rsv_vol_28_50_23_230=0,rsv_vol_37_50_23_230=1.29822,rsv_vol_63_50_23_230=8882.42,rsv_vol_65_50_23_230=0,rsv_vol_67_50_23_230=6594.82,sddp_alpha_0_22=1000
o,22,1,sddp_ecut_0_22_78_28,2.25306e+08,,rsv_vol_1_50_22_220=0,rsv_vol_6_50_22_220=0.3573,rsv_vol_21_50_22_220=0,rsv_vol_28_50_22_220=0,rsv_vol_37_50_22_220=0.483474,rsv_vol_63_50_22_220=7.80866,rsv_vol_65_50_22_220=-16.6852,rsv_vol_67_50_22_220=2751.78,sddp_alpha_0_21=1000
o,21,1,sddp_ecut_0_21_78_29,1.97243e+08,,rsv_vol_1_50_21_210=0,rsv_vol_6_50_21_210=0.327868,rsv_vol_21_50_21_210=0,rsv_vol_28_50_21_210=0,rsv_vol_37_50_21_210=0.353737,rsv_vol_63_50_21_210=7.20799,rsv_vol_65_50_21_210=-16.6852,rsv_vol_67_50_21_210=1323.9,sddp_alpha_0_20=1000
o,20,1,sddp_ecut_0_20_78_30,2.24944e+08,,rsv_vol_1_50_20_200=0,rsv_vol_6_50_20_200=0.396313,rsv_vol_21_50_20_200=0,rsv_vol_28_50_20_200=0,rsv_vol_37_50_20_200=0.345962,rsv_vol_63_50_20_200=6.00666,rsv_vol_65_50_20_200=-50.0555,rsv_vol_67_50_20_200=1140.36,sddp_alpha_0_19=1000
o,19,1,sddp_ecut_0_19_78_31,1.9615e+08,,rsv_vol_1_50_19_190=0,rsv_vol_6_50_19_190=0.358616,rsv_vol_21_50_19_190=0,rsv_vol_28_50_19_190=0,rsv_vol_37_50_19_190=0.248175,rsv_vol_63_50_19_190=7.20799,rsv_vol_65_50_19_190=-50.0555,rsv_vol_67_50_19_190=392.776,sddp_alpha_0_18=1000
o,18,1,sddp_ecut_0_18_78_32,2.4088e+08,,rsv_vol_1_50_18_180=0,rsv_vol_6_50_18_180=0.402678,rsv_vol_21_50_18_180=0,rsv_vol_28_50_18_180=0,rsv_vol_37_50_18_180=0.414202,rsv_vol_63_50_18_180=7.26547,rsv_vol_65_50_18_180=-50.4547,rsv_vol_67_50_18_180=2041.26,sddp_alpha_0_17=1000
o,17,1,sddp_ecut_0_17_78_33,2.42099e+08,,rsv_vol_1_50_17_170=0,rsv_vol_6_50_17_170=0.412814,rsv_vol_21_50_17_170=0,rsv_vol_28_50_17_170=0,rsv_vol_37_50_17_170=0.503725,rsv_vol_63_50_17_170=7.26547,rsv_vol_65_50_17_170=-33.6364,rsv_vol_67_50_17_170=1572.26,sddp_alpha_0_16=1000
o,16,1,sddp_ecut_0_16_78_34,2.42624e+08,,rsv_vol_1_50_16_160=0,rsv_vol_6_50_16_160=0.418494,rsv_vol_21_50_16_160=0,rsv_vol_28_50_16_160=0,rsv_vol_37_50_16_160=0.488897,rsv_vol_63_50_16_160=6.66001,rsv_vol_65_50_16_160=0,rsv_vol_67_50_16_160=3249.37,sddp_alpha_0_15=1000
o,15,1,sddp_ecut_0_15_78_35,2.12073e+08,,rsv_vol_1_50_15_150=0,rsv_vol_6_50_15_150=0.375323,rsv_vol_21_50_15_150=0,rsv_vol_28_50_15_150=0,rsv_vol_37_50_15_150=0.336979,rsv_vol_63_50_15_150=4.23819,rsv_vol_65_50_15_150=-16.8182,rsv_vol_67_50_15_150=772.609,sddp_alpha_0_14=1000
o,14,1,sddp_ecut_0_14_78_36,2.51893e+08,,rsv_vol_1_50_14_140=0,rsv_vol_6_50_14_140=0.486347,rsv_vol_21_50_14_140=0,rsv_vol_28_50_14_140=0,rsv_vol_37_50_14_140=0.585543,rsv_vol_63_50_14_140=4.88227,rsv_vol_65_50_14_140=-16.9523,rsv_vol_67_50_14_140=5388.82,sddp_alpha_0_13=1000
o,13,1,sddp_ecut_0_13_78_37,2.17886e+08,,rsv_vol_1_50_13_130=0,rsv_vol_6_50_13_130=0.381142,rsv_vol_21_50_13_130=0,rsv_vol_28_50_13_130=0,rsv_vol_37_50_13_130=0.384669,rsv_vol_63_50_13_130=3.05446,rsv_vol_65_50_13_130=-16.9523,rsv_vol_67_50_13_130=1364.34,sddp_alpha_0_12=1000
o,12,1,sddp_ecut_0_12_78_38,2.49692e+08,,rsv_vol_1_50_12_120=0,rsv_vol_6_50_12_120=0.463542,rsv_vol_21_50_12_120=0,rsv_vol_28_50_12_120=0,rsv_vol_37_50_12_120=0.569366,rsv_vol_63_50_12_120=3.66341,rsv_vol_65_50_12_120=-33.9046,rsv_vol_67_50_12_120=4862.43,sddp_alpha_0_11=1000
o,11,1,sddp_ecut_0_11_78_39,2.19629e+08,,rsv_vol_1_50_11_110=0,rsv_vol_6_50_11_110=0.422289,rsv_vol_21_50_11_110=0,rsv_vol_28_50_11_110=0,rsv_vol_37_50_11_110=0.549519,rsv_vol_63_50_11_110=1.22057,rsv_vol_65_50_11_110=0,rsv_vol_67_50_11_110=1867.99,sddp_alpha_0_10=1000
o,10,1,sddp_ecut_0_10_78_40,2.60918e+08,,rsv_vol_1_50_10_100=0,rsv_vol_6_50_10_100=0.460434,rsv_vol_21_50_10_100=0,rsv_vol_28_50_10_100=0,rsv_vol_37_50_10_100=0.520056,rsv_vol_63_50_10_100=1.2303,rsv_vol_65_50_10_100=-34.175,rsv_vol_67_50_10_100=2725.03,sddp_alpha_0_9=1000
o,9,1,sddp_ecut_0_9_78_41,2.6257e+08,,rsv_vol_1_50_9_90=0,rsv_vol_6_50_9_90=0.471838,rsv_vol_21_50_9_90=0,rsv_vol_28_50_9_90=0,rsv_vol_37_50_9_90=0.533764,rsv_vol_63_50_9_90=0,rsv_vol_65_50_9_90=-17.0875,rsv_vol_67_50_9_90=2030.46,sddp_alpha_0_8=1000
o,8,1,sddp_ecut_0_8_78_42,2.63448e+08,,rsv_vol_1_50_8_80=0,rsv_vol_6_50_8_80=0.479546,rsv_vol_21_50_8_80=0,rsv_vol_28_50_8_80=0,rsv_vol_37_50_8_80=0.774691,rsv_vol_63_50_8_80=0.00579216,rsv_vol_65_50_8_80=-17.0875,rsv_vol_67_50_8_80=4295.42,sddp_alpha_0_7=1000
o,7,1,sddp_ecut_0_7_78_43,2.31658e+08,,rsv_vol_1_50_7_70=0,rsv_vol_6_50_7_70=0.434487,rsv_vol_21_50_7_70=0,rsv_vol_28_50_7_70=0,rsv_vol_37_50_7_70=0.680909,rsv_vol_63_50_7_70=0.00517157,rsv_vol_65_50_7_70=-17.0875,rsv_vol_67_50_7_70=3123.81,sddp_alpha_0_6=1000
o,6,1,sddp_ecut_0_6_78_44,2.81814e+08,,rsv_vol_1_50_6_60=0,rsv_vol_6_50_6_60=0.528607,rsv_vol_21_50_6_60=0,rsv_vol_28_50_6_60=0,rsv_vol_37_50_6_60=0.936707,rsv_vol_63_50_6_60=0.00756529,rsv_vol_65_50_6_60=0,rsv_vol_67_50_6_60=5943.57,sddp_alpha_0_5=1000
o,5,1,sddp_ecut_0_5_78_45,2.81885e+08,,rsv_vol_1_50_5_50=0,rsv_vol_6_50_5_50=0.554327,rsv_vol_21_50_5_50=0,rsv_vol_28_50_5_50=0,rsv_vol_37_50_5_50=0.73746,rsv_vol_63_50_5_50=0.00649041,rsv_vol_65_50_5_50=0,rsv_vol_67_50_5_50=4823.92,sddp_alpha_0_4=1000
o,4,1,sddp_ecut_0_4_78_46,2.83267e+08,,rsv_vol_1_50_4_40=0,rsv_vol_6_50_4_40=0.554263,rsv_vol_21_50_4_40=0,rsv_vol_28_50_4_40=0,rsv_vol_37_50_4_40=0.812836,rsv_vol_63_50_4_40=0,rsv_vol_65_50_4_40=0,rsv_vol_67_50_4_40=2573.44,sddp_alpha_0_3=1000
o,3,1,sddp_ecut_0_3_78_47,2.50811e+08,,rsv_vol_1_50_3_30=0,rsv_vol_6_50_3_30=0.545396,rsv_vol_21_50_3_30=0,rsv_vol_28_50_3_30=0,rsv_vol_37_50_3_30=0.744395,rsv_vol_63_50_3_30=0,rsv_vol_65_50_3_30=-34.4475,rsv_vol_67_50_3_30=2830.48,sddp_alpha_0_2=1000
o,2,1,sddp_ecut_0_2_78_48,2.25338e+08,,rsv_vol_1_50_2_20=0,rsv_vol_6_50_2_20=0.707866,rsv_vol_21_50_2_20=0,rsv_vol_28_50_2_20=0,rsv_vol_37_50_2_20=0.488828,rsv_vol_63_50_2_20=0,rsv_vol_65_50_2_20=-69.4444,rsv_vol_67_50_2_20=6213.54,sddp_alpha_0_1=1000
o,1,1,sddp_ecut_0_1_78_49,2.65508e+08,,rsv_vol_1_50_1_10=0,rsv_vol_6_50_1_10=0.843154,rsv_vol_21_50_1_10=0,rsv_vol_28_50_1_10=0,rsv_vol_37_50_1_10=0.507562,rsv_vol_63_50_1_10=0,rsv_vol_65_50_1_10=-17.3611,rsv_vol_67_50_1_10=9920.79,sddp_alpha_0_0=1000
o,50,1,sddp_ecut_0_50_79_0,7.4197e+08,,rsv_vol_1_50_50_500=0,rsv_vol_6_50_50_500=1.94792,rsv_vol_21_50_50_500=0,rsv_vol_28_50_50_500=0,rsv_vol_37_50_50_500=2.90475,rsv_vol_63_50_50_500=9343.02,rsv_vol_65_50_50_500=35009.8,rsv_vol_67_50_50_500=15127.2,sddp_alpha_0_49=1000
o,49,1,sddp_ecut_0_49_79_1,5.94245e+08,,rsv_vol_1_50_49_490=0,rsv_vol_6_50_49_490=-12.3816,rsv_vol_21_50_49_490=0,rsv_vol_28_50_49_490=0,rsv_vol_37_50_49_490=1.87958,rsv_vol_63_50_49_490=8418.64,rsv_vol_65_50_49_490=0,rsv_vol_67_50_49_490=14416.9,sddp_alpha_0_48=1000
o,48,1,sddp_ecut_0_48_79_2,6.5112e+08,,rsv_vol_1_50_48_480=0,rsv_vol_6_50_48_480=-26.4146,rsv_vol_21_50_48_480=0,rsv_vol_28_50_48_480=0,rsv_vol_37_50_48_480=2.43005,rsv_vol_63_50_48_480=7621.99,rsv_vol_65_50_48_480=0,rsv_vol_67_50_48_480=13639.3,sddp_alpha_0_47=1000
o,47,1,sddp_ecut_0_47_79_3,6.4186e+08,,rsv_vol_1_50_47_470=0,rsv_vol_6_50_47_470=-95.2668,rsv_vol_21_50_47_470=0,rsv_vol_28_50_47_470=0,rsv_vol_37_50_47_470=1.45394,rsv_vol_63_50_47_470=7678.17,rsv_vol_65_50_47_470=0,rsv_vol_67_50_47_470=9022.1,sddp_alpha_0_46=1000
o,46,1,sddp_ecut_0_46_79_4,6.21959e+08,,rsv_vol_1_50_46_460=0,rsv_vol_6_50_46_460=-123.55,rsv_vol_21_50_46_460=0,rsv_vol_28_50_46_460=0,rsv_vol_37_50_46_460=1.76338,rsv_vol_63_50_46_460=7622.2,rsv_vol_65_50_46_460=0,rsv_vol_67_50_46_460=6941.93,sddp_alpha_0_45=1000
o,45,1,sddp_ecut_0_45_79_5,6.87401e+08,,rsv_vol_1_50_45_450=0,rsv_vol_6_50_45_450=0.839902,rsv_vol_21_50_45_450=0,rsv_vol_28_50_45_450=0,rsv_vol_37_50_45_450=2.51234,rsv_vol_63_50_45_450=7123.3,rsv_vol_65_50_45_450=0,rsv_vol_67_50_45_450=11127.6,sddp_alpha_0_44=1000
o,44,1,sddp_ecut_0_44_79_6,6.90026e+08,,rsv_vol_1_50_44_440=0,rsv_vol_6_50_44_440=1.09349,rsv_vol_21_50_44_440=0,rsv_vol_28_50_44_440=0,rsv_vol_37_50_44_440=2.27898,rsv_vol_63_50_44_440=7545.16,rsv_vol_65_50_44_440=-28.0204,rsv_vol_67_50_44_440=10508.2,sddp_alpha_0_43=1000
o,43,1,sddp_ecut_0_43_79_7,7.71882e+08,,rsv_vol_1_50_43_430=0,rsv_vol_6_50_43_430=1.45338,rsv_vol_21_50_43_430=0,rsv_vol_28_50_43_430=0,rsv_vol_37_50_43_430=2.45561,rsv_vol_63_50_43_430=6525.85,rsv_vol_65_50_43_430=-28.2438,rsv_vol_67_50_43_430=12635.8,sddp_alpha_0_42=1000
o,42,1,sddp_ecut_0_42_79_8,8.26884e+08,,rsv_vol_1_50_42_420=0,rsv_vol_6_50_42_420=2.01369,rsv_vol_21_50_42_420=0,rsv_vol_28_50_42_420=0,rsv_vol_37_50_42_420=3.00551,rsv_vol_63_50_42_420=8883.06,rsv_vol_65_50_42_420=-14.2345,rsv_vol_67_50_42_420=14733.5,sddp_alpha_0_41=1000
o,41,1,sddp_ecut_0_41_79_9,8.32332e+08,,rsv_vol_1_50_41_410=0,rsv_vol_6_50_41_410=1.89132,rsv_vol_21_50_41_410=0,rsv_vol_28_50_41_410=0,rsv_vol_37_50_41_410=2.95122,rsv_vol_63_50_41_410=6677.09,rsv_vol_65_50_41_410=4962.15,rsv_vol_67_50_41_410=11700.4,sddp_alpha_0_40=1000
o,40,1,sddp_ecut_0_40_79_10,8.47719e+08,,rsv_vol_1_50_40_400=0,rsv_vol_6_50_40_400=2.03587,rsv_vol_21_50_40_400=0,rsv_vol_28_50_40_400=0,rsv_vol_37_50_40_400=4.35808,rsv_vol_63_50_40_400=8532.25,rsv_vol_65_50_40_400=4695.37,rsv_vol_67_50_40_400=14517.1,sddp_alpha_0_39=1000
o,39,1,sddp_ecut_0_39_79_11,7.73673e+08,,rsv_vol_1_50_39_390=0,rsv_vol_6_50_39_390=1.80547,rsv_vol_21_50_39_390=0,rsv_vol_28_50_39_390=0,rsv_vol_37_50_39_390=3.81567,rsv_vol_63_50_39_390=8647.2,rsv_vol_65_50_39_390=4663.56,rsv_vol_67_50_39_390=15042.9,sddp_alpha_0_38=1000
o,38,1,sddp_ecut_0_38_79_12,7.79346e+08,,rsv_vol_1_50_38_380=0,rsv_vol_6_50_38_380=-12.7532,rsv_vol_21_50_38_380=0,rsv_vol_28_50_38_380=0,rsv_vol_37_50_38_380=2.83015,rsv_vol_63_50_38_380=9549.15,rsv_vol_65_50_38_380=12661.7,rsv_vol_67_50_38_380=-235.104,sddp_alpha_0_37=1000
o,37,1,sddp_ecut_0_37_79_13,6.45813e+08,,rsv_vol_1_50_37_370=0,rsv_vol_6_50_37_370=-13.6252,rsv_vol_21_50_37_370=0,rsv_vol_28_50_37_370=0,rsv_vol_37_50_37_370=2.23528,rsv_vol_63_50_37_370=9443.88,rsv_vol_65_50_37_370=0,rsv_vol_67_50_37_370=15930,sddp_alpha_0_36=1000
o,36,1,sddp_ecut_0_36_79_14,7.0939e+08,,rsv_vol_1_50_36_360=0,rsv_vol_6_50_36_360=-29.2047,rsv_vol_21_50_36_360=0,rsv_vol_28_50_36_360=0,rsv_vol_37_50_36_360=2.77566,rsv_vol_63_50_36_360=9090.91,rsv_vol_65_50_36_360=0,rsv_vol_67_50_36_360=15229.1,sddp_alpha_0_35=1000
o,35,1,sddp_ecut_0_35_79_15,7.38236e+08,,rsv_vol_1_50_35_350=0,rsv_vol_6_50_35_350=-105.102,rsv_vol_21_50_35_350=0,rsv_vol_28_50_35_350=0,rsv_vol_37_50_35_350=0.693072,rsv_vol_63_50_35_350=8573.34,rsv_vol_65_50_35_350=0,rsv_vol_67_50_35_350=3253.05,sddp_alpha_0_34=1000
o,34,1,sddp_ecut_0_34_79_16,7.15841e+08,,rsv_vol_1_50_34_340=0,rsv_vol_6_50_34_340=-29.8209,rsv_vol_21_50_34_340=0,rsv_vol_28_50_34_340=0,rsv_vol_37_50_34_340=1.1029,rsv_vol_63_50_34_340=9189.82,rsv_vol_65_50_34_340=0,rsv_vol_67_50_34_340=1639.13,sddp_alpha_0_33=1000
o,33,1,sddp_ecut_0_33_79_17,7.85711e+08,,rsv_vol_1_50_33_330=0,rsv_vol_6_50_33_330=1.41522,rsv_vol_21_50_33_330=0,rsv_vol_28_50_33_330=0,rsv_vol_37_50_33_330=2.15555,rsv_vol_63_50_33_330=7432.22,rsv_vol_65_50_33_330=0,rsv_vol_67_50_33_330=7990.96,sddp_alpha_0_32=1000
o,32,1,sddp_ecut_0_32_79_18,7.86227e+08,,rsv_vol_1_50_32_320=0,rsv_vol_6_50_32_320=1.50884,rsv_vol_21_50_32_320=0,rsv_vol_28_50_32_320=0,rsv_vol_37_50_32_320=1.93903,rsv_vol_63_50_32_320=4402.97,rsv_vol_65_50_32_320=0,rsv_vol_67_50_32_320=8573.67,sddp_alpha_0_31=1000
o,31,1,sddp_ecut_0_31_79_19,8.80882e+08,,rsv_vol_1_50_31_310=0,rsv_vol_6_50_31_310=1.86777,rsv_vol_21_50_31_310=0,rsv_vol_28_50_31_310=0,rsv_vol_37_50_31_310=2.48662,rsv_vol_63_50_31_310=1807.29,rsv_vol_65_50_31_310=-15.5341,rsv_vol_67_50_31_310=12724.6,sddp_alpha_0_30=1000
o,30,1,sddp_ecut_0_30_79_20,9.50338e+08,,rsv_vol_1_50_30_300=0,rsv_vol_6_50_30_300=2.42933,rsv_vol_21_50_30_300=0,rsv_vol_28_50_30_300=0,rsv_vol_37_50_30_300=3.57529,rsv_vol_63_50_30_300=8717.49,rsv_vol_65_50_30_300=-31.3159,rsv_vol_67_50_30_300=16476.2,sddp_alpha_0_29=1000
o,29,1,sddp_ecut_0_29_79_21,9.75418e+08,,rsv_vol_1_50_29_290=0,rsv_vol_6_50_29_290=3.07721,rsv_vol_21_50_29_290=0,rsv_vol_28_50_29_290=0,rsv_vol_37_50_29_290=2.22383,rsv_vol_63_50_29_290=8648.77,rsv_vol_65_50_29_290=15585.7,rsv_vol_67_50_29_290=3619.72,sddp_alpha_0_28=1000
o,28,1,sddp_ecut_0_28_79_22,1.03339e+09,,rsv_vol_1_50_28_280=0,rsv_vol_6_50_28_280=3.41761,rsv_vol_21_50_28_280=0,rsv_vol_28_50_28_280=0,rsv_vol_37_50_28_280=6.63199,rsv_vol_63_50_28_280=10199,rsv_vol_65_50_28_280=23688.4,rsv_vol_67_50_28_280=1852.15,sddp_alpha_0_27=1000
o,27,1,sddp_ecut_0_27_79_23,9.23448e+08,,rsv_vol_1_50_27_270=0,rsv_vol_6_50_27_270=-30.9372,rsv_vol_21_50_27_270=0,rsv_vol_28_50_27_270=0,rsv_vol_37_50_27_270=1.23183,rsv_vol_63_50_27_270=9289.17,rsv_vol_65_50_27_270=4392.88,rsv_vol_67_50_27_270=-256.569,sddp_alpha_0_26=1000
o,26,1,sddp_ecut_0_26_79_24,9.38607e+08,,rsv_vol_1_50_26_260=0,rsv_vol_6_50_26_260=-47.1974,rsv_vol_21_50_26_260=0,rsv_vol_28_50_26_260=0,rsv_vol_37_50_26_260=5.18722,rsv_vol_63_50_26_260=10361.7,rsv_vol_65_50_26_260=0,rsv_vol_67_50_26_260=17207.8,sddp_alpha_0_25=1000
o,25,1,sddp_ecut_0_25_79_25,8.2928e+08,,rsv_vol_1_50_25_250=0,rsv_vol_6_50_25_250=-63.968,rsv_vol_21_50_25_250=0,rsv_vol_28_50_25_250=0,rsv_vol_37_50_25_250=4.78176,rsv_vol_63_50_25_250=11019,rsv_vol_65_50_25_250=0,rsv_vol_67_50_25_250=18631.8,sddp_alpha_0_24=1000
o,24,1,sddp_ecut_0_24_79_26,9.00769e+08,,rsv_vol_1_50_24_240=0,rsv_vol_6_50_24_240=-146.75,rsv_vol_21_50_24_240=0,rsv_vol_28_50_24_240=0,rsv_vol_37_50_24_240=3.85428,rsv_vol_63_50_24_240=10337,rsv_vol_65_50_24_240=0,rsv_vol_67_50_24_240=17158.7,sddp_alpha_0_23=1000
o,23,1,sddp_ecut_0_23_79_27,8.7139e+08,,rsv_vol_1_50_23_230=0,rsv_vol_6_50_23_230=-115.323,rsv_vol_21_50_23_230=0,rsv_vol_28_50_23_230=0,rsv_vol_37_50_23_230=1.29822,rsv_vol_63_50_23_230=8882.42,rsv_vol_65_50_23_230=0,rsv_vol_67_50_23_230=6594.82,sddp_alpha_0_22=1000
o,22,1,sddp_ecut_0_22_79_28,2.25306e+08,,rsv_vol_1_50_22_220=0,rsv_vol_6_50_22_220=0.3573,rsv_vol_21_50_22_220=0,rsv_vol_28_50_22_220=0,rsv_vol_37_50_22_220=0.483474,rsv_vol_63_50_22_220=7.80866,rsv_vol_65_50_22_220=-16.6852,rsv_vol_67_50_22_220=2751.78,sddp_alpha_0_21=1000
o,21,1,sddp_ecut_0_21_79_29,1.97243e+08,,rsv_vol_1_50_21_210=0,rsv_vol_6_50_21_210=0.327868,rsv_vol_21_50_21_210=0,rsv_vol_28_50_21_210=0,rsv_vol_37_50_21_210=0.353737,rsv_vol_63_50_21_210=7.20799,rsv_vol_65_50_21_210=-16.6852,rsv_vol_67_50_21_210=1323.9,sddp_alpha_0_20=1000
o,20,1,sddp_ecut_0_20_79_30,2.24944e+08,,rsv_vol_1_50_20_200=0,rsv_vol_6_50_20_200=0.396313,rsv_vol_21_50_20_200=0,rsv_vol_28_50_20_200=0,rsv_vol_37_50_20_200=0.345962,rsv_vol_63_50_20_200=6.00666,rsv_vol_65_50_20_200=-50.0555,rsv_vol_67_50_20_200=1140.36,sddp_alpha_0_19=1000
o,19,1,sddp_ecut_0_19_79_31,1.9615e+08,,rsv_vol_1_50_19_190=0,rsv_vol_6_50_19_190=0.358616,rsv_vol_21_50_19_190=0,rsv_vol_28_50_19_190=0,rsv_vol_37_50_19_190=0.248175,rsv_vol_63_50_19_190=7.20799,rsv_vol_65_50_19_190=-50.0555,rsv_vol_67_50_19_190=392.776,sddp_alpha_0_18=1000
o,18,1,sddp_ecut_0_18_79_32,2.4088e+08,,rsv_vol_1_50_18_180=0,rsv_vol_6_50_18_180=0.402678,rsv_vol_21_50_18_180=0,rsv_vol_28_50_18_180=0,rsv_vol_37_50_18_180=0.414202,rsv_vol_63_50_18_180=7.26547,rsv_vol_65_50_18_180=-50.4547,rsv_vol_67_50_18_180=2041.26,sddp_alpha_0_17=1000
o,17,1,sddp_ecut_0_17_79_33,2.42099e+08,,rsv_vol_1_50_17_170=0,rsv_vol_6_50_17_170=0.412814,rsv_vol_21_50_17_170=0,rsv_vol_28_50_17_170=0,rsv_vol_37_50_17_170=0.503725,rsv_vol_63_50_17_170=7.26547,rsv_vol_65_50_17_170=-33.6364,rsv_vol_67_50_17_170=1572.26,sddp_alpha_0_16=1000
o,16,1,sddp_ecut_0_16_79_34,2.42624e+08,,rsv_vol_1_50_16_160=0,rsv_vol_6_50_16_160=0.418494,rsv_vol_21_50_16_160=0,rsv_vol_28_50_16_160=0,rsv_vol_37_50_16_160=0.488897,rsv_vol_63_50_16_160=6.66001,rsv_vol_65_50_16_160=0,rsv_vol_67_50_16_160=3249.37,sddp_alpha_0_15=1000
o,15,1,sddp_ecut_0_15_79_35,2.12073e+08,,rsv_vol_1_50_15_150=0,rsv_vol_6_50_15_150=0.375323,rsv_vol_21_50_15_150=0,rsv_vol_28_50_15_150=0,rsv_vol_37_50_15_150=0.336979,rsv_vol_63_50_15_150=4.23819,rsv_vol_65_50_15_150=-16.8182,rsv_vol_67_50_15_150=772.609,sddp_alpha_0_14=1000
o,14,1,sddp_ecut_0_14_79_36,2.51893e+08,,rsv_vol_1_50_14_140=0,rsv_vol_6_50_14_140=0.486347,rsv_vol_21_50_14_140=0,rsv_vol_28_50_14_140=0,rsv_vol_37_50_14_140=0.585543,rsv_vol_63_50_14_140=4.88227,rsv_vol_65_50_14_140=-16.9523,rsv_vol_67_50_14_140=5388.82,sddp_alpha_0_13=1000
o,13,1,sddp_ecut_0_13_79_37,2.17886e+08,,rsv_vol_1_50_13_130=0,rsv_vol_6_50_13_130=0.381142,rsv_vol_21_50_13_130=0,rsv_vol_28_50_13_130=0,rsv_vol_37_50_13_130=0.384669,rsv_vol_63_50_13_130=3.05449,rsv_vol_65_50_13_130=-16.9523,rsv_vol_67_50_13_130=1364.34,sddp_alpha_0_12=1000
o,12,1,sddp_ecut_0_12_79_38,2.49692e+08,,rsv_vol_1_50_12_120=0,rsv_vol_6_50_12_120=0.463542,rsv_vol_21_50_12_120=0,rsv_vol_28_50_12_120=0,rsv_vol_37_50_12_120=0.569366,rsv_vol_63_50_12_120=3.66341,rsv_vol_65_50_12_120=-33.9046,rsv_vol_67_50_12_120=4862.43,sddp_alpha_0_11=1000
o,11,1,sddp_ecut_0_11_79_39,2.19629e+08,,rsv_vol_1_50_11_110=0,rsv_vol_6_50_11_110=0.422289,rsv_vol_21_50_11_110=0,rsv_vol_28_50_11_110=0,rsv_vol_37_50_11_110=0.549519,rsv_vol_63_50_11_110=1.22057,rsv_vol_65_50_11_110=0,rsv_vol_67_50_11_110=1867.99,sddp_alpha_0_10=1000
o,10,1,sddp_ecut_0_10_79_40,2.60918e+08,,rsv_vol_1_50_10_100=0,rsv_vol_6_50_10_100=0.460434,rsv_vol_21_50_10_100=0,rsv_vol_28_50_10_100=0,rsv_vol_37_50_10_100=0.520056,rsv_vol_63_50_10_100=1.2303,rsv_vol_65_50_10_100=-34.175,rsv_vol_67_50_10_100=2725.03,sddp_alpha_0_9=1000
o,9,1,sddp_ecut_0_9_79_41,2.6257e+08,,rsv_vol_1_50_9_90=0,rsv_vol_6_50_9_90=0.471838,rsv_vol_21_50_9_90=0,rsv_vol_28_50_9_90=0,rsv_vol_37_50_9_90=0.533764,rsv_vol_63_50_9_90=0,rsv_vol_65_50_9_90=-17.0875,rsv_vol_67_50_9_90=2030.46,sddp_alpha_0_8=1000
o,8,1,sddp_ecut_0_8_79_42,2.63448e+08,,rsv_vol_1_50_8_80=0,rsv_vol_6_50_8_80=0.479546,rsv_vol_21_50_8_80=0,rsv_vol_28_50_8_80=0,rsv_vol_37_50_8_80=0.774691,rsv_vol_63_50_8_80=0.00579216,rsv_vol_65_50_8_80=-17.0875,rsv_vol_67_50_8_80=4295.42,sddp_alpha_0_7=1000
o,7,1,sddp_ecut_0_7_79_43,2.31658e+08,,rsv_vol_1_50_7_70=0,rsv_vol_6_50_7_70=0.434487,rsv_vol_21_50_7_70=0,rsv_vol_28_50_7_70=0,rsv_vol_37_50_7_70=0.680909,rsv_vol_63_50_7_70=0.00517157,rsv_vol_65_50_7_70=-17.0875,rsv_vol_67_50_7_70=3123.81,sddp_alpha_0_6=1000
o,6,1,sddp_ecut_0_6_79_44,2.81814e+08,,rsv_vol_1_50_6_60=0,rsv_vol_6_50_6_60=0.528607,rsv_vol_21_50_6_60=0,rsv_vol_28_50_6_60=0,rsv_vol_37_50_6_60=0.936707,rsv_vol_63_50_6_60=0.00756529,rsv_vol_65_50_6_60=0,rsv_vol_67_50_6_60=5943.57,sddp_alpha_0_5=1000
o,5,1,sddp_ecut_0_5_79_45,2.81885e+08,,rsv_vol_1_50_5_50=0,rsv_vol_6_50_5_50=0.554327,rsv_vol_21_50_5_50=0,rsv_vol_28_50_5_50=0,rsv_vol_37_50_5_50=0.73746,rsv_vol_63_50_5_50=0.00649041,rsv_vol_65_50_5_50=0,rsv_vol_67_50_5_50=4823.92,sddp_alpha_0_4=1000
o,4,1,sddp_ecut_0_4_79_46,2.83267e+08,,rsv_vol_1_50_4_40=0,rsv_vol_6_50_4_40=0.554263,rsv_vol_21_50_4_40=0,rsv_vol_28_50_4_40=0,rsv_vol_37_50_4_40=0.812836,rsv_vol_63_50_4_40=0,rsv_vol_65_50_4_40=0,rsv_vol_67_50_4_40=2573.44,sddp_alpha_0_3=1000
o,3,1,sddp_ecut_0_3_79_47,2.50811e+08,,rsv_vol_1_50_3_30=0,rsv_vol_6_50_3_30=0.545396,rsv_vol_21_50_3_30=0,rsv_vol_28_50_3_30=0,rsv_vol_37_50_3_30=0.744395,rsv_vol_63_50_3_30=0,rsv_vol_65_50_3_30=-34.4475,rsv_vol_67_50_3_30=2830.48,sddp_alpha_0_2=1000
o,2,1,sddp_ecut_0_2_79_48,2.25338e+08,,rsv_vol_1_50_2_20=0,rsv_vol_6_50_2_20=0.707866,rsv_vol_21_50_2_20=0,rsv_vol_28_50_2_20=0,rsv_vol_37_50_2_20=0.488828,rsv_vol_63_50_2_20=0,rsv_vol_65_50_2_20=-69.4444,rsv_vol_67_50_2_20=6213.54,sddp_alpha_0_1=1000
o,1,1,sddp_ecut_0_1_79_49,2.65508e+08,,rsv_vol_1_50_1_10=0,rsv_vol_6_50_1_10=0.843154,rsv_vol_21_50_1_10=0,rsv_vol_28_50_1_10=0,rsv_vol_37_50_1_10=0.507562,rsv_vol_63_50_1_10=0,rsv_vol_65_50_1_10=-17.3611,rsv_vol_67_50_1_10=9920.79,sddp_alpha_0_0=1000
o,50,1,sddp_ecut_0_50_80_0,7.4197e+08,,rsv_vol_1_50_50_500=0,rsv_vol_6_50_50_500=1.94792,rsv_vol_21_50_50_500=0,rsv_vol_28_50_50_500=0,rsv_vol_37_50_50_500=2.90475,rsv_vol_63_50_50_500=9343.02,rsv_vol_65_50_50_500=35009.8,rsv_vol_67_50_50_500=15127.2,sddp_alpha_0_49=1000
o,49,1,sddp_ecut_0_49_80_1,5.94245e+08,,rsv_vol_1_50_49_490=0,rsv_vol_6_50_49_490=-12.3816,rsv_vol_21_50_49_490=0,rsv_vol_28_50_49_490=0,rsv_vol_37_50_49_490=1.87958,rsv_vol_63_50_49_490=8418.64,rsv_vol_65_50_49_490=0,rsv_vol_67_50_49_490=14416.9,sddp_alpha_0_48=1000
o,48,1,sddp_ecut_0_48_80_2,6.5112e+08,,rsv_vol_1_50_48_480=0,rsv_vol_6_50_48_480=-26.4146,rsv_vol_21_50_48_480=0,rsv_vol_28_50_48_480=0,rsv_vol_37_50_48_480=2.43005,rsv_vol_63_50_48_480=7621.99,rsv_vol_65_50_48_480=0,rsv_vol_67_50_48_480=13639.3,sddp_alpha_0_47=1000
o,47,1,sddp_ecut_0_47_80_3,6.4186e+08,,rsv_vol_1_50_47_470=0,rsv_vol_6_50_47_470=-95.2668,rsv_vol_21_50_47_470=0,rsv_vol_28_50_47_470=0,rsv_vol_37_50_47_470=1.45394,rsv_vol_63_50_47_470=7678.17,rsv_vol_65_50_47_470=0,rsv_vol_67_50_47_470=9022.1,sddp_alpha_0_46=1000
o,46,1,sddp_ecut_0_46_80_4,6.21959e+08,,rsv_vol_1_50_46_460=0,rsv_vol_6_50_46_460=-123.55,rsv_vol_21_50_46_460=0,rsv_vol_28_50_46_460=0,rsv_vol_37_50_46_460=1.76338,rsv_vol_63_50_46_460=7622.2,rsv_vol_65_50_46_460=0,rsv_vol_67_50_46_460=6941.93,sddp_alpha_0_45=1000
o,45,1,sddp_ecut_0_45_80_5,6.87401e+08,,rsv_vol_1_50_45_450=0,rsv_vol_6_50_45_450=0.839902,rsv_vol_21_50_45_450=0,rsv_vol_28_50_45_450=0,rsv_vol_37_50_45_450=2.51234,rsv_vol_63_50_45_450=7123.3,rsv_vol_65_50_45_450=0,rsv_vol_67_50_45_450=11127.6,sddp_alpha_0_44=1000
o,44,1,sddp_ecut_0_44_80_6,6.90026e+08,,rsv_vol_1_50_44_440=0,rsv_vol_6_50_44_440=1.09349,rsv_vol_21_50_44_440=0,rsv_vol_28_50_44_440=0,rsv_vol_37_50_44_440=2.27898,rsv_vol_63_50_44_440=7545.16,rsv_vol_65_50_44_440=-28.0204,rsv_vol_67_50_44_440=10508.2,sddp_alpha_0_43=1000
o,43,1,sddp_ecut_0_43_80_7,7.71882e+08,,rsv_vol_1_50_43_430=0,rsv_vol_6_50_43_430=1.45338,rsv_vol_21_50_43_430=0,rsv_vol_28_50_43_430=0,rsv_vol_37_50_43_430=2.45561,rsv_vol_63_50_43_430=6525.85,rsv_vol_65_50_43_430=-28.2438,rsv_vol_67_50_43_430=12635.8,sddp_alpha_0_42=1000
o,42,1,sddp_ecut_0_42_80_8,8.26884e+08,,rsv_vol_1_50_42_420=0,rsv_vol_6_50_42_420=2.01369,rsv_vol_21_50_42_420=0,rsv_vol_28_50_42_420=0,rsv_vol_37_50_42_420=3.00551,rsv_vol_63_50_42_420=8883.06,rsv_vol_65_50_42_420=-14.2345,rsv_vol_67_50_42_420=14733.5,sddp_alpha_0_41=1000
o,41,1,sddp_ecut_0_41_80_9,8.32332e+08,,rsv_vol_1_50_41_410=0,rsv_vol_6_50_41_410=1.89132,rsv_vol_21_50_41_410=0,rsv_vol_28_50_41_410=0,rsv_vol_37_50_41_410=2.95122,rsv_vol_63_50_41_410=6677.09,rsv_vol_65_50_41_410=4962.15,rsv_vol_67_50_41_410=11700.4,sddp_alpha_0_40=1000
o,40,1,sddp_ecut_0_40_80_10,8.47719e+08,,rsv_vol_1_50_40_400=0,rsv_vol_6_50_40_400=2.03587,rsv_vol_21_50_40_400=0,rsv_vol_28_50_40_400=0,rsv_vol_37_50_40_400=4.35808,rsv_vol_63_50_40_400=8532.25,rsv_vol_65_50_40_400=4695.37,rsv_vol_67_50_40_400=14517.1,sddp_alpha_0_39=1000
o,39,1,sddp_ecut_0_39_80_11,7.73673e+08,,rsv_vol_1_50_39_390=0,rsv_vol_6_50_39_390=1.80547,rsv_vol_21_50_39_390=0,rsv_vol_28_50_39_390=0,rsv_vol_37_50_39_390=3.81567,rsv_vol_63_50_39_390=8647.2,rsv_vol_65_50_39_390=4663.56,rsv_vol_67_50_39_390=15042.9,sddp_alpha_0_38=1000
o,38,1,sddp_ecut_0_38_80_12,7.79346e+08,,rsv_vol_1_50_38_380=0,rsv_vol_6_50_38_380=-12.7532,rsv_vol_21_50_38_380=0,rsv_vol_28_50_38_380=0,rsv_vol_37_50_38_380=2.83015,rsv_vol_63_50_38_380=9549.15,rsv_vol_65_50_38_380=12661.7,rsv_vol_67_50_38_380=-235.104,sddp_alpha_0_37=1000
o,37,1,sddp_ecut_0_37_80_13,6.45813e+08,,rsv_vol_1_50_37_370=0,rsv_vol_6_50_37_370=-13.6252,rsv_vol_21_50_37_370=0,rsv_vol_28_50_37_370=0,rsv_vol_37_50_37_370=2.23528,rsv_vol_63_50_37_370=9443.88,rsv_vol_65_50_37_370=0,rsv_vol_67_50_37_370=15930,sddp_alpha_0_36=1000
o,36,1,sddp_ecut_0_36_80_14,7.0939e+08,,rsv_vol_1_50_36_360=0,rsv_vol_6_50_36_360=-29.2047,rsv_vol_21_50_36_360=0,rsv_vol_28_50_36_360=0,rsv_vol_37_50_36_360=2.77566,rsv_vol_63_50_36_360=9090.91,rsv_vol_65_50_36_360=0,rsv_vol_67_50_36_360=15229.1,sddp_alpha_0_35=1000
o,35,1,sddp_ecut_0_35_80_15,7.38236e+08,,rsv_vol_1_50_35_350=0,rsv_vol_6_50_35_350=-105.102,rsv_vol_21_50_35_350=0,rsv_vol_28_50_35_350=0,rsv_vol_37_50_35_350=0.693072,rsv_vol_63_50_35_350=8573.34,rsv_vol_65_50_35_350=0,rsv_vol_67_50_35_350=3253.05,sddp_alpha_0_34=1000
o,34,1,sddp_ecut_0_34_80_16,7.15841e+08,,rsv_vol_1_50_34_340=0,rsv_vol_6_50_34_340=-29.8209,rsv_vol_21_50_34_340=0,rsv_vol_28_50_34_340=0,rsv_vol_37_50_34_340=1.1029,rsv_vol_63_50_34_340=9189.82,rsv_vol_65_50_34_340=0,rsv_vol_67_50_34_340=1639.13,sddp_alpha_0_33=1000
o,33,1,sddp_ecut_0_33_80_17,7.85711e+08,,rsv_vol_1_50_33_330=0,rsv_vol_6_50_33_330=1.41522,rsv_vol_21_50_33_330=0,rsv_vol_28_50_33_330=0,rsv_vol_37_50_33_330=2.15555,rsv_vol_63_50_33_330=7432.22,rsv_vol_65_50_33_330=0,rsv_vol_67_50_33_330=7990.96,sddp_alpha_0_32=1000
o,32,1,sddp_ecut_0_32_80_18,7.86227e+08,,rsv_vol_1_50_32_320=0,rsv_vol_6_50_32_320=1.50884,rsv_vol_21_50_32_320=0,rsv_vol_28_50_32_320=0,rsv_vol_37_50_32_320=1.93903,rsv_vol_63_50_32_320=4402.97,rsv_vol_65_50_32_320=0,rsv_vol_67_50_32_320=8573.67,sddp_alpha_0_31=1000
o,31,1,sddp_ecut_0_31_80_19,8.80882e+08,,rsv_vol_1_50_31_310=0,rsv_vol_6_50_31_310=1.86777,rsv_vol_21_50_31_310=0,rsv_vol_28_50_31_310=0,rsv_vol_37_50_31_310=2.48662,rsv_vol_63_50_31_310=1807.29,rsv_vol_65_50_31_310=-15.5341,rsv_vol_67_50_31_310=12724.6,sddp_alpha_0_30=1000
o,30,1,sddp_ecut_0_30_80_20,9.50338e+08,,rsv_vol_1_50_30_300=0,rsv_vol_6_50_30_300=2.42933,rsv_vol_21_50_30_300=0,rsv_vol_28_50_30_300=0,rsv_vol_37_50_30_300=3.57529,rsv_vol_63_50_30_300=8717.49,rsv_vol_65_50_30_300=-31.3159,rsv_vol_67_50_30_300=16476.2,sddp_alpha_0_29=1000
o,29,1,sddp_ecut_0_29_80_21,9.75418e+08,,rsv_vol_1_50_29_290=0,rsv_vol_6_50_29_290=3.07721,rsv_vol_21_50_29_290=0,rsv_vol_28_50_29_290=0,rsv_vol_37_50_29_290=2.22383,rsv_vol_63_50_29_290=8648.77,rsv_vol_65_50_29_290=15585.7,rsv_vol_67_50_29_290=3619.72,sddp_alpha_0_28=1000
o,28,1,sddp_ecut_0_28_80_22,1.03339e+09,,rsv_vol_1_50_28_280=0,rsv_vol_6_50_28_280=3.41761,rsv_vol_21_50_28_280=0,rsv_vol_28_50_28_280=0,rsv_vol_37_50_28_280=6.63199,rsv_vol_63_50_28_280=10199,rsv_vol_65_50_28_280=23688.4,rsv_vol_67_50_28_280=1852.15,sddp_alpha_0_27=1000
o,27,1,sddp_ecut_0_27_80_23,9.23448e+08,,rsv_vol_1_50_27_270=0,rsv_vol_6_50_27_270=-30.9372,rsv_vol_21_50_27_270=0,rsv_vol_28_50_27_270=0,rsv_vol_37_50_27_270=1.23183,rsv_vol_63_50_27_270=9289.17,rsv_vol_65_50_27_270=4392.88,rsv_vol_67_50_27_270=-256.569,sddp_alpha_0_26=1000
o,26,1,sddp_ecut_0_26_80_24,9.38607e+08,,rsv_vol_1_50_26_260=0,rsv_vol_6_50_26_260=-47.1974,rsv_vol_21_50_26_260=0,rsv_vol_28_50_26_260=0,rsv_vol_37_50_26_260=5.18722,rsv_vol_63_50_26_260=10361.7,rsv_vol_65_50_26_260=0,rsv_vol_67_50_26_260=17207.8,sddp_alpha_0_25=1000
o,25,1,sddp_ecut_0_25_80_25,8.2928e+08,,rsv_vol_1_50_25_250=0,rsv_vol_6_50_25_250=-63.968,rsv_vol_21_50_25_250=0,rsv_vol_28_50_25_250=0,rsv_vol_37_50_25_250=4.78176,rsv_vol_63_50_25_250=11019,rsv_vol_65_50_25_250=0,rsv_vol_67_50_25_250=18631.8,sddp_alpha_0_24=1000
o,24,1,sddp_ecut_0_24_80_26,9.00769e+08,,rsv_vol_1_50_24_240=0,rsv_vol_6_50_24_240=-146.75,rsv_vol_21_50_24_240=0,rsv_vol_28_50_24_240=0,rsv_vol_37_50_24_240=3.85428,rsv_vol_63_50_24_240=10337,rsv_vol_65_50_24_240=0,rsv_vol_67_50_24_240=17158.7,sddp_alpha_0_23=1000
o,23,1,sddp_ecut_0_23_80_27,8.7139e+08,,rsv_vol_1_50_23_230=0,rsv_vol_6_50_23_230=-115.323,rsv_vol_21_50_23_230=0,rsv_vol_28_50_23_230=0,rsv_vol_37_50_23_230=1.29822,rsv_vol_63_50_23_230=8882.42,rsv_vol_65_50_23_230=0,rsv_vol_67_50_23_230=6594.82,sddp_alpha_0_22=1000
o,22,1,sddp_ecut_0_22_80_28,2.25306e+08,,rsv_vol_1_50_22_220=0,rsv_vol_6_50_22_220=0.3573,rsv_vol_21_50_22_220=0,rsv_vol_28_50_22_220=0,rsv_vol_37_50_22_220=0.483474,rsv_vol_63_50_22_220=7.80866,rsv_vol_65_50_22_220=-16.6852,rsv_vol_67_50_22_220=2751.78,sddp_alpha_0_21=1000
o,21,1,sddp_ecut_0_21_80_29,1.97243e+08,,rsv_vol_1_50_21_210=0,rsv_vol_6_50_21_210=0.327868,rsv_vol_21_50_21_210=0,rsv_vol_28_50_21_210=0,rsv_vol_37_50_21_210=0.353737,rsv_vol_63_50_21_210=7.20799,rsv_vol_65_50_21_210=-16.6852,rsv_vol_67_50_21_210=1323.9,sddp_alpha_0_20=1000
o,20,1,sddp_ecut_0_20_80_30,2.24944e+08,,rsv_vol_1_50_20_200=0,rsv_vol_6_50_20_200=0.396313,rsv_vol_21_50_20_200=0,rsv_vol_28_50_20_200=0,rsv_vol_37_50_20_200=0.345962,rsv_vol_63_50_20_200=6.00666,rsv_vol_65_50_20_200=-50.0555,rsv_vol_67_50_20_200=1140.36,sddp_alpha_0_19=1000
o,19,1,sddp_ecut_0_19_80_31,1.9615e+08,,rsv_vol_1_50_19_190=0,rsv_vol_6_50_19_190=0.358616,rsv_vol_21_50_19_190=0,rsv_vol_28_50_19_190=0,rsv_vol_37_50_19_190=0.248175,rsv_vol_63_50_19_190=7.20799,rsv_vol_65_50_19_190=-50.0555,rsv_vol_67_50_19_190=392.776,sddp_alpha_0_18=1000
o,18,1,sddp_ecut_0_18_80_32,2.4088e+08,,rsv_vol_1_50_18_180=0,rsv_vol_6_50_18_180=0.402678,rsv_vol_21_50_18_180=0,rsv_vol_28_50_18_180=0,rsv_vol_37_50_18_180=0.414202,rsv_vol_63_50_18_180=7.26547,rsv_vol_65_50_18_180=-50.4547,rsv_vol_67_50_18_180=2041.26,sddp_alpha_0_17=1000
o,17,1,sddp_ecut_0_17_80_33,2.42099e+08,,rsv_vol_1_50_17_170=0,rsv_vol_6_50_17_170=0.412814,rsv_vol_21_50_17_170=0,rsv_vol_28_50_17_170=0,rsv_vol_37_50_17_170=0.503725,rsv_vol_63_50_17_170=7.26547,rsv_vol_65_50_17_170=-33.6364,rsv_vol_67_50_17_170=1572.26,sddp_alpha_0_16=1000
o,16,1,sddp_ecut_0_16_80_34,2.42624e+08,,rsv_vol_1_50_16_160=0,rsv_vol_6_50_16_160=0.418494,rsv_vol_21_50_16_160=0,rsv_vol_28_50_16_160=0,rsv_vol_37_50_16_160=0.488897,rsv_vol_63_50_16_160=6.66001,rsv_vol_65_50_16_160=0,rsv_vol_67_50_16_160=3249.37,sddp_alpha_0_15=1000
o,15,1,sddp_ecut_0_15_80_35,2.12073e+08,,rsv_vol_1_50_15_150=0,rsv_vol_6_50_15_150=0.375323,rsv_vol_21_50_15_150=0,rsv_vol_28_50_15_150=0,rsv_vol_37_50_15_150=0.336979,rsv_vol_63_50_15_150=4.23819,rsv_vol_65_50_15_150=-16.8182,rsv_vol_67_50_15_150=772.609,sddp_alpha_0_14=1000
o,14,1,sddp_ecut_0_14_80_36,2.51893e+08,,rsv_vol_1_50_14_140=0,rsv_vol_6_50_14_140=0.486347,rsv_vol_21_50_14_140=0,rsv_vol_28_50_14_140=0,rsv_vol_37_50_14_140=0.585543,rsv_vol_63_50_14_140=4.88227,rsv_vol_65_50_14_140=-16.9523,rsv_vol_67_50_14_140=5388.82,sddp_alpha_0_13=1000
o,13,1,sddp_ecut_0_13_80_37,2.17886e+08,,rsv_vol_1_50_13_130=0,rsv_vol_6_50_13_130=0.381142,rsv_vol_21_50_13_130=0,rsv_vol_28_50_13_130=0,rsv_vol_37_50_13_130=0.384669,rsv_vol_63_50_13_130=3.0545,rsv_vol_65_50_13_130=-16.9523,rsv_vol_67_50_13_130=1364.34,sddp_alpha_0_12=1000
o,12,1,sddp_ecut_0_12_80_38,2.49692e+08,,rsv_vol_1_50_12_120=0,rsv_vol_6_50_12_120=0.463542,rsv_vol_21_50_12_120=0,rsv_vol_28_50_12_120=0,rsv_vol_37_50_12_120=0.569366,rsv_vol_63_50_12_120=3.66341,rsv_vol_65_50_12_120=-33.9046,rsv_vol_67_50_12_120=4862.43,sddp_alpha_0_11=1000
o,11,1,sddp_ecut_0_11_80_39,2.19629e+08,,rsv_vol_1_50_11_110=0,rsv_vol_6_50_11_110=0.422289,rsv_vol_21_50_11_110=0,rsv_vol_28_50_11_110=0,rsv_vol_37_50_11_110=0.549519,rsv_vol_63_50_11_110=1.22057,rsv_vol_65_50_11_110=0,rsv_vol_67_50_11_110=1867.99,sddp_alpha_0_10=1000
o,10,1,sddp_ecut_0_10_80_40,2.60918e+08,,rsv_vol_1_50_10_100=0,rsv_vol_6_50_10_100=0.460434,rsv_vol_21_50_10_100=0,rsv_vol_28_50_10_100=0,rsv_vol_37_50_10_100=0.520056,rsv_vol_63_50_10_100=1.2303,rsv_vol_65_50_10_100=-34.175,rsv_vol_67_50_10_100=2725.03,sddp_alpha_0_9=1000
o,9,1,sddp_ecut_0_9_80_41,2.6257e+08,,rsv_vol_1_50_9_90=0,rsv_vol_6_50_9_90=0.471838,rsv_vol_21_50_9_90=0,rsv_vol_28_50_9_90=0,rsv_vol_37_50_9_90=0.533764,rsv_vol_63_50_9_90=0,rsv_vol_65_50_9_90=-17.0875,rsv_vol_67_50_9_90=2030.46,sddp_alpha_0_8=1000
o,8,1,sddp_ecut_0_8_80_42,2.63448e+08,,rsv_vol_1_50_8_80=0,rsv_vol_6_50_8_80=0.479546,rsv_vol_21_50_8_80=0,rsv_vol_28_50_8_80=0,rsv_vol_37_50_8_80=0.774691,rsv_vol_63_50_8_80=0.00579216,rsv_vol_65_50_8_80=-17.0875,rsv_vol_67_50_8_80=4295.42,sddp_alpha_0_7=1000
o,7,1,sddp_ecut_0_7_80_43,2.31658e+08,,rsv_vol_1_50_7_70=0,rsv_vol_6_50_7_70=0.434487,rsv_vol_21_50_7_70=0,rsv_vol_28_50_7_70=0,rsv_vol_37_50_7_70=0.680909,rsv_vol_63_50_7_70=0.00517157,rsv_vol_65_50_7_70=-17.0875,rsv_vol_67_50_7_70=3123.81,sddp_alpha_0_6=1000
o,6,1,sddp_ecut_0_6_80_44,2.81814e+08,,rsv_vol_1_50_6_60=0,rsv_vol_6_50_6_60=0.528607,rsv_vol_21_50_6_60=0,rsv_vol_28_50_6_60=0,rsv_vol_37_50_6_60=0.936707,rsv_vol_63_50_6_60=0.00756529,rsv_vol_65_50_6_60=0,rsv_vol_67_50_6_60=5943.57,sddp_alpha_0_5=1000
o,5,1,sddp_ecut_0_5_80_45,2.81885e+08,,rsv_vol_1_50_5_50=0,rsv_vol_6_50_5_50=0.554327,rsv_vol_21_50_5_50=0,rsv_vol_28_50_5_50=0,rsv_vol_37_50_5_50=0.73746,rsv_vol_63_50_5_50=0.00649041,rsv_vol_65_50_5_50=0,rsv_vol_67_50_5_50=4823.92,sddp_alpha_0_4=1000
o,4,1,sddp_ecut_0_4_80_46,2.83267e+08,,rsv_vol_1_50_4_40=0,rsv_vol_6_50_4_40=0.554263,rsv_vol_21_50_4_40=0,rsv_vol_28_50_4_40=0,rsv_vol_37_50_4_40=0.812836,rsv_vol_63_50_4_40=0,rsv_vol_65_50_4_40=0,rsv_vol_67_50_4_40=2573.44,sddp_alpha_0_3=1000
o,3,1,sddp_ecut_0_3_80_47,2.50811e+08,,rsv_vol_1_50_3_30=0,rsv_vol_6_50_3_30=0.545396,rsv_vol_21_50_3_30=0,rsv_vol_28_50_3_30=0,rsv_vol_37_50_3_30=0.744395,rsv_vol_63_50_3_30=0,rsv_vol_65_50_3_30=-34.4475,rsv_vol_67_50_3_30=2830.48,sddp_alpha_0_2=1000
o,2,1,sddp_ecut_0_2_80_48,2.25338e+08,,rsv_vol_1_50_2_20=0,rsv_vol_6_50_2_20=0.707866,rsv_vol_21_50_2_20=0,rsv_vol_28_50_2_20=0,rsv_vol_37_50_2_20=0.488828,rsv_vol_63_50_2_20=0,rsv_vol_65_50_2_20=-69.4444,rsv_vol_67_50_2_20=6213.54,sddp_alpha_0_1=1000
o,1,1,sddp_ecut_0_1_80_49,2.65508e+08,,rsv_vol_1_50_1_10=0,rsv_vol_6_50_1_10=0.843154,rsv_vol_21_50_1_10=0,rsv_vol_28_50_1_10=0,rsv_vol_37_50_1_10=0.507562,rsv_vol_63_50_1_10=0,rsv_vol_65_50_1_10=-17.3611,rsv_vol_67_50_1_10=9920.79,sddp_alpha_0_0=1000
o,50,1,sddp_ecut_0_50_81_0,7.4197e+08,,rsv_vol_1_50_50_500=0,rsv_vol_6_50_50_500=1.94792,rsv_vol_21_50_50_500=0,rsv_vol_28_50_50_500=0,rsv_vol_37_50_50_500=2.90475,rsv_vol_63_50_50_500=9343.02,rsv_vol_65_50_50_500=35009.8,rsv_vol_67_50_50_500=15127.2,sddp_alpha_0_49=1000
o,49,1,sddp_ecut_0_49_81_1,5.94245e+08,,rsv_vol_1_50_49_490=0,rsv_vol_6_50_49_490=-12.3816,rsv_vol_21_50_49_490=0,rsv_vol_28_50_49_490=0,rsv_vol_37_50_49_490=1.87958,rsv_vol_63_50_49_490=8418.64,rsv_vol_65_50_49_490=0,rsv_vol_67_50_49_490=14416.9,sddp_alpha_0_48=1000
o,48,1,sddp_ecut_0_48_81_2,6.5112e+08,,rsv_vol_1_50_48_480=0,rsv_vol_6_50_48_480=-26.4146,rsv_vol_21_50_48_480=0,rsv_vol_28_50_48_480=0,rsv_vol_37_50_48_480=2.43005,rsv_vol_63_50_48_480=7621.99,rsv_vol_65_50_48_480=0,rsv_vol_67_50_48_480=13639.3,sddp_alpha_0_47=1000
o,47,1,sddp_ecut_0_47_81_3,6.4186e+08,,rsv_vol_1_50_47_470=0,rsv_vol_6_50_47_470=-95.2668,rsv_vol_21_50_47_470=0,rsv_vol_28_50_47_470=0,rsv_vol_37_50_47_470=1.45394,rsv_vol_63_50_47_470=7678.17,rsv_vol_65_50_47_470=0,rsv_vol_67_50_47_470=9022.1,sddp_alpha_0_46=1000
o,46,1,sddp_ecut_0_46_81_4,6.21959e+08,,rsv_vol_1_50_46_460=0,rsv_vol_6_50_46_460=-123.55,rsv_vol_21_50_46_460=0,rsv_vol_28_50_46_460=0,rsv_vol_37_50_46_460=1.76338,rsv_vol_63_50_46_460=7622.2,rsv_vol_65_50_46_460=0,rsv_vol_67_50_46_460=6941.93,sddp_alpha_0_45=1000
o,45,1,sddp_ecut_0_45_81_5,6.87401e+08,,rsv_vol_1_50_45_450=0,rsv_vol_6_50_45_450=0.839902,rsv_vol_21_50_45_450=0,rsv_vol_28_50_45_450=0,rsv_vol_37_50_45_450=2.51234,rsv_vol_63_50_45_450=7123.3,rsv_vol_65_50_45_450=0,rsv_vol_67_50_45_450=11127.6,sddp_alpha_0_44=1000
o,44,1,sddp_ecut_0_44_81_6,6.90026e+08,,rsv_vol_1_50_44_440=0,rsv_vol_6_50_44_440=1.09349,rsv_vol_21_50_44_440=0,rsv_vol_28_50_44_440=0,rsv_vol_37_50_44_440=2.27898,rsv_vol_63_50_44_440=7545.16,rsv_vol_65_50_44_440=-28.0204,rsv_vol_67_50_44_440=10508.2,sddp_alpha_0_43=1000
o,43,1,sddp_ecut_0_43_81_7,7.71882e+08,,rsv_vol_1_50_43_430=0,rsv_vol_6_50_43_430=1.45338,rsv_vol_21_50_43_430=0,rsv_vol_28_50_43_430=0,rsv_vol_37_50_43_430=2.45561,rsv_vol_63_50_43_430=6525.85,rsv_vol_65_50_43_430=-28.2438,rsv_vol_67_50_43_430=12635.8,sddp_alpha_0_42=1000
o,42,1,sddp_ecut_0_42_81_8,8.26884e+08,,rsv_vol_1_50_42_420=0,rsv_vol_6_50_42_420=2.01369,rsv_vol_21_50_42_420=0,rsv_vol_28_50_42_420=0,rsv_vol_37_50_42_420=3.00551,rsv_vol_63_50_42_420=8883.06,rsv_vol_65_50_42_420=-14.2345,rsv_vol_67_50_42_420=14733.5,sddp_alpha_0_41=1000
o,41,1,sddp_ecut_0_41_81_9,8.32332e+08,,rsv_vol_1_50_41_410=0,rsv_vol_6_50_41_410=1.89132,rsv_vol_21_50_41_410=0,rsv_vol_28_50_41_410=0,rsv_vol_37_50_41_410=2.95122,rsv_vol_63_50_41_410=6677.09,rsv_vol_65_50_41_410=4962.15,rsv_vol_67_50_41_410=11700.4,sddp_alpha_0_40=1000
o,40,1,sddp_ecut_0_40_81_10,8.47719e+08,,rsv_vol_1_50_40_400=0,rsv_vol_6_50_40_400=2.03587,rsv_vol_21_50_40_400=0,rsv_vol_28_50_40_400=0,rsv_vol_37_50_40_400=4.35808,rsv_vol_63_50_40_400=8532.25,rsv_vol_65_50_40_400=4695.37,rsv_vol_67_50_40_400=14517.1,sddp_alpha_0_39=1000
o,39,1,sddp_ecut_0_39_81_11,7.73673e+08,,rsv_vol_1_50_39_390=0,rsv_vol_6_50_39_390=1.80547,rsv_vol_21_50_39_390=0,rsv_vol_28_50_39_390=0,rsv_vol_37_50_39_390=3.81567,rsv_vol_63_50_39_390=8647.2,rsv_vol_65_50_39_390=4663.56,rsv_vol_67_50_39_390=15042.9,sddp_alpha_0_38=1000
o,38,1,sddp_ecut_0_38_81_12,7.79346e+08,,rsv_vol_1_50_38_380=0,rsv_vol_6_50_38_380=-12.7532,rsv_vol_21_50_38_380=0,rsv_vol_28_50_38_380=0,rsv_vol_37_50_38_380=2.83015,rsv_vol_63_50_38_380=9549.15,rsv_vol_65_50_38_380=12661.7,rsv_vol_67_50_38_380=-235.104,sddp_alpha_0_37=1000
o,37,1,sddp_ecut_0_37_81_13,6.45813e+08,,rsv_vol_1_50_37_370=0,rsv_vol_6_50_37_370=-13.6252,rsv_vol_21_50_37_370=0,rsv_vol_28_50_37_370=0,rsv_vol_37_50_37_370=2.23528,rsv_vol_63_50_37_370=9443.88,rsv_vol_65_50_37_370=0,rsv_vol_67_50_37_370=15930,sddp_alpha_0_36=1000
o,36,1,sddp_ecut_0_36_81_14,7.0939e+08,,rsv_vol_1_50_36_360=0,rsv_vol_6_50_36_360=-29.2047,rsv_vol_21_50_36_360=0,rsv_vol_28_50_36_360=0,rsv_vol_37_50_36_360=2.77566,rsv_vol_63_50_36_360=9090.91,rsv_vol_65_50_36_360=0,rsv_vol_67_50_36_360=15229.1,sddp_alpha_0_35=1000
o,35,1,sddp_ecut_0_35_81_15,7.38236e+08,,rsv_vol_1_50_35_350=0,rsv_vol_6_50_35_350=-105.102,rsv_vol_21_50_35_350=0,rsv_vol_28_50_35_350=0,rsv_vol_37_50_35_350=0.693072,rsv_vol_63_50_35_350=8573.34,rsv_vol_65_50_35_350=0,rsv_vol_67_50_35_350=3253.05,sddp_alpha_0_34=1000
o,34,1,sddp_ecut_0_34_81_16,7.15841e+08,,rsv_vol_1_50_34_340=0,rsv_vol_6_50_34_340=-29.8209,rsv_vol_21_50_34_340=0,rsv_vol_28_50_34_340=0,rsv_vol_37_50_34_340=1.1029,rsv_vol_63_50_34_340=9189.82,rsv_vol_65_50_34_340=0,rsv_vol_67_50_34_340=1639.13,sddp_alpha_0_33=1000
o,33,1,sddp_ecut_0_33_81_17,7.85711e+08,,rsv_vol_1_50_33_330=0,rsv_vol_6_50_33_330=1.41522,rsv_vol_21_50_33_330=0,rsv_vol_28_50_33_330=0,rsv_vol_37_50_33_330=2.15555,rsv_vol_63_50_33_330=7432.22,rsv_vol_65_50_33_330=0,rsv_vol_67_50_33_330=7990.96,sddp_alpha_0_32=1000
o,32,1,sddp_ecut_0_32_81_18,7.86227e+08,,rsv_vol_1_50_32_320=0,rsv_vol_6_50_32_320=1.50884,rsv_vol_21_50_32_320=0,rsv_vol_28_50_32_320=0,rsv_vol_37_50_32_320=1.93903,rsv_vol_63_50_32_320=4402.97,rsv_vol_65_50_32_320=0,rsv_vol_67_50_32_320=8573.67,sddp_alpha_0_31=1000
o,31,1,sddp_ecut_0_31_81_19,8.80882e+08,,rsv_vol_1_50_31_310=0,rsv_vol_6_50_31_310=1.86777,rsv_vol_21_50_31_310=0,rsv_vol_28_50_31_310=0,rsv_vol_37_50_31_310=2.48662,rsv_vol_63_50_31_310=1807.29,rsv_vol_65_50_31_310=-15.5341,rsv_vol_67_50_31_310=12724.6,sddp_alpha_0_30=1000
o,30,1,sddp_ecut_0_30_81_20,9.50338e+08,,rsv_vol_1_50_30_300=0,rsv_vol_6_50_30_300=2.42933,rsv_vol_21_50_30_300=0,rsv_vol_28_50_30_300=0,rsv_vol_37_50_30_300=3.57529,rsv_vol_63_50_30_300=8717.49,rsv_vol_65_50_30_300=-31.3159,rsv_vol_67_50_30_300=16476.2,sddp_alpha_0_29=1000
o,29,1,sddp_ecut_0_29_81_21,9.75418e+08,,rsv_vol_1_50_29_290=0,rsv_vol_6_50_29_290=3.07721,rsv_vol_21_50_29_290=0,rsv_vol_28_50_29_290=0,rsv_vol_37_50_29_290=2.22383,rsv_vol_63_50_29_290=8648.77,rsv_vol_65_50_29_290=15585.7,rsv_vol_67_50_29_290=3619.72,sddp_alpha_0_28=1000
o,28,1,sddp_ecut_0_28_81_22,1.03339e+09,,rsv_vol_1_50_28_280=0,rsv_vol_6_50_28_280=3.41761,rsv_vol_21_50_28_280=0,rsv_vol_28_50_28_280=0,rsv_vol_37_50_28_280=6.63199,rsv_vol_63_50_28_280=10199,rsv_vol_65_50_28_280=23688.4,rsv_vol_67_50_28_280=1852.15,sddp_alpha_0_27=1000
o,27,1,sddp_ecut_0_27_81_23,9.23448e+08,,rsv_vol_1_50_27_270=0,rsv_vol_6_50_27_270=-30.9372,rsv_vol_21_50_27_270=0,rsv_vol_28_50_27_270=0,rsv_vol_37_50_27_270=1.23183,rsv_vol_63_50_27_270=9289.17,rsv_vol_65_50_27_270=4392.88,rsv_vol_67_50_27_270=-256.569,sddp_alpha_0_26=1000
o,26,1,sddp_ecut_0_26_81_24,9.38607e+08,,rsv_vol_1_50_26_260=0,rsv_vol_6_50_26_260=-47.1974,rsv_vol_21_50_26_260=0,rsv_vol_28_50_26_260=0,rsv_vol_37_50_26_260=5.18722,rsv_vol_63_50_26_260=10361.7,rsv_vol_65_50_26_260=0,rsv_vol_67_50_26_260=17207.8,sddp_alpha_0_25=1000
o,25,1,sddp_ecut_0_25_81_25,8.2928e+08,,rsv_vol_1_50_25_250=0,rsv_vol_6_50_25_250=-63.968,rsv_vol_21_50_25_250=0,rsv_vol_28_50_25_250=0,rsv_vol_37_50_25_250=4.78176,rsv_vol_63_50_25_250=11019,rsv_vol_65_50_25_250=0,rsv_vol_67_50_25_250=18631.8,sddp_alpha_0_24=1000
o,24,1,sddp_ecut_0_24_81_26,9.00769e+08,,rsv_vol_1_50_24_240=0,rsv_vol_6_50_24_240=-146.75,rsv_vol_21_50_24_240=0,rsv_vol_28_50_24_240=0,rsv_vol_37_50_24_240=3.85428,rsv_vol_63_50_24_240=10337,rsv_vol_65_50_24_240=0,rsv_vol_67_50_24_240=17158.7,sddp_alpha_0_23=1000
o,23,1,sddp_ecut_0_23_81_27,8.7139e+08,,rsv_vol_1_50_23_230=0,rsv_vol_6_50_23_230=-115.323,rsv_vol_21_50_23_230=0,rsv_vol_28_50_23_230=0,rsv_vol_37_50_23_230=1.29822,rsv_vol_63_50_23_230=8882.42,rsv_vol_65_50_23_230=0,rsv_vol_67_50_23_230=6594.82,sddp_alpha_0_22=1000
o,22,1,sddp_ecut_0_22_81_28,2.25306e+08,,rsv_vol_1_50_22_220=0,rsv_vol_6_50_22_220=0.3573,rsv_vol_21_50_22_220=0,rsv_vol_28_50_22_220=0,rsv_vol_37_50_22_220=0.483474,rsv_vol_63_50_22_220=7.80866,rsv_vol_65_50_22_220=-16.6852,rsv_vol_67_50_22_220=2751.78,sddp_alpha_0_21=1000
o,21,1,sddp_ecut_0_21_81_29,1.97243e+08,,rsv_vol_1_50_21_210=0,rsv_vol_6_50_21_210=0.327868,rsv_vol_21_50_21_210=0,rsv_vol_28_50_21_210=0,rsv_vol_37_50_21_210=0.353737,rsv_vol_63_50_21_210=7.20799,rsv_vol_65_50_21_210=-16.6852,rsv_vol_67_50_21_210=1323.9,sddp_alpha_0_20=1000
o,20,1,sddp_ecut_0_20_81_30,2.24944e+08,,rsv_vol_1_50_20_200=0,rsv_vol_6_50_20_200=0.396313,rsv_vol_21_50_20_200=0,rsv_vol_28_50_20_200=0,rsv_vol_37_50_20_200=0.345962,rsv_vol_63_50_20_200=6.00666,rsv_vol_65_50_20_200=-50.0555,rsv_vol_67_50_20_200=1140.36,sddp_alpha_0_19=1000
o,19,1,sddp_ecut_0_19_81_31,1.9615e+08,,rsv_vol_1_50_19_190=0,rsv_vol_6_50_19_190=0.358616,rsv_vol_21_50_19_190=0,rsv_vol_28_50_19_190=0,rsv_vol_37_50_19_190=0.248175,rsv_vol_63_50_19_190=7.20799,rsv_vol_65_50_19_190=-50.0555,rsv_vol_67_50_19_190=392.776,sddp_alpha_0_18=1000
o,18,1,sddp_ecut_0_18_81_32,2.4088e+08,,rsv_vol_1_50_18_180=0,rsv_vol_6_50_18_180=0.402678,rsv_vol_21_50_18_180=0,rsv_vol_28_50_18_180=0,rsv_vol_37_50_18_180=0.414202,rsv_vol_63_50_18_180=7.26547,rsv_vol_65_50_18_180=-50.4547,rsv_vol_67_50_18_180=2041.26,sddp_alpha_0_17=1000
o,17,1,sddp_ecut_0_17_81_33,2.42099e+08,,rsv_vol_1_50_17_170=0,rsv_vol_6_50_17_170=0.412814,rsv_vol_21_50_17_170=0,rsv_vol_28_50_17_170=0,rsv_vol_37_50_17_170=0.503725,rsv_vol_63_50_17_170=7.26547,rsv_vol_65_50_17_170=-33.6364,rsv_vol_67_50_17_170=1572.26,sddp_alpha_0_16=1000
o,16,1,sddp_ecut_0_16_81_34,2.42624e+08,,rsv_vol_1_50_16_160=0,rsv_vol_6_50_16_160=0.418494,rsv_vol_21_50_16_160=0,rsv_vol_28_50_16_160=0,rsv_vol_37_50_16_160=0.488897,rsv_vol_63_50_16_160=6.66001,rsv_vol_65_50_16_160=0,rsv_vol_67_50_16_160=3249.37,sddp_alpha_0_15=1000
o,15,1,sddp_ecut_0_15_81_35,2.12073e+08,,rsv_vol_1_50_15_150=0,rsv_vol_6_50_15_150=0.375323,rsv_vol_21_50_15_150=0,rsv_vol_28_50_15_150=0,rsv_vol_37_50_15_150=0.336979,rsv_vol_63_50_15_150=4.23819,rsv_vol_65_50_15_150=-16.8182,rsv_vol_67_50_15_150=772.609,sddp_alpha_0_14=1000
o,14,1,sddp_ecut_0_14_81_36,2.51893e+08,,rsv_vol_1_50_14_140=0,rsv_vol_6_50_14_140=0.486347,rsv_vol_21_50_14_140=0,rsv_vol_28_50_14_140=0,rsv_vol_37_50_14_140=0.585543,rsv_vol_63_50_14_140=4.88227,rsv_vol_65_50_14_140=-16.9523,rsv_vol_67_50_14_140=5388.82,sddp_alpha_0_13=1000
o,13,1,sddp_ecut_0_13_81_37,2.17886e+08,,rsv_vol_1_50_13_130=0,rsv_vol_6_50_13_130=0.381142,rsv_vol_21_50_13_130=0,rsv_vol_28_50_13_130=0,rsv_vol_37_50_13_130=0.384669,rsv_vol_63_50_13_130=3.05446,rsv_vol_65_50_13_130=-16.9523,rsv_vol_67_50_13_130=1364.34,sddp_alpha_0_12=1000
o,12,1,sddp_ecut_0_12_81_38,2.49692e+08,,rsv_vol_1_50_12_120=0,rsv_vol_6_50_12_120=0.463542,rsv_vol_21_50_12_120=0,rsv_vol_28_50_12_120=0,rsv_vol_37_50_12_120=0.569366,rsv_vol_63_50_12_120=3.66341,rsv_vol_65_50_12_120=-33.9046,rsv_vol_67_50_12_120=4862.43,sddp_alpha_0_11=1000
o,11,1,sddp_ecut_0_11_81_39,2.19629e+08,,rsv_vol_1_50_11_110=0,rsv_vol_6_50_11_110=0.422289,rsv_vol_21_50_11_110=0,rsv_vol_28_50_11_110=0,rsv_vol_37_50_11_110=0.549519,rsv_vol_63_50_11_110=1.22057,rsv_vol_65_50_11_110=0,rsv_vol_67_50_11_110=1867.99,sddp_alpha_0_10=1000
o,10,1,sddp_ecut_0_10_81_40,2.60918e+08,,rsv_vol_1_50_10_100=0,rsv_vol_6_50_10_100=0.460434,rsv_vol_21_50_10_100=0,rsv_vol_28_50_10_100=0,rsv_vol_37_50_10_100=0.520056,rsv_vol_63_50_10_100=1.2303,rsv_vol_65_50_10_100=-34.175,rsv_vol_67_50_10_100=2725.03,sddp_alpha_0_9=1000
o,9,1,sddp_ecut_0_9_81_41,2.6257e+08,,rsv_vol_1_50_9_90=0,rsv_vol_6_50_9_90=0.471838,rsv_vol_21_50_9_90=0,rsv_vol_28_50_9_90=0,rsv_vol_37_50_9_90=0.533764,rsv_vol_63_50_9_90=0,rsv_vol_65_50_9_90=-17.0875,rsv_vol_67_50_9_90=2030.46,sddp_alpha_0_8=1000
o,8,1,sddp_ecut_0_8_81_42,2.63448e+08,,rsv_vol_1_50_8_80=0,rsv_vol_6_50_8_80=0.479546,rsv_vol_21_50_8_80=0,rsv_vol_28_50_8_80=0,rsv_vol_37_50_8_80=0.774691,rsv_vol_63_50_8_80=0.00579216,rsv_vol_65_50_8_80=-17.0875,rsv_vol_67_50_8_80=4295.42,sddp_alpha_0_7=1000
o,7,1,sddp_ecut_0_7_81_43,2.31658e+08,,rsv_vol_1_50_7_70=0,rsv_vol_6_50_7_70=0.434487,rsv_vol_21_50_7_70=0,rsv_vol_28_50_7_70=0,rsv_vol_37_50_7_70=0.680909,rsv_vol_63_50_7_70=0.00517157,rsv_vol_65_50_7_70=-17.0875,rsv_vol_67_50_7_70=3123.81,sddp_alpha_0_6=1000
o,6,1,sddp_ecut_0_6_81_44,2.81814e+08,,rsv_vol_1_50_6_60=0,rsv_vol_6_50_6_60=0.528607,rsv_vol_21_50_6_60=0,rsv_vol_28_50_6_60=0,rsv_vol_37_50_6_60=0.936707,rsv_vol_63_50_6_60=0.00756529,rsv_vol_65_50_6_60=0,rsv_vol_67_50_6_60=5943.57,sddp_alpha_0_5=1000
o,5,1,sddp_ecut_0_5_81_45,2.81885e+08,,rsv_vol_1_50_5_50=0,rsv_vol_6_50_5_50=0.554327,rsv_vol_21_50_5_50=0,rsv_vol_28_50_5_50=0,rsv_vol_37_50_5_50=0.73746,rsv_vol_63_50_5_50=0.00649041,rsv_vol_65_50_5_50=0,rsv_vol_67_50_5_50=4823.92,sddp_alpha_0_4=1000
o,4,1,sddp_ecut_0_4_81_46,2.83267e+08,,rsv_vol_1_50_4_40=0,rsv_vol_6_50_4_40=0.554263,rsv_vol_21_50_4_40=0,rsv_vol_28_50_4_40=0,rsv_vol_37_50_4_40=0.812836,rsv_vol_63_50_4_40=0,rsv_vol_65_50_4_40=0,rsv_vol_67_50_4_40=2573.44,sddp_alpha_0_3=1000
o,3,1,sddp_ecut_0_3_81_47,2.50811e+08,,rsv_vol_1_50_3_30=0,rsv_vol_6_50_3_30=0.545396,rsv_vol_21_50_3_30=0,rsv_vol_28_50_3_30=0,rsv_vol_37_50_3_30=0.744395,rsv_vol_63_50_3_30=0,rsv_vol_65_50_3_30=-34.4475,rsv_vol_67_50_3_30=2830.48,sddp_alpha_0_2=1000
o,2,1,sddp_ecut_0_2_81_48,2.25338e+08,,rsv_vol_1_50_2_20=0,rsv_vol_6_50_2_20=0.707866,rsv_vol_21_50_2_20=0,rsv_vol_28_50_2_20=0,rsv_vol_37_50_2_20=0.488828,rsv_vol_63_50_2_20=0,rsv_vol_65_50_2_20=-69.4444,rsv_vol_67_50_2_20=6213.54,sddp_alpha_0_1=1000
o,1,1,sddp_ecut_0_1_81_49,2.65508e+08,,rsv_vol_1_50_1_10=0,rsv_vol_6_50_1_10=0.843154,rsv_vol_21_50_1_10=0,rsv_vol_28_50_1_10=0,rsv_vol_37_50_1_10=0.507562,rsv_vol_63_50_1_10=0,rsv_vol_65_50_1_10=-17.3611,rsv_vol_67_50_1_10=9920.79,sddp_alpha_0_0=1000
o,50,1,sddp_ecut_0_50_82_0,7.4197e+08,,rsv_vol_1_50_50_500=0,rsv_vol_6_50_50_500=1.94792,rsv_vol_21_50_50_500=0,rsv_vol_28_50_50_500=0,rsv_vol_37_50_50_500=2.90475,rsv_vol_63_50_50_500=9343.02,rsv_vol_65_50_50_500=35009.8,rsv_vol_67_50_50_500=15127.2,sddp_alpha_0_49=1000
o,49,1,sddp_ecut_0_49_82_1,5.94245e+08,,rsv_vol_1_50_49_490=0,rsv_vol_6_50_49_490=-12.3816,rsv_vol_21_50_49_490=0,rsv_vol_28_50_49_490=0,rsv_vol_37_50_49_490=1.87958,rsv_vol_63_50_49_490=8418.64,rsv_vol_65_50_49_490=0,rsv_vol_67_50_49_490=14416.9,sddp_alpha_0_48=1000
o,48,1,sddp_ecut_0_48_82_2,6.5112e+08,,rsv_vol_1_50_48_480=0,rsv_vol_6_50_48_480=-26.4146,rsv_vol_21_50_48_480=0,rsv_vol_28_50_48_480=0,rsv_vol_37_50_48_480=2.43005,rsv_vol_63_50_48_480=7621.99,rsv_vol_65_50_48_480=0,rsv_vol_67_50_48_480=13639.3,sddp_alpha_0_47=1000
o,47,1,sddp_ecut_0_47_82_3,6.4186e+08,,rsv_vol_1_50_47_470=0,rsv_vol_6_50_47_470=-95.2668,rsv_vol_21_50_47_470=0,rsv_vol_28_50_47_470=0,rsv_vol_37_50_47_470=1.45394,rsv_vol_63_50_47_470=7678.17,rsv_vol_65_50_47_470=0,rsv_vol_67_50_47_470=9022.1,sddp_alpha_0_46=1000
o,46,1,sddp_ecut_0_46_82_4,6.21959e+08,,rsv_vol_1_50_46_460=0,rsv_vol_6_50_46_460=-123.55,rsv_vol_21_50_46_460=0,rsv_vol_28_50_46_460=0,rsv_vol_37_50_46_460=1.76338,rsv_vol_63_50_46_460=7622.2,rsv_vol_65_50_46_460=0,rsv_vol_67_50_46_460=6941.93,sddp_alpha_0_45=1000
o,45,1,sddp_ecut_0_45_82_5,6.87401e+08,,rsv_vol_1_50_45_450=0,rsv_vol_6_50_45_450=0.839902,rsv_vol_21_50_45_450=0,rsv_vol_28_50_45_450=0,rsv_vol_37_50_45_450=2.51234,rsv_vol_63_50_45_450=7123.3,rsv_vol_65_50_45_450=0,rsv_vol_67_50_45_450=11127.6,sddp_alpha_0_44=1000
o,44,1,sddp_ecut_0_44_82_6,6.90026e+08,,rsv_vol_1_50_44_440=0,rsv_vol_6_50_44_440=1.09349,rsv_vol_21_50_44_440=0,rsv_vol_28_50_44_440=0,rsv_vol_37_50_44_440=2.27898,rsv_vol_63_50_44_440=7545.16,rsv_vol_65_50_44_440=-28.0204,rsv_vol_67_50_44_440=10508.2,sddp_alpha_0_43=1000
o,43,1,sddp_ecut_0_43_82_7,7.71882e+08,,rsv_vol_1_50_43_430=0,rsv_vol_6_50_43_430=1.45338,rsv_vol_21_50_43_430=0,rsv_vol_28_50_43_430=0,rsv_vol_37_50_43_430=2.45561,rsv_vol_63_50_43_430=6525.85,rsv_vol_65_50_43_430=-28.2438,rsv_vol_67_50_43_430=12635.8,sddp_alpha_0_42=1000
o,42,1,sddp_ecut_0_42_82_8,8.26884e+08,,rsv_vol_1_50_42_420=0,rsv_vol_6_50_42_420=2.01369,rsv_vol_21_50_42_420=0,rsv_vol_28_50_42_420=0,rsv_vol_37_50_42_420=3.00551,rsv_vol_63_50_42_420=8883.06,rsv_vol_65_50_42_420=-14.2345,rsv_vol_67_50_42_420=14733.5,sddp_alpha_0_41=1000
o,41,1,sddp_ecut_0_41_82_9,8.32332e+08,,rsv_vol_1_50_41_410=0,rsv_vol_6_50_41_410=1.89132,rsv_vol_21_50_41_410=0,rsv_vol_28_50_41_410=0,rsv_vol_37_50_41_410=2.95122,rsv_vol_63_50_41_410=6677.09,rsv_vol_65_50_41_410=4962.15,rsv_vol_67_50_41_410=11700.4,sddp_alpha_0_40=1000
o,40,1,sddp_ecut_0_40_82_10,8.47719e+08,,rsv_vol_1_50_40_400=0,rsv_vol_6_50_40_400=2.03587,rsv_vol_21_50_40_400=0,rsv_vol_28_50_40_400=0,rsv_vol_37_50_40_400=4.35808,rsv_vol_63_50_40_400=8532.25,rsv_vol_65_50_40_400=4695.37,rsv_vol_67_50_40_400=14517.1,sddp_alpha_0_39=1000
o,39,1,sddp_ecut_0_39_82_11,7.73673e+08,,rsv_vol_1_50_39_390=0,rsv_vol_6_50_39_390=1.80547,rsv_vol_21_50_39_390=0,rsv_vol_28_50_39_390=0,rsv_vol_37_50_39_390=3.81567,rsv_vol_63_50_39_390=8647.2,rsv_vol_65_50_39_390=4663.56,rsv_vol_67_50_39_390=15042.9,sddp_alpha_0_38=1000
o,38,1,sddp_ecut_0_38_82_12,7.79346e+08,,rsv_vol_1_50_38_380=0,rsv_vol_6_50_38_380=-12.7532,rsv_vol_21_50_38_380=0,rsv_vol_28_50_38_380=0,rsv_vol_37_50_38_380=2.83015,rsv_vol_63_50_38_380=9549.15,rsv_vol_65_50_38_380=12661.7,rsv_vol_67_50_38_380=-235.104,sddp_alpha_0_37=1000
o,37,1,sddp_ecut_0_37_82_13,6.45813e+08,,rsv_vol_1_50_37_370=0,rsv_vol_6_50_37_370=-13.6252,rsv_vol_21_50_37_370=0,rsv_vol_28_50_37_370=0,rsv_vol_37_50_37_370=2.23528,rsv_vol_63_50_37_370=9443.88,rsv_vol_65_50_37_370=0,rsv_vol_67_50_37_370=15930,sddp_alpha_0_36=1000
o,36,1,sddp_ecut_0_36_82_14,7.0939e+08,,rsv_vol_1_50_36_360=0,rsv_vol_6_50_36_360=-29.2047,rsv_vol_21_50_36_360=0,rsv_vol_28_50_36_360=0,rsv_vol_37_50_36_360=2.77566,rsv_vol_63_50_36_360=9090.91,rsv_vol_65_50_36_360=0,rsv_vol_67_50_36_360=15229.1,sddp_alpha_0_35=1000
o,35,1,sddp_ecut_0_35_82_15,7.38236e+08,,rsv_vol_1_50_35_350=0,rsv_vol_6_50_35_350=-105.102,rsv_vol_21_50_35_350=0,rsv_vol_28_50_35_350=0,rsv_vol_37_50_35_350=0.693072,rsv_vol_63_50_35_350=8573.34,rsv_vol_65_50_35_350=0,rsv_vol_67_50_35_350=3253.05,sddp_alpha_0_34=1000
o,34,1,sddp_ecut_0_34_82_16,7.15841e+08,,rsv_vol_1_50_34_340=0,rsv_vol_6_50_34_340=-29.8209,rsv_vol_21_50_34_340=0,rsv_vol_28_50_34_340=0,rsv_vol_37_50_34_340=1.1029,rsv_vol_63_50_34_340=9189.82,rsv_vol_65_50_34_340=0,rsv_vol_67_50_34_340=1639.13,sddp_alpha_0_33=1000
o,33,1,sddp_ecut_0_33_82_17,7.85711e+08,,rsv_vol_1_50_33_330=0,rsv_vol_6_50_33_330=1.41522,rsv_vol_21_50_33_330=0,rsv_vol_28_50_33_330=0,rsv_vol_37_50_33_330=2.15555,rsv_vol_63_50_33_330=7432.22,rsv_vol_65_50_33_330=0,rsv_vol_67_50_33_330=7990.96,sddp_alpha_0_32=1000
o,32,1,sddp_ecut_0_32_82_18,7.86227e+08,,rsv_vol_1_50_32_320=0,rsv_vol_6_50_32_320=1.50884,rsv_vol_21_50_32_320=0,rsv_vol_28_50_32_320=0,rsv_vol_37_50_32_320=1.93903,rsv_vol_63_50_32_320=4402.97,rsv_vol_65_50_32_320=0,rsv_vol_67_50_32_320=8573.67,sddp_alpha_0_31=1000
o,31,1,sddp_ecut_0_31_82_19,8.80882e+08,,rsv_vol_1_50_31_310=0,rsv_vol_6_50_31_310=1.86777,rsv_vol_21_50_31_310=0,rsv_vol_28_50_31_310=0,rsv_vol_37_50_31_310=2.48662,rsv_vol_63_50_31_310=1807.29,rsv_vol_65_50_31_310=-15.5341,rsv_vol_67_50_31_310=12724.6,sddp_alpha_0_30=1000
o,30,1,sddp_ecut_0_30_82_20,9.50338e+08,,rsv_vol_1_50_30_300=0,rsv_vol_6_50_30_300=2.42933,rsv_vol_21_50_30_300=0,rsv_vol_28_50_30_300=0,rsv_vol_37_50_30_300=3.57529,rsv_vol_63_50_30_300=8717.49,rsv_vol_65_50_30_300=-31.3159,rsv_vol_67_50_30_300=16476.2,sddp_alpha_0_29=1000
o,29,1,sddp_ecut_0_29_82_21,9.75418e+08,,rsv_vol_1_50_29_290=0,rsv_vol_6_50_29_290=3.07721,rsv_vol_21_50_29_290=0,rsv_vol_28_50_29_290=0,rsv_vol_37_50_29_290=2.22383,rsv_vol_63_50_29_290=8648.77,rsv_vol_65_50_29_290=15585.7,rsv_vol_67_50_29_290=3619.72,sddp_alpha_0_28=1000
o,28,1,sddp_ecut_0_28_82_22,1.03339e+09,,rsv_vol_1_50_28_280=0,rsv_vol_6_50_28_280=3.41761,rsv_vol_21_50_28_280=0,rsv_vol_28_50_28_280=0,rsv_vol_37_50_28_280=6.63199,rsv_vol_63_50_28_280=10199,rsv_vol_65_50_28_280=23688.4,rsv_vol_67_50_28_280=1852.15,sddp_alpha_0_27=1000
o,27,1,sddp_ecut_0_27_82_23,9.23448e+08,,rsv_vol_1_50_27_270=0,rsv_vol_6_50_27_270=-30.9372,rsv_vol_21_50_27_270=0,rsv_vol_28_50_27_270=0,rsv_vol_37_50_27_270=1.23183,rsv_vol_63_50_27_270=9289.17,rsv_vol_65_50_27_270=4392.88,rsv_vol_67_50_27_270=-256.569,sddp_alpha_0_26=1000
o,26,1,sddp_ecut_0_26_82_24,9.38607e+08,,rsv_vol_1_50_26_260=0,rsv_vol_6_50_26_260=-47.1974,rsv_vol_21_50_26_260=0,rsv_vol_28_50_26_260=0,rsv_vol_37_50_26_260=5.18722,rsv_vol_63_50_26_260=10361.7,rsv_vol_65_50_26_260=0,rsv_vol_67_50_26_260=17207.8,sddp_alpha_0_25=1000
o,25,1,sddp_ecut_0_25_82_25,8.2928e+08,,rsv_vol_1_50_25_250=0,rsv_vol_6_50_25_250=-63.968,rsv_vol_21_50_25_250=0,rsv_vol_28_50_25_250=0,rsv_vol_37_50_25_250=4.78176,rsv_vol_63_50_25_250=11019,rsv_vol_65_50_25_250=0,rsv_vol_67_50_25_250=18631.8,sddp_alpha_0_24=1000
o,24,1,sddp_ecut_0_24_82_26,9.00769e+08,,rsv_vol_1_50_24_240=0,rsv_vol_6_50_24_240=-146.75,rsv_vol_21_50_24_240=0,rsv_vol_28_50_24_240=0,rsv_vol_37_50_24_240=3.85428,rsv_vol_63_50_24_240=10337,rsv_vol_65_50_24_240=0,rsv_vol_67_50_24_240=17158.7,sddp_alpha_0_23=1000
o,23,1,sddp_ecut_0_23_82_27,8.7139e+08,,rsv_vol_1_50_23_230=0,rsv_vol_6_50_23_230=-115.323,rsv_vol_21_50_23_230=0,rsv_vol_28_50_23_230=0,rsv_vol_37_50_23_230=1.29822,rsv_vol_63_50_23_230=8882.42,rsv_vol_65_50_23_230=0,rsv_vol_67_50_23_230=6594.82,sddp_alpha_0_22=1000
o,22,1,sddp_ecut_0_22_82_28,2.25306e+08,,rsv_vol_1_50_22_220=0,rsv_vol_6_50_22_220=0.3573,rsv_vol_21_50_22_220=0,rsv_vol_28_50_22_220=0,rsv_vol_37_50_22_220=0.483474,rsv_vol_63_50_22_220=7.80866,rsv_vol_65_50_22_220=-16.6852,rsv_vol_67_50_22_220=2751.78,sddp_alpha_0_21=1000
o,21,1,sddp_ecut_0_21_82_29,1.97243e+08,,rsv_vol_1_50_21_210=0,rsv_vol_6_50_21_210=0.327868,rsv_vol_21_50_21_210=0,rsv_vol_28_50_21_210=0,rsv_vol_37_50_21_210=0.353737,rsv_vol_63_50_21_210=7.20799,rsv_vol_65_50_21_210=-16.6852,rsv_vol_67_50_21_210=1323.9,sddp_alpha_0_20=1000
o,20,1,sddp_ecut_0_20_82_30,2.24944e+08,,rsv_vol_1_50_20_200=0,rsv_vol_6_50_20_200=0.396313,rsv_vol_21_50_20_200=0,rsv_vol_28_50_20_200=0,rsv_vol_37_50_20_200=0.345962,rsv_vol_63_50_20_200=6.00666,rsv_vol_65_50_20_200=-50.0555,rsv_vol_67_50_20_200=1140.36,sddp_alpha_0_19=1000
o,19,1,sddp_ecut_0_19_82_31,1.9615e+08,,rsv_vol_1_50_19_190=0,rsv_vol_6_50_19_190=0.358616,rsv_vol_21_50_19_190=0,rsv_vol_28_50_19_190=0,rsv_vol_37_50_19_190=0.248175,rsv_vol_63_50_19_190=7.20799,rsv_vol_65_50_19_190=-50.0555,rsv_vol_67_50_19_190=392.776,sddp_alpha_0_18=1000
o,18,1,sddp_ecut_0_18_82_32,2.4088e+08,,rsv_vol_1_50_18_180=0,rsv_vol_6_50_18_180=0.402678,rsv_vol_21_50_18_180=0,rsv_vol_28_50_18_180=0,rsv_vol_37_50_18_180=0.414202,rsv_vol_63_50_18_180=7.26547,rsv_vol_65_50_18_180=-50.4547,rsv_vol_67_50_18_180=2041.26,sddp_alpha_0_17=1000
o,17,1,sddp_ecut_0_17_82_33,2.42099e+08,,rsv_vol_1_50_17_170=0,rsv_vol_6_50_17_170=0.412814,rsv_vol_21_50_17_170=0,rsv_vol_28_50_17_170=0,rsv_vol_37_50_17_170=0.503725,rsv_vol_63_50_17_170=7.26547,rsv_vol_65_50_17_170=-33.6364,rsv_vol_67_50_17_170=1572.26,sddp_alpha_0_16=1000
o,16,1,sddp_ecut_0_16_82_34,2.42624e+08,,rsv_vol_1_50_16_160=0,rsv_vol_6_50_16_160=0.418494,rsv_vol_21_50_16_160=0,rsv_vol_28_50_16_160=0,rsv_vol_37_50_16_160=0.488897,rsv_vol_63_50_16_160=6.66001,rsv_vol_65_50_16_160=0,rsv_vol_67_50_16_160=3249.37,sddp_alpha_0_15=1000
o,15,1,sddp_ecut_0_15_82_35,2.12073e+08,,rsv_vol_1_50_15_150=0,rsv_vol_6_50_15_150=0.375323,rsv_vol_21_50_15_150=0,rsv_vol_28_50_15_150=0,rsv_vol_37_50_15_150=0.336979,rsv_vol_63_50_15_150=4.23819,rsv_vol_65_50_15_150=-16.8182,rsv_vol_67_50_15_150=772.609,sddp_alpha_0_14=1000
o,14,1,sddp_ecut_0_14_82_36,2.51893e+08,,rsv_vol_1_50_14_140=0,rsv_vol_6_50_14_140=0.486347,rsv_vol_21_50_14_140=0,rsv_vol_28_50_14_140=0,rsv_vol_37_50_14_140=0.585543,rsv_vol_63_50_14_140=4.88227,rsv_vol_65_50_14_140=-16.9523,rsv_vol_67_50_14_140=5388.82,sddp_alpha_0_13=1000
o,13,1,sddp_ecut_0_13_82_37,2.17886e+08,,rsv_vol_1_50_13_130=0,rsv_vol_6_50_13_130=0.381142,rsv_vol_21_50_13_130=0,rsv_vol_28_50_13_130=0,rsv_vol_37_50_13_130=0.384669,rsv_vol_63_50_13_130=3.05443,rsv_vol_65_50_13_130=-16.9523,rsv_vol_67_50_13_130=1364.34,sddp_alpha_0_12=1000
o,12,1,sddp_ecut_0_12_82_38,2.49692e+08,,rsv_vol_1_50_12_120=0,rsv_vol_6_50_12_120=0.463542,rsv_vol_21_50_12_120=0,rsv_vol_28_50_12_120=0,rsv_vol_37_50_12_120=0.569366,rsv_vol_63_50_12_120=3.66341,rsv_vol_65_50_12_120=-33.9046,rsv_vol_67_50_12_120=4862.43,sddp_alpha_0_11=1000
o,11,1,sddp_ecut_0_11_82_39,2.19629e+08,,rsv_vol_1_50_11_110=0,rsv_vol_6_50_11_110=0.422289,rsv_vol_21_50_11_110=0,rsv_vol_28_50_11_110=0,rsv_vol_37_50_11_110=0.549519,rsv_vol_63_50_11_110=1.22057,rsv_vol_65_50_11_110=0,rsv_vol_67_50_11_110=1867.99,sddp_alpha_0_10=1000
o,10,1,sddp_ecut_0_10_82_40,2.60918e+08,,rsv_vol_1_50_10_100=0,rsv_vol_6_50_10_100=0.460434,rsv_vol_21_50_10_100=0,rsv_vol_28_50_10_100=0,rsv_vol_37_50_10_100=0.520056,rsv_vol_63_50_10_100=1.2303,rsv_vol_65_50_10_100=-34.175,rsv_vol_67_50_10_100=2725.03,sddp_alpha_0_9=1000
o,9,1,sddp_ecut_0_9_82_41,2.6257e+08,,rsv_vol_1_50_9_90=0,rsv_vol_6_50_9_90=0.471838,rsv_vol_21_50_9_90=0,rsv_vol_28_50_9_90=0,rsv_vol_37_50_9_90=0.533764,rsv_vol_63_50_9_90=0,rsv_vol_65_50_9_90=-17.0875,rsv_vol_67_50_9_90=2030.46,sddp_alpha_0_8=1000
o,8,1,sddp_ecut_0_8_82_42,2.63448e+08,,rsv_vol_1_50_8_80=0,rsv_vol_6_50_8_80=0.479546,rsv_vol_21_50_8_80=0,rsv_vol_28_50_8_80=0,rsv_vol_37_50_8_80=0.774691,rsv_vol_63_50_8_80=0.00579216,rsv_vol_65_50_8_80=-17.0875,rsv_vol_67_50_8_80=4295.42,sddp_alpha_0_7=1000
o,7,1,sddp_ecut_0_7_82_43,2.31658e+08,,rsv_vol_1_50_7_70=0,rsv_vol_6_50_7_70=0.434487,rsv_vol_21_50_7_70=0,rsv_vol_28_50_7_70=0,rsv_vol_37_50_7_70=0.680909,rsv_vol_63_50_7_70=0.00517157,rsv_vol_65_50_7_70=-17.0875,rsv_vol_67_50_7_70=3123.81,sddp_alpha_0_6=1000
o,6,1,sddp_ecut_0_6_82_44,2.81814e+08,,rsv_vol_1_50_6_60=0,rsv_vol_6_50_6_60=0.528607,rsv_vol_21_50_6_60=0,rsv_vol_28_50_6_60=0,rsv_vol_37_50_6_60=0.936707,rsv_vol_63_50_6_60=0.00756302,rsv_vol_65_50_6_60=0,rsv_vol_67_50_6_60=5943.57,sddp_alpha_0_5=1000
o,5,1,sddp_ecut_0_5_82_45,2.81885e+08,,rsv_vol_1_50_5_50=0,rsv_vol_6_50_5_50=0.554327,rsv_vol_21_50_5_50=0,rsv_vol_28_50_5_50=0,rsv_vol_37_50_5_50=0.73746,rsv_vol_63_50_5_50=0.00649041,rsv_vol_65_50_5_50=0,rsv_vol_67_50_5_50=4823.92,sddp_alpha_0_4=1000
o,4,1,sddp_ecut_0_4_82_46,2.83267e+08,,rsv_vol_1_50_4_40=0,rsv_vol_6_50_4_40=0.554263,rsv_vol_21_50_4_40=0,rsv_vol_28_50_4_40=0,rsv_vol_37_50_4_40=0.812836,rsv_vol_63_50_4_40=0,rsv_vol_65_50_4_40=0,rsv_vol_67_50_4_40=2573.44,sddp_alpha_0_3=1000
o,3,1,sddp_ecut_0_3_82_47,2.50811e+08,,rsv_vol_1_50_3_30=0,rsv_vol_6_50_3_30=0.545396,rsv_vol_21_50_3_30=0,rsv_vol_28_50_3_30=0,rsv_vol_37_50_3_30=0.744395,rsv_vol_63_50_3_30=0,rsv_vol_65_50_3_30=-34.4475,rsv_vol_67_50_3_30=2830.48,sddp_alpha_0_2=1000
o,2,1,sddp_ecut_0_2_82_48,2.25338e+08,,rsv_vol_1_50_2_20=0,rsv_vol_6_50_2_20=0.707866,rsv_vol_21_50_2_20=0,rsv_vol_28_50_2_20=0,rsv_vol_37_50_2_20=0.488828,rsv_vol_63_50_2_20=0,rsv_vol_65_50_2_20=-69.4444,rsv_vol_67_50_2_20=6213.54,sddp_alpha_0_1=1000
o,1,1,sddp_ecut_0_1_82_49,2.65508e+08,,rsv_vol_1_50_1_10=0,rsv_vol_6_50_1_10=0.843154,rsv_vol_21_50_1_10=0,rsv_vol_28_50_1_10=0,rsv_vol_37_50_1_10=0.507562,rsv_vol_63_50_1_10=0,rsv_vol_65_50_1_10=-17.3611,rsv_vol_67_50_1_10=9920.79,sddp_alpha_0_0=1000
o,50,1,sddp_ecut_0_50_83_0,7.4197e+08,,rsv_vol_1_50_50_500=0,rsv_vol_6_50_50_500=1.94792,rsv_vol_21_50_50_500=0,rsv_vol_28_50_50_500=0,rsv_vol_37_50_50_500=2.90475,rsv_vol_63_50_50_500=9343.02,rsv_vol_65_50_50_500=35009.8,rsv_vol_67_50_50_500=15127.2,sddp_alpha_0_49=1000
o,49,1,sddp_ecut_0_49_83_1,5.94245e+08,,rsv_vol_1_50_49_490=0,rsv_vol_6_50_49_490=-12.3816,rsv_vol_21_50_49_490=0,rsv_vol_28_50_49_490=0,rsv_vol_37_50_49_490=1.87958,rsv_vol_63_50_49_490=8418.64,rsv_vol_65_50_49_490=0,rsv_vol_67_50_49_490=14416.9,sddp_alpha_0_48=1000
o,48,1,sddp_ecut_0_48_83_2,6.5112e+08,,rsv_vol_1_50_48_480=0,rsv_vol_6_50_48_480=-26.4146,rsv_vol_21_50_48_480=0,rsv_vol_28_50_48_480=0,rsv_vol_37_50_48_480=2.43005,rsv_vol_63_50_48_480=7621.99,rsv_vol_65_50_48_480=0,rsv_vol_67_50_48_480=13639.3,sddp_alpha_0_47=1000
o,47,1,sddp_ecut_0_47_83_3,6.4186e+08,,rsv_vol_1_50_47_470=0,rsv_vol_6_50_47_470=-95.2668,rsv_vol_21_50_47_470=0,rsv_vol_28_50_47_470=0,rsv_vol_37_50_47_470=1.45394,rsv_vol_63_50_47_470=7678.17,rsv_vol_65_50_47_470=0,rsv_vol_67_50_47_470=9022.1,sddp_alpha_0_46=1000
o,46,1,sddp_ecut_0_46_83_4,6.21959e+08,,rsv_vol_1_50_46_460=0,rsv_vol_6_50_46_460=-123.55,rsv_vol_21_50_46_460=0,rsv_vol_28_50_46_460=0,rsv_vol_37_50_46_460=1.76338,rsv_vol_63_50_46_460=7622.2,rsv_vol_65_50_46_460=0,rsv_vol_67_50_46_460=6941.93,sddp_alpha_0_45=1000
o,45,1,sddp_ecut_0_45_83_5,6.87401e+08,,rsv_vol_1_50_45_450=0,rsv_vol_6_50_45_450=0.839902,rsv_vol_21_50_45_450=0,rsv_vol_28_50_45_450=0,rsv_vol_37_50_45_450=2.51234,rsv_vol_63_50_45_450=7123.3,rsv_vol_65_50_45_450=0,rsv_vol_67_50_45_450=11127.6,sddp_alpha_0_44=1000
o,44,1,sddp_ecut_0_44_83_6,6.90026e+08,,rsv_vol_1_50_44_440=0,rsv_vol_6_50_44_440=1.09349,rsv_vol_21_50_44_440=0,rsv_vol_28_50_44_440=0,rsv_vol_37_50_44_440=2.27898,rsv_vol_63_50_44_440=7545.16,rsv_vol_65_50_44_440=-28.0204,rsv_vol_67_50_44_440=10508.2,sddp_alpha_0_43=1000
o,43,1,sddp_ecut_0_43_83_7,7.71882e+08,,rsv_vol_1_50_43_430=0,rsv_vol_6_50_43_430=1.45338,rsv_vol_21_50_43_430=0,rsv_vol_28_50_43_430=0,rsv_vol_37_50_43_430=2.45561,rsv_vol_63_50_43_430=6525.85,rsv_vol_65_50_43_430=-28.2438,rsv_vol_67_50_43_430=12635.8,sddp_alpha_0_42=1000
o,42,1,sddp_ecut_0_42_83_8,8.26884e+08,,rsv_vol_1_50_42_420=0,rsv_vol_6_50_42_420=2.01369,rsv_vol_21_50_42_420=0,rsv_vol_28_50_42_420=0,rsv_vol_37_50_42_420=3.00551,rsv_vol_63_50_42_420=8883.06,rsv_vol_65_50_42_420=-14.2345,rsv_vol_67_50_42_420=14733.5,sddp_alpha_0_41=1000
o,41,1,sddp_ecut_0_41_83_9,8.32332e+08,,rsv_vol_1_50_41_410=0,rsv_vol_6_50_41_410=1.89132,rsv_vol_21_50_41_410=0,rsv_vol_28_50_41_410=0,rsv_vol_37_50_41_410=2.95122,rsv_vol_63_50_41_410=6677.09,rsv_vol_65_50_41_410=4962.15,rsv_vol_67_50_41_410=11700.4,sddp_alpha_0_40=1000
o,40,1,sddp_ecut_0_40_83_10,8.47719e+08,,rsv_vol_1_50_40_400=0,rsv_vol_6_50_40_400=2.03587,rsv_vol_21_50_40_400=0,rsv_vol_28_50_40_400=0,rsv_vol_37_50_40_400=4.35808,rsv_vol_63_50_40_400=8532.25,rsv_vol_65_50_40_400=4695.37,rsv_vol_67_50_40_400=14517.1,sddp_alpha_0_39=1000
o,39,1,sddp_ecut_0_39_83_11,7.73673e+08,,rsv_vol_1_50_39_390=0,rsv_vol_6_50_39_390=1.80547,rsv_vol_21_50_39_390=0,rsv_vol_28_50_39_390=0,rsv_vol_37_50_39_390=3.81567,rsv_vol_63_50_39_390=8647.2,rsv_vol_65_50_39_390=4663.56,rsv_vol_67_50_39_390=15042.9,sddp_alpha_0_38=1000
o,38,1,sddp_ecut_0_38_83_12,7.79346e+08,,rsv_vol_1_50_38_380=0,rsv_vol_6_50_38_380=-12.7532,rsv_vol_21_50_38_380=0,rsv_vol_28_50_38_380=0,rsv_vol_37_50_38_380=2.83015,rsv_vol_63_50_38_380=9549.15,rsv_vol_65_50_38_380=12661.7,rsv_vol_67_50_38_380=-235.104,sddp_alpha_0_37=1000
o,37,1,sddp_ecut_0_37_83_13,6.45813e+08,,rsv_vol_1_50_37_370=0,rsv_vol_6_50_37_370=-13.6252,rsv_vol_21_50_37_370=0,rsv_vol_28_50_37_370=0,rsv_vol_37_50_37_370=2.23528,rsv_vol_63_50_37_370=9443.88,rsv_vol_65_50_37_370=0,rsv_vol_67_50_37_370=15930,sddp_alpha_0_36=1000
o,36,1,sddp_ecut_0_36_83_14,7.0939e+08,,rsv_vol_1_50_36_360=0,rsv_vol_6_50_36_360=-29.2047,rsv_vol_21_50_36_360=0,rsv_vol_28_50_36_360=0,rsv_vol_37_50_36_360=2.77566,rsv_vol_63_50_36_360=9090.91,rsv_vol_65_50_36_360=0,rsv_vol_67_50_36_360=15229.1,sddp_alpha_0_35=1000
o,35,1,sddp_ecut_0_35_83_15,7.38236e+08,,rsv_vol_1_50_35_350=0,rsv_vol_6_50_35_350=-105.102,rsv_vol_21_50_35_350=0,rsv_vol_28_50_35_350=0,rsv_vol_37_50_35_350=0.693072,rsv_vol_63_50_35_350=8573.34,rsv_vol_65_50_35_350=0,rsv_vol_67_50_35_350=3253.05,sddp_alpha_0_34=1000
o,34,1,sddp_ecut_0_34_83_16,7.15841e+08,,rsv_vol_1_50_34_340=0,rsv_vol_6_50_34_340=-29.8209,rsv_vol_21_50_34_340=0,rsv_vol_28_50_34_340=0,rsv_vol_37_50_34_340=1.1029,rsv_vol_63_50_34_340=9189.82,rsv_vol_65_50_34_340=0,rsv_vol_67_50_34_340=1639.13,sddp_alpha_0_33=1000
o,33,1,sddp_ecut_0_33_83_17,7.85711e+08,,rsv_vol_1_50_33_330=0,rsv_vol_6_50_33_330=1.41522,rsv_vol_21_50_33_330=0,rsv_vol_28_50_33_330=0,rsv_vol_37_50_33_330=2.15555,rsv_vol_63_50_33_330=7432.22,rsv_vol_65_50_33_330=0,rsv_vol_67_50_33_330=7990.96,sddp_alpha_0_32=1000
o,32,1,sddp_ecut_0_32_83_18,7.86227e+08,,rsv_vol_1_50_32_320=0,rsv_vol_6_50_32_320=1.50884,rsv_vol_21_50_32_320=0,rsv_vol_28_50_32_320=0,rsv_vol_37_50_32_320=1.93903,rsv_vol_63_50_32_320=4402.97,rsv_vol_65_50_32_320=0,rsv_vol_67_50_32_320=8573.67,sddp_alpha_0_31=1000
o,31,1,sddp_ecut_0_31_83_19,8.80882e+08,,rsv_vol_1_50_31_310=0,rsv_vol_6_50_31_310=1.86777,rsv_vol_21_50_31_310=0,rsv_vol_28_50_31_310=0,rsv_vol_37_50_31_310=2.48662,rsv_vol_63_50_31_310=1807.29,rsv_vol_65_50_31_310=-15.5341,rsv_vol_67_50_31_310=12724.6,sddp_alpha_0_30=1000
o,30,1,sddp_ecut_0_30_83_20,9.50338e+08,,rsv_vol_1_50_30_300=0,rsv_vol_6_50_30_300=2.42933,rsv_vol_21_50_30_300=0,rsv_vol_28_50_30_300=0,rsv_vol_37_50_30_300=3.57529,rsv_vol_63_50_30_300=8717.49,rsv_vol_65_50_30_300=-31.3159,rsv_vol_67_50_30_300=16476.2,sddp_alpha_0_29=1000
o,29,1,sddp_ecut_0_29_83_21,9.75418e+08,,rsv_vol_1_50_29_290=0,rsv_vol_6_50_29_290=3.07721,rsv_vol_21_50_29_290=0,rsv_vol_28_50_29_290=0,rsv_vol_37_50_29_290=2.22383,rsv_vol_63_50_29_290=8648.77,rsv_vol_65_50_29_290=15585.7,rsv_vol_67_50_29_290=3619.72,sddp_alpha_0_28=1000
o,28,1,sddp_ecut_0_28_83_22,1.03339e+09,,rsv_vol_1_50_28_280=0,rsv_vol_6_50_28_280=3.41761,rsv_vol_21_50_28_280=0,rsv_vol_28_50_28_280=0,rsv_vol_37_50_28_280=6.63199,rsv_vol_63_50_28_280=10199,rsv_vol_65_50_28_280=23688.4,rsv_vol_67_50_28_280=1852.15,sddp_alpha_0_27=1000
o,27,1,sddp_ecut_0_27_83_23,9.23448e+08,,rsv_vol_1_50_27_270=0,rsv_vol_6_50_27_270=-30.9372,rsv_vol_21_50_27_270=0,rsv_vol_28_50_27_270=0,rsv_vol_37_50_27_270=1.23183,rsv_vol_63_50_27_270=9289.17,rsv_vol_65_50_27_270=4392.88,rsv_vol_67_50_27_270=-256.569,sddp_alpha_0_26=1000
o,26,1,sddp_ecut_0_26_83_24,9.38607e+08,,rsv_vol_1_50_26_260=0,rsv_vol_6_50_26_260=-47.1974,rsv_vol_21_50_26_260=0,rsv_vol_28_50_26_260=0,rsv_vol_37_50_26_260=5.18722,rsv_vol_63_50_26_260=10361.7,rsv_vol_65_50_26_260=0,rsv_vol_67_50_26_260=17207.8,sddp_alpha_0_25=1000
o,25,1,sddp_ecut_0_25_83_25,8.2928e+08,,rsv_vol_1_50_25_250=0,rsv_vol_6_50_25_250=-63.968,rsv_vol_21_50_25_250=0,rsv_vol_28_50_25_250=0,rsv_vol_37_50_25_250=4.78176,rsv_vol_63_50_25_250=11019,rsv_vol_65_50_25_250=0,rsv_vol_67_50_25_250=18631.8,sddp_alpha_0_24=1000
o,24,1,sddp_ecut_0_24_83_26,9.00769e+08,,rsv_vol_1_50_24_240=0,rsv_vol_6_50_24_240=-146.75,rsv_vol_21_50_24_240=0,rsv_vol_28_50_24_240=0,rsv_vol_37_50_24_240=3.85428,rsv_vol_63_50_24_240=10337,rsv_vol_65_50_24_240=0,rsv_vol_67_50_24_240=17158.7,sddp_alpha_0_23=1000
o,23,1,sddp_ecut_0_23_83_27,8.7139e+08,,rsv_vol_1_50_23_230=0,rsv_vol_6_50_23_230=-115.323,rsv_vol_21_50_23_230=0,rsv_vol_28_50_23_230=0,rsv_vol_37_50_23_230=1.29822,rsv_vol_63_50_23_230=8882.42,rsv_vol_65_50_23_230=0,rsv_vol_67_50_23_230=6594.82,sddp_alpha_0_22=1000
o,22,1,sddp_ecut_0_22_83_28,2.25306e+08,,rsv_vol_1_50_22_220=0,rsv_vol_6_50_22_220=0.3573,rsv_vol_21_50_22_220=0,rsv_vol_28_50_22_220=0,rsv_vol_37_50_22_220=0.483474,rsv_vol_63_50_22_220=7.80866,rsv_vol_65_50_22_220=-16.6852,rsv_vol_67_50_22_220=2751.78,sddp_alpha_0_21=1000
o,21,1,sddp_ecut_0_21_83_29,1.97243e+08,,rsv_vol_1_50_21_210=0,rsv_vol_6_50_21_210=0.327868,rsv_vol_21_50_21_210=0,rsv_vol_28_50_21_210=0,rsv_vol_37_50_21_210=0.353737,rsv_vol_63_50_21_210=7.20799,rsv_vol_65_50_21_210=-16.6852,rsv_vol_67_50_21_210=1323.9,sddp_alpha_0_20=1000
o,20,1,sddp_ecut_0_20_83_30,2.24944e+08,,rsv_vol_1_50_20_200=0,rsv_vol_6_50_20_200=0.396313,rsv_vol_21_50_20_200=0,rsv_vol_28_50_20_200=0,rsv_vol_37_50_20_200=0.345962,rsv_vol_63_50_20_200=6.00666,rsv_vol_65_50_20_200=-50.0555,rsv_vol_67_50_20_200=1140.36,sddp_alpha_0_19=1000
o,19,1,sddp_ecut_0_19_83_31,1.9615e+08,,rsv_vol_1_50_19_190=0,rsv_vol_6_50_19_190=0.358616,rsv_vol_21_50_19_190=0,rsv_vol_28_50_19_190=0,rsv_vol_37_50_19_190=0.248175,rsv_vol_63_50_19_190=7.20799,rsv_vol_65_50_19_190=-50.0555,rsv_vol_67_50_19_190=392.776,sddp_alpha_0_18=1000
o,18,1,sddp_ecut_0_18_83_32,2.4088e+08,,rsv_vol_1_50_18_180=0,rsv_vol_6_50_18_180=0.402678,rsv_vol_21_50_18_180=0,rsv_vol_28_50_18_180=0,rsv_vol_37_50_18_180=0.414202,rsv_vol_63_50_18_180=7.26547,rsv_vol_65_50_18_180=-50.4547,rsv_vol_67_50_18_180=2041.26,sddp_alpha_0_17=1000
o,17,1,sddp_ecut_0_17_83_33,2.42099e+08,,rsv_vol_1_50_17_170=0,rsv_vol_6_50_17_170=0.412814,rsv_vol_21_50_17_170=0,rsv_vol_28_50_17_170=0,rsv_vol_37_50_17_170=0.503725,rsv_vol_63_50_17_170=7.26547,rsv_vol_65_50_17_170=-33.6364,rsv_vol_67_50_17_170=1572.26,sddp_alpha_0_16=1000
o,16,1,sddp_ecut_0_16_83_34,2.42624e+08,,rsv_vol_1_50_16_160=0,rsv_vol_6_50_16_160=0.418494,rsv_vol_21_50_16_160=0,rsv_vol_28_50_16_160=0,rsv_vol_37_50_16_160=0.488897,rsv_vol_63_50_16_160=6.66001,rsv_vol_65_50_16_160=0,rsv_vol_67_50_16_160=3249.37,sddp_alpha_0_15=1000
o,15,1,sddp_ecut_0_15_83_35,2.12073e+08,,rsv_vol_1_50_15_150=0,rsv_vol_6_50_15_150=0.375323,rsv_vol_21_50_15_150=0,rsv_vol_28_50_15_150=0,rsv_vol_37_50_15_150=0.336979,rsv_vol_63_50_15_150=4.23819,rsv_vol_65_50_15_150=-16.8182,rsv_vol_67_50_15_150=772.609,sddp_alpha_0_14=1000
o,14,1,sddp_ecut_0_14_83_36,2.51893e+08,,rsv_vol_1_50_14_140=0,rsv_vol_6_50_14_140=0.486347,rsv_vol_21_50_14_140=0,rsv_vol_28_50_14_140=0,rsv_vol_37_50_14_140=0.585543,rsv_vol_63_50_14_140=4.88227,rsv_vol_65_50_14_140=-16.9523,rsv_vol_67_50_14_140=5388.82,sddp_alpha_0_13=1000
o,13,1,sddp_ecut_0_13_83_37,2.17886e+08,,rsv_vol_1_50_13_130=0,rsv_vol_6_50_13_130=0.381142,rsv_vol_21_50_13_130=0,rsv_vol_28_50_13_130=0,rsv_vol_37_50_13_130=0.384669,rsv_vol_63_50_13_130=3.05447,rsv_vol_65_50_13_130=-16.9523,rsv_vol_67_50_13_130=1364.34,sddp_alpha_0_12=1000
o,12,1,sddp_ecut_0_12_83_38,2.49692e+08,,rsv_vol_1_50_12_120=0,rsv_vol_6_50_12_120=0.463542,rsv_vol_21_50_12_120=0,rsv_vol_28_50_12_120=0,rsv_vol_37_50_12_120=0.569366,rsv_vol_63_50_12_120=3.66341,rsv_vol_65_50_12_120=-33.9046,rsv_vol_67_50_12_120=4862.43,sddp_alpha_0_11=1000
o,11,1,sddp_ecut_0_11_83_39,2.19629e+08,,rsv_vol_1_50_11_110=0,rsv_vol_6_50_11_110=0.422289,rsv_vol_21_50_11_110=0,rsv_vol_28_50_11_110=0,rsv_vol_37_50_11_110=0.549519,rsv_vol_63_50_11_110=1.22057,rsv_vol_65_50_11_110=0,rsv_vol_67_50_11_110=1867.99,sddp_alpha_0_10=1000
o,10,1,sddp_ecut_0_10_83_40,2.60918e+08,,rsv_vol_1_50_10_100=0,rsv_vol_6_50_10_100=0.460434,rsv_vol_21_50_10_100=0,rsv_vol_28_50_10_100=0,rsv_vol_37_50_10_100=0.520056,rsv_vol_63_50_10_100=1.2303,rsv_vol_65_50_10_100=-34.175,rsv_vol_67_50_10_100=2725.03,sddp_alpha_0_9=1000
o,9,1,sddp_ecut_0_9_83_41,2.6257e+08,,rsv_vol_1_50_9_90=0,rsv_vol_6_50_9_90=0.471838,rsv_vol_21_50_9_90=0,rsv_vol_28_50_9_90=0,rsv_vol_37_50_9_90=0.533764,rsv_vol_63_50_9_90=0,rsv_vol_65_50_9_90=-17.0875,rsv_vol_67_50_9_90=2030.46,sddp_alpha_0_8=1000
o,8,1,sddp_ecut_0_8_83_42,2.63448e+08,,rsv_vol_1_50_8_80=0,rsv_vol_6_50_8_80=0.479546,rsv_vol_21_50_8_80=0,rsv_vol_28_50_8_80=0,rsv_vol_37_50_8_80=0.774691,rsv_vol_63_50_8_80=0.00579216,rsv_vol_65_50_8_80=-17.0875,rsv_vol_67_50_8_80=4295.42,sddp_alpha_0_7=1000
o,7,1,sddp_ecut_0_7_83_43,2.31658e+08,,rsv_vol_1_50_7_70=0,rsv_vol_6_50_7_70=0.434487,rsv_vol_21_50_7_70=0,rsv_vol_28_50_7_70=0,rsv_vol_37_50_7_70=0.680909,rsv_vol_63_50_7_70=0.00517157,rsv_vol_65_50_7_70=-17.0875,rsv_vol_67_50_7_70=3123.81,sddp_alpha_0_6=1000
o,6,1,sddp_ecut_0_6_83_44,2.81814e+08,,rsv_vol_1_50_6_60=0,rsv_vol_6_50_6_60=0.528607,rsv_vol_21_50_6_60=0,rsv_vol_28_50_6_60=0,rsv_vol_37_50_6_60=0.936707,rsv_vol_63_50_6_60=0.00757137,rsv_vol_65_50_6_60=0,rsv_vol_67_50_6_60=5943.57,sddp_alpha_0_5=1000
o,5,1,sddp_ecut_0_5_83_45,2.81885e+08,,rsv_vol_1_50_5_50=0,rsv_vol_6_50_5_50=0.554327,rsv_vol_21_50_5_50=0,rsv_vol_28_50_5_50=0,rsv_vol_37_50_5_50=0.73746,rsv_vol_63_50_5_50=0.00649041,rsv_vol_65_50_5_50=0,rsv_vol_67_50_5_50=4823.92,sddp_alpha_0_4=1000
o,4,1,sddp_ecut_0_4_83_46,2.83267e+08,,rsv_vol_1_50_4_40=0,rsv_vol_6_50_4_40=0.554263,rsv_vol_21_50_4_40=0,rsv_vol_28_50_4_40=0,rsv_vol_37_50_4_40=0.812836,rsv_vol_63_50_4_40=0,rsv_vol_65_50_4_40=0,rsv_vol_67_50_4_40=2573.44,sddp_alpha_0_3=1000
o,3,1,sddp_ecut_0_3_83_47,2.50811e+08,,rsv_vol_1_50_3_30=0,rsv_vol_6_50_3_30=0.545396,rsv_vol_21_50_3_30=0,rsv_vol_28_50_3_30=0,rsv_vol_37_50_3_30=0.744395,rsv_vol_63_50_3_30=0,rsv_vol_65_50_3_30=-34.4475,rsv_vol_67_50_3_30=2830.48,sddp_alpha_0_2=1000
o,2,1,sddp_ecut_0_2_83_48,2.25338e+08,,rsv_vol_1_50_2_20=0,rsv_vol_6_50_2_20=0.707866,rsv_vol_21_50_2_20=0,rsv_vol_28_50_2_20=0,rsv_vol_37_50_2_20=0.488828,rsv_vol_63_50_2_20=0,rsv_vol_65_50_2_20=-69.4444,rsv_vol_67_50_2_20=6213.54,sddp_alpha_0_1=1000
o,1,1,sddp_ecut_0_1_83_49,2.65508e+08,,rsv_vol_1_50_1_10=0,rsv_vol_6_50_1_10=0.843154,rsv_vol_21_50_1_10=0,rsv_vol_28_50_1_10=0,rsv_vol_37_50_1_10=0.507562,rsv_vol_63_50_1_10=0,rsv_vol_65_50_1_10=-17.3611,rsv_vol_67_50_1_10=9920.79,sddp_alpha_0_0=1000
o,50,1,sddp_ecut_0_50_84_0,7.4197e+08,,rsv_vol_1_50_50_500=0,rsv_vol_6_50_50_500=1.94792,rsv_vol_21_50_50_500=0,rsv_vol_28_50_50_500=0,rsv_vol_37_50_50_500=2.90475,rsv_vol_63_50_50_500=9343.02,rsv_vol_65_50_50_500=35009.8,rsv_vol_67_50_50_500=15127.2,sddp_alpha_0_49=1000
o,49,1,sddp_ecut_0_49_84_1,5.94245e+08,,rsv_vol_1_50_49_490=0,rsv_vol_6_50_49_490=-12.3816,rsv_vol_21_50_49_490=0,rsv_vol_28_50_49_490=0,rsv_vol_37_50_49_490=1.87958,rsv_vol_63_50_49_490=8418.64,rsv_vol_65_50_49_490=0,rsv_vol_67_50_49_490=14416.9,sddp_alpha_0_48=1000
o,48,1,sddp_ecut_0_48_84_2,6.5112e+08,,rsv_vol_1_50_48_480=0,rsv_vol_6_50_48_480=-26.4146,rsv_vol_21_50_48_480=0,rsv_vol_28_50_48_480=0,rsv_vol_37_50_48_480=2.43005,rsv_vol_63_50_48_480=7621.99,rsv_vol_65_50_48_480=0,rsv_vol_67_50_48_480=13639.3,sddp_alpha_0_47=1000
o,47,1,sddp_ecut_0_47_84_3,6.4186e+08,,rsv_vol_1_50_47_470=0,rsv_vol_6_50_47_470=-95.2668,rsv_vol_21_50_47_470=0,rsv_vol_28_50_47_470=0,rsv_vol_37_50_47_470=1.45394,rsv_vol_63_50_47_470=7678.17,rsv_vol_65_50_47_470=0,rsv_vol_67_50_47_470=9022.1,sddp_alpha_0_46=1000
o,46,1,sddp_ecut_0_46_84_4,6.21959e+08,,rsv_vol_1_50_46_460=0,rsv_vol_6_50_46_460=-123.55,rsv_vol_21_50_46_460=0,rsv_vol_28_50_46_460=0,rsv_vol_37_50_46_460=1.76338,rsv_vol_63_50_46_460=7622.2,rsv_vol_65_50_46_460=0,rsv_vol_67_50_46_460=6941.93,sddp_alpha_0_45=1000
o,45,1,sddp_ecut_0_45_84_5,6.87401e+08,,rsv_vol_1_50_45_450=0,rsv_vol_6_50_45_450=0.839902,rsv_vol_21_50_45_450=0,rsv_vol_28_50_45_450=0,rsv_vol_37_50_45_450=2.51234,rsv_vol_63_50_45_450=7123.3,rsv_vol_65_50_45_450=0,rsv_vol_67_50_45_450=11127.6,sddp_alpha_0_44=1000
o,44,1,sddp_ecut_0_44_84_6,6.90026e+08,,rsv_vol_1_50_44_440=0,rsv_vol_6_50_44_440=1.09349,rsv_vol_21_50_44_440=0,rsv_vol_28_50_44_440=0,rsv_vol_37_50_44_440=2.27898,rsv_vol_63_50_44_440=7545.16,rsv_vol_65_50_44_440=-28.0204,rsv_vol_67_50_44_440=10508.2,sddp_alpha_0_43=1000
o,43,1,sddp_ecut_0_43_84_7,7.71882e+08,,rsv_vol_1_50_43_430=0,rsv_vol_6_50_43_430=1.45338,rsv_vol_21_50_43_430=0,rsv_vol_28_50_43_430=0,rsv_vol_37_50_43_430=2.45561,rsv_vol_63_50_43_430=6525.85,rsv_vol_65_50_43_430=-28.2438,rsv_vol_67_50_43_430=12635.8,sddp_alpha_0_42=1000
o,42,1,sddp_ecut_0_42_84_8,8.26884e+08,,rsv_vol_1_50_42_420=0,rsv_vol_6_50_42_420=2.01369,rsv_vol_21_50_42_420=0,rsv_vol_28_50_42_420=0,rsv_vol_37_50_42_420=3.00551,rsv_vol_63_50_42_420=8883.06,rsv_vol_65_50_42_420=-14.2345,rsv_vol_67_50_42_420=14733.5,sddp_alpha_0_41=1000
o,41,1,sddp_ecut_0_41_84_9,8.32332e+08,,rsv_vol_1_50_41_410=0,rsv_vol_6_50_41_410=1.89132,rsv_vol_21_50_41_410=0,rsv_vol_28_50_41_410=0,rsv_vol_37_50_41_410=2.95122,rsv_vol_63_50_41_410=6677.09,rsv_vol_65_50_41_410=4962.15,rsv_vol_67_50_41_410=11700.4,sddp_alpha_0_40=1000
o,40,1,sddp_ecut_0_40_84_10,8.47719e+08,,rsv_vol_1_50_40_400=0,rsv_vol_6_50_40_400=2.03587,rsv_vol_21_50_40_400=0,rsv_vol_28_50_40_400=0,rsv_vol_37_50_40_400=4.35808,rsv_vol_63_50_40_400=8532.25,rsv_vol_65_50_40_400=4695.37,rsv_vol_67_50_40_400=14517.1,sddp_alpha_0_39=1000
o,39,1,sddp_ecut_0_39_84_11,7.73673e+08,,rsv_vol_1_50_39_390=0,rsv_vol_6_50_39_390=1.80547,rsv_vol_21_50_39_390=0,rsv_vol_28_50_39_390=0,rsv_vol_37_50_39_390=3.81567,rsv_vol_63_50_39_390=8647.2,rsv_vol_65_50_39_390=4663.56,rsv_vol_67_50_39_390=15042.9,sddp_alpha_0_38=1000
o,38,1,sddp_ecut_0_38_84_12,7.79346e+08,,rsv_vol_1_50_38_380=0,rsv_vol_6_50_38_380=-12.7532,rsv_vol_21_50_38_380=0,rsv_vol_28_50_38_380=0,rsv_vol_37_50_38_380=2.83015,rsv_vol_63_50_38_380=9549.15,rsv_vol_65_50_38_380=12661.7,rsv_vol_67_50_38_380=-235.104,sddp_alpha_0_37=1000
o,37,1,sddp_ecut_0_37_84_13,6.45813e+08,,rsv_vol_1_50_37_370=0,rsv_vol_6_50_37_370=-13.6252,rsv_vol_21_50_37_370=0,rsv_vol_28_50_37_370=0,rsv_vol_37_50_37_370=2.23528,rsv_vol_63_50_37_370=9443.88,rsv_vol_65_50_37_370=0,rsv_vol_67_50_37_370=15930,sddp_alpha_0_36=1000
o,36,1,sddp_ecut_0_36_84_14,7.0939e+08,,rsv_vol_1_50_36_360=0,rsv_vol_6_50_36_360=-29.2047,rsv_vol_21_50_36_360=0,rsv_vol_28_50_36_360=0,rsv_vol_37_50_36_360=2.77566,rsv_vol_63_50_36_360=9090.91,rsv_vol_65_50_36_360=0,rsv_vol_67_50_36_360=15229.1,sddp_alpha_0_35=1000
o,35,1,sddp_ecut_0_35_84_15,7.38236e+08,,rsv_vol_1_50_35_350=0,rsv_vol_6_50_35_350=-105.102,rsv_vol_21_50_35_350=0,rsv_vol_28_50_35_350=0,rsv_vol_37_50_35_350=0.693072,rsv_vol_63_50_35_350=8573.34,rsv_vol_65_50_35_350=0,rsv_vol_67_50_35_350=3253.05,sddp_alpha_0_34=1000
o,34,1,sddp_ecut_0_34_84_16,7.15841e+08,,rsv_vol_1_50_34_340=0,rsv_vol_6_50_34_340=-29.8209,rsv_vol_21_50_34_340=0,rsv_vol_28_50_34_340=0,rsv_vol_37_50_34_340=1.1029,rsv_vol_63_50_34_340=9189.82,rsv_vol_65_50_34_340=0,rsv_vol_67_50_34_340=1639.13,sddp_alpha_0_33=1000
o,33,1,sddp_ecut_0_33_84_17,7.85711e+08,,rsv_vol_1_50_33_330=0,rsv_vol_6_50_33_330=1.41522,rsv_vol_21_50_33_330=0,rsv_vol_28_50_33_330=0,rsv_vol_37_50_33_330=2.15555,rsv_vol_63_50_33_330=7432.22,rsv_vol_65_50_33_330=0,rsv_vol_67_50_33_330=7990.96,sddp_alpha_0_32=1000
o,32,1,sddp_ecut_0_32_84_18,7.86227e+08,,rsv_vol_1_50_32_320=0,rsv_vol_6_50_32_320=1.50884,rsv_vol_21_50_32_320=0,rsv_vol_28_50_32_320=0,rsv_vol_37_50_32_320=1.93903,rsv_vol_63_50_32_320=4402.97,rsv_vol_65_50_32_320=0,rsv_vol_67_50_32_320=8573.67,sddp_alpha_0_31=1000
o,31,1,sddp_ecut_0_31_84_19,8.80882e+08,,rsv_vol_1_50_31_310=0,rsv_vol_6_50_31_310=1.86777,rsv_vol_21_50_31_310=0,rsv_vol_28_50_31_310=0,rsv_vol_37_50_31_310=2.48662,rsv_vol_63_50_31_310=1807.29,rsv_vol_65_50_31_310=-15.5341,rsv_vol_67_50_31_310=12724.6,sddp_alpha_0_30=1000
o,30,1,sddp_ecut_0_30_84_20,9.50338e+08,,rsv_vol_1_50_30_300=0,rsv_vol_6_50_30_300=2.42933,rsv_vol_21_50_30_300=0,rsv_vol_28_50_30_300=0,rsv_vol_37_50_30_300=3.57529,rsv_vol_63_50_30_300=8717.49,rsv_vol_65_50_30_300=-31.3159,rsv_vol_67_50_30_300=16476.2,sddp_alpha_0_29=1000
o,29,1,sddp_ecut_0_29_84_21,9.75418e+08,,rsv_vol_1_50_29_290=0,rsv_vol_6_50_29_290=3.07721,rsv_vol_21_50_29_290=0,rsv_vol_28_50_29_290=0,rsv_vol_37_50_29_290=2.22383,rsv_vol_63_50_29_290=8648.77,rsv_vol_65_50_29_290=15585.7,rsv_vol_67_50_29_290=3619.72,sddp_alpha_0_28=1000
o,28,1,sddp_ecut_0_28_84_22,1.03339e+09,,rsv_vol_1_50_28_280=0,rsv_vol_6_50_28_280=3.41761,rsv_vol_21_50_28_280=0,rsv_vol_28_50_28_280=0,rsv_vol_37_50_28_280=6.63199,rsv_vol_63_50_28_280=10199,rsv_vol_65_50_28_280=23688.4,rsv_vol_67_50_28_280=1852.15,sddp_alpha_0_27=1000
o,27,1,sddp_ecut_0_27_84_23,9.23448e+08,,rsv_vol_1_50_27_270=0,rsv_vol_6_50_27_270=-30.9372,rsv_vol_21_50_27_270=0,rsv_vol_28_50_27_270=0,rsv_vol_37_50_27_270=1.23183,rsv_vol_63_50_27_270=9289.17,rsv_vol_65_50_27_270=4392.88,rsv_vol_67_50_27_270=-256.569,sddp_alpha_0_26=1000
o,26,1,sddp_ecut_0_26_84_24,9.38607e+08,,rsv_vol_1_50_26_260=0,rsv_vol_6_50_26_260=-47.1974,rsv_vol_21_50_26_260=0,rsv_vol_28_50_26_260=0,rsv_vol_37_50_26_260=5.18722,rsv_vol_63_50_26_260=10361.7,rsv_vol_65_50_26_260=0,rsv_vol_67_50_26_260=17207.8,sddp_alpha_0_25=1000
o,25,1,sddp_ecut_0_25_84_25,8.2928e+08,,rsv_vol_1_50_25_250=0,rsv_vol_6_50_25_250=-63.968,rsv_vol_21_50_25_250=0,rsv_vol_28_50_25_250=0,rsv_vol_37_50_25_250=4.78176,rsv_vol_63_50_25_250=11019,rsv_vol_65_50_25_250=0,rsv_vol_67_50_25_250=18631.8,sddp_alpha_0_24=1000
o,24,1,sddp_ecut_0_24_84_26,9.00769e+08,,rsv_vol_1_50_24_240=0,rsv_vol_6_50_24_240=-146.75,rsv_vol_21_50_24_240=0,rsv_vol_28_50_24_240=0,rsv_vol_37_50_24_240=3.85428,rsv_vol_63_50_24_240=10337,rsv_vol_65_50_24_240=0,rsv_vol_67_50_24_240=17158.7,sddp_alpha_0_23=1000
o,23,1,sddp_ecut_0_23_84_27,8.7139e+08,,rsv_vol_1_50_23_230=0,rsv_vol_6_50_23_230=-115.323,rsv_vol_21_50_23_230=0,rsv_vol_28_50_23_230=0,rsv_vol_37_50_23_230=1.29822,rsv_vol_63_50_23_230=8882.42,rsv_vol_65_50_23_230=0,rsv_vol_67_50_23_230=6594.82,sddp_alpha_0_22=1000
o,22,1,sddp_ecut_0_22_84_28,2.25306e+08,,rsv_vol_1_50_22_220=0,rsv_vol_6_50_22_220=0.3573,rsv_vol_21_50_22_220=0,rsv_vol_28_50_22_220=0,rsv_vol_37_50_22_220=0.483474,rsv_vol_63_50_22_220=7.80866,rsv_vol_65_50_22_220=-16.6852,rsv_vol_67_50_22_220=2751.78,sddp_alpha_0_21=1000
o,21,1,sddp_ecut_0_21_84_29,1.97243e+08,,rsv_vol_1_50_21_210=0,rsv_vol_6_50_21_210=0.327868,rsv_vol_21_50_21_210=0,rsv_vol_28_50_21_210=0,rsv_vol_37_50_21_210=0.353737,rsv_vol_63_50_21_210=7.20799,rsv_vol_65_50_21_210=-16.6852,rsv_vol_67_50_21_210=1323.9,sddp_alpha_0_20=1000
o,20,1,sddp_ecut_0_20_84_30,2.24944e+08,,rsv_vol_1_50_20_200=0,rsv_vol_6_50_20_200=0.396313,rsv_vol_21_50_20_200=0,rsv_vol_28_50_20_200=0,rsv_vol_37_50_20_200=0.345962,rsv_vol_63_50_20_200=6.00666,rsv_vol_65_50_20_200=-50.0555,rsv_vol_67_50_20_200=1140.36,sddp_alpha_0_19=1000
o,19,1,sddp_ecut_0_19_84_31,1.9615e+08,,rsv_vol_1_50_19_190=0,rsv_vol_6_50_19_190=0.358616,rsv_vol_21_50_19_190=0,rsv_vol_28_50_19_190=0,rsv_vol_37_50_19_190=0.248175,rsv_vol_63_50_19_190=7.20799,rsv_vol_65_50_19_190=-50.0555,rsv_vol_67_50_19_190=392.776,sddp_alpha_0_18=1000
o,18,1,sddp_ecut_0_18_84_32,2.4088e+08,,rsv_vol_1_50_18_180=0,rsv_vol_6_50_18_180=0.402678,rsv_vol_21_50_18_180=0,rsv_vol_28_50_18_180=0,rsv_vol_37_50_18_180=0.414202,rsv_vol_63_50_18_180=7.26547,rsv_vol_65_50_18_180=-50.4547,rsv_vol_67_50_18_180=2041.26,sddp_alpha_0_17=1000
o,17,1,sddp_ecut_0_17_84_33,2.42099e+08,,rsv_vol_1_50_17_170=0,rsv_vol_6_50_17_170=0.412814,rsv_vol_21_50_17_170=0,rsv_vol_28_50_17_170=0,rsv_vol_37_50_17_170=0.503725,rsv_vol_63_50_17_170=7.26547,rsv_vol_65_50_17_170=-33.6364,rsv_vol_67_50_17_170=1572.26,sddp_alpha_0_16=1000
o,16,1,sddp_ecut_0_16_84_34,2.42624e+08,,rsv_vol_1_50_16_160=0,rsv_vol_6_50_16_160=0.418494,rsv_vol_21_50_16_160=0,rsv_vol_28_50_16_160=0,rsv_vol_37_50_16_160=0.488897,rsv_vol_63_50_16_160=6.66001,rsv_vol_65_50_16_160=0,rsv_vol_67_50_16_160=3249.37,sddp_alpha_0_15=1000
o,15,1,sddp_ecut_0_15_84_35,2.12073e+08,,rsv_vol_1_50_15_150=0,rsv_vol_6_50_15_150=0.375323,rsv_vol_21_50_15_150=0,rsv_vol_28_50_15_150=0,rsv_vol_37_50_15_150=0.336979,rsv_vol_63_50_15_150=4.23819,rsv_vol_65_50_15_150=-16.8182,rsv_vol_67_50_15_150=772.609,sddp_alpha_0_14=1000
o,14,1,sddp_ecut_0_14_84_36,2.51893e+08,,rsv_vol_1_50_14_140=0,rsv_vol_6_50_14_140=0.486347,rsv_vol_21_50_14_140=0,rsv_vol_28_50_14_140=0,rsv_vol_37_50_14_140=0.585543,rsv_vol_63_50_14_140=4.88227,rsv_vol_65_50_14_140=-16.9523,rsv_vol_67_50_14_140=5388.82,sddp_alpha_0_13=1000
o,13,1,sddp_ecut_0_13_84_37,2.17886e+08,,rsv_vol_1_50_13_130=0,rsv_vol_6_50_13_130=0.381142,rsv_vol_21_50_13_130=0,rsv_vol_28_50_13_130=0,rsv_vol_37_50_13_130=0.384669,rsv_vol_63_50_13_130=3.0545,rsv_vol_65_50_13_130=-16.9523,rsv_vol_67_50_13_130=1364.34,sddp_alpha_0_12=1000
o,12,1,sddp_ecut_0_12_84_38,2.49692e+08,,rsv_vol_1_50_12_120=0,rsv_vol_6_50_12_120=0.463542,rsv_vol_21_50_12_120=0,rsv_vol_28_50_12_120=0,rsv_vol_37_50_12_120=0.569366,rsv_vol_63_50_12_120=3.66342,rsv_vol_65_50_12_120=-33.9046,rsv_vol_67_50_12_120=4862.43,sddp_alpha_0_11=1000
o,11,1,sddp_ecut_0_11_84_39,2.19629e+08,,rsv_vol_1_50_11_110=0,rsv_vol_6_50_11_110=0.422289,rsv_vol_21_50_11_110=0,rsv_vol_28_50_11_110=0,rsv_vol_37_50_11_110=0.549519,rsv_vol_63_50_11_110=1.22057,rsv_vol_65_50_11_110=0,rsv_vol_67_50_11_110=1867.99,sddp_alpha_0_10=1000
o,10,1,sddp_ecut_0_10_84_40,2.60918e+08,,rsv_vol_1_50_10_100=0,rsv_vol_6_50_10_100=0.460434,rsv_vol_21_50_10_100=0,rsv_vol_28_50_10_100=0,rsv_vol_37_50_10_100=0.520056,rsv_vol_63_50_10_100=1.2303,rsv_vol_65_50_10_100=-34.175,rsv_vol_67_50_10_100=2725.03,sddp_alpha_0_9=1000
o,9,1,sddp_ecut_0_9_84_41,2.6257e+08,,rsv_vol_1_50_9_90=0,rsv_vol_6_50_9_90=0.471838,rsv_vol_21_50_9_90=0,rsv_vol_28_50_9_90=0,rsv_vol_37_50_9_90=0.533764,rsv_vol_63_50_9_90=0,rsv_vol_65_50_9_90=-17.0875,rsv_vol_67_50_9_90=2030.46,sddp_alpha_0_8=1000
o,8,1,sddp_ecut_0_8_84_42,2.63448e+08,,rsv_vol_1_50_8_80=0,rsv_vol_6_50_8_80=0.479546,rsv_vol_21_50_8_80=0,rsv_vol_28_50_8_80=0,rsv_vol_37_50_8_80=0.774691,rsv_vol_63_50_8_80=0.00579216,rsv_vol_65_50_8_80=-17.0875,rsv_vol_67_50_8_80=4295.42,sddp_alpha_0_7=1000
o,7,1,sddp_ecut_0_7_84_43,2.31658e+08,,rsv_vol_1_50_7_70=0,rsv_vol_6_50_7_70=0.434487,rsv_vol_21_50_7_70=0,rsv_vol_28_50_7_70=0,rsv_vol_37_50_7_70=0.680909,rsv_vol_63_50_7_70=0.00517157,rsv_vol_65_50_7_70=-17.0875,rsv_vol_67_50_7_70=3123.81,sddp_alpha_0_6=1000
o,6,1,sddp_ecut_0_6_84_44,2.81814e+08,,rsv_vol_1_50_6_60=0,rsv_vol_6_50_6_60=0.528607,rsv_vol_21_50_6_60=0,rsv_vol_28_50_6_60=0,rsv_vol_37_50_6_60=0.936707,rsv_vol_63_50_6_60=0.00757385,rsv_vol_65_50_6_60=0,rsv_vol_67_50_6_60=5943.57,sddp_alpha_0_5=1000
o,5,1,sddp_ecut_0_5_84_45,2.81885e+08,,rsv_vol_1_50_5_50=0,rsv_vol_6_50_5_50=0.554327,rsv_vol_21_50_5_50=0,rsv_vol_28_50_5_50=0,rsv_vol_37_50_5_50=0.73746,rsv_vol_63_50_5_50=0.00649041,rsv_vol_65_50_5_50=0,rsv_vol_67_50_5_50=4823.92,sddp_alpha_0_4=1000
o,4,1,sddp_ecut_0_4_84_46,2.83267e+08,,rsv_vol_1_50_4_40=0,rsv_vol_6_50_4_40=0.554263,rsv_vol_21_50_4_40=0,rsv_vol_28_50_4_40=0,rsv_vol_37_50_4_40=0.812836,rsv_vol_63_50_4_40=0,rsv_vol_65_50_4_40=0,rsv_vol_67_50_4_40=2573.44,sddp_alpha_0_3=1000
o,3,1,sddp_ecut_0_3_84_47,2.50811e+08,,rsv_vol_1_50_3_30=0,rsv_vol_6_50_3_30=0.545396,rsv_vol_21_50_3_30=0,rsv_vol_28_50_3_30=0,rsv_vol_37_50_3_30=0.744395,rsv_vol_63_50_3_30=0,rsv_vol_65_50_3_30=-34.4475,rsv_vol_67_50_3_30=2830.48,sddp_alpha_0_2=1000
o,2,1,sddp_ecut_0_2_84_48,2.25338e+08,,rsv_vol_1_50_2_20=0,rsv_vol_6_50_2_20=0.707866,rsv_vol_21_50_2_20=0,rsv_vol_28_50_2_20=0,rsv_vol_37_50_2_20=0.488828,rsv_vol_63_50_2_20=0,rsv_vol_65_50_2_20=-69.4444,rsv_vol_67_50_2_20=6213.54,sddp_alpha_0_1=1000
o,1,1,sddp_ecut_0_1_84_49,2.65508e+08,,rsv_vol_1_50_1_10=0,rsv_vol_6_50_1_10=0.843154,rsv_vol_21_50_1_10=0,rsv_vol_28_50_1_10=0,rsv_vol_37_50_1_10=0.507562,rsv_vol_63_50_1_10=0,rsv_vol_65_50_1_10=-17.3611,rsv_vol_67_50_1_10=9920.79,sddp_alpha_0_0=1000
o,50,1,sddp_ecut_0_50_85_0,7.4197e+08,,rsv_vol_1_50_50_500=0,rsv_vol_6_50_50_500=1.94792,rsv_vol_21_50_50_500=0,rsv_vol_28_50_50_500=0,rsv_vol_37_50_50_500=2.90475,rsv_vol_63_50_50_500=9343.02,rsv_vol_65_50_50_500=35009.8,rsv_vol_67_50_50_500=15127.2,sddp_alpha_0_49=1000
o,49,1,sddp_ecut_0_49_85_1,5.94245e+08,,rsv_vol_1_50_49_490=0,rsv_vol_6_50_49_490=-12.3816,rsv_vol_21_50_49_490=0,rsv_vol_28_50_49_490=0,rsv_vol_37_50_49_490=1.87958,rsv_vol_63_50_49_490=8418.64,rsv_vol_65_50_49_490=0,rsv_vol_67_50_49_490=14416.9,sddp_alpha_0_48=1000
o,48,1,sddp_ecut_0_48_85_2,6.5112e+08,,rsv_vol_1_50_48_480=0,rsv_vol_6_50_48_480=-26.4146,rsv_vol_21_50_48_480=0,rsv_vol_28_50_48_480=0,rsv_vol_37_50_48_480=2.43005,rsv_vol_63_50_48_480=7621.99,rsv_vol_65_50_48_480=0,rsv_vol_67_50_48_480=13639.3,sddp_alpha_0_47=1000
o,47,1,sddp_ecut_0_47_85_3,6.4186e+08,,rsv_vol_1_50_47_470=0,rsv_vol_6_50_47_470=-95.2668,rsv_vol_21_50_47_470=0,rsv_vol_28_50_47_470=0,rsv_vol_37_50_47_470=1.45394,rsv_vol_63_50_47_470=7678.17,rsv_vol_65_50_47_470=0,rsv_vol_67_50_47_470=9022.1,sddp_alpha_0_46=1000
o,46,1,sddp_ecut_0_46_85_4,6.21959e+08,,rsv_vol_1_50_46_460=0,rsv_vol_6_50_46_460=-123.55,rsv_vol_21_50_46_460=0,rsv_vol_28_50_46_460=0,rsv_vol_37_50_46_460=1.76338,rsv_vol_63_50_46_460=7622.2,rsv_vol_65_50_46_460=0,rsv_vol_67_50_46_460=6941.93,sddp_alpha_0_45=1000
o,45,1,sddp_ecut_0_45_85_5,6.87401e+08,,rsv_vol_1_50_45_450=0,rsv_vol_6_50_45_450=0.839902,rsv_vol_21_50_45_450=0,rsv_vol_28_50_45_450=0,rsv_vol_37_50_45_450=2.51234,rsv_vol_63_50_45_450=7123.3,rsv_vol_65_50_45_450=0,rsv_vol_67_50_45_450=11127.6,sddp_alpha_0_44=1000
o,44,1,sddp_ecut_0_44_85_6,6.90026e+08,,rsv_vol_1_50_44_440=0,rsv_vol_6_50_44_440=1.09349,rsv_vol_21_50_44_440=0,rsv_vol_28_50_44_440=0,rsv_vol_37_50_44_440=2.27898,rsv_vol_63_50_44_440=7545.16,rsv_vol_65_50_44_440=-28.0204,rsv_vol_67_50_44_440=10508.2,sddp_alpha_0_43=1000
o,43,1,sddp_ecut_0_43_85_7,7.71882e+08,,rsv_vol_1_50_43_430=0,rsv_vol_6_50_43_430=1.45338,rsv_vol_21_50_43_430=0,rsv_vol_28_50_43_430=0,rsv_vol_37_50_43_430=2.45561,rsv_vol_63_50_43_430=6525.85,rsv_vol_65_50_43_430=-28.2438,rsv_vol_67_50_43_430=12635.8,sddp_alpha_0_42=1000
o,42,1,sddp_ecut_0_42_85_8,8.26884e+08,,rsv_vol_1_50_42_420=0,rsv_vol_6_50_42_420=2.01369,rsv_vol_21_50_42_420=0,rsv_vol_28_50_42_420=0,rsv_vol_37_50_42_420=3.00551,rsv_vol_63_50_42_420=8883.06,rsv_vol_65_50_42_420=-14.2345,rsv_vol_67_50_42_420=14733.5,sddp_alpha_0_41=1000
o,41,1,sddp_ecut_0_41_85_9,8.32332e+08,,rsv_vol_1_50_41_410=0,rsv_vol_6_50_41_410=1.89132,rsv_vol_21_50_41_410=0,rsv_vol_28_50_41_410=0,rsv_vol_37_50_41_410=2.95122,rsv_vol_63_50_41_410=6677.09,rsv_vol_65_50_41_410=4962.15,rsv_vol_67_50_41_410=11700.4,sddp_alpha_0_40=1000
o,40,1,sddp_ecut_0_40_85_10,8.47719e+08,,rsv_vol_1_50_40_400=0,rsv_vol_6_50_40_400=2.03587,rsv_vol_21_50_40_400=0,rsv_vol_28_50_40_400=0,rsv_vol_37_50_40_400=4.35808,rsv_vol_63_50_40_400=8532.25,rsv_vol_65_50_40_400=4695.37,rsv_vol_67_50_40_400=14517.1,sddp_alpha_0_39=1000
o,39,1,sddp_ecut_0_39_85_11,7.73673e+08,,rsv_vol_1_50_39_390=0,rsv_vol_6_50_39_390=1.80547,rsv_vol_21_50_39_390=0,rsv_vol_28_50_39_390=0,rsv_vol_37_50_39_390=3.81567,rsv_vol_63_50_39_390=8647.2,rsv_vol_65_50_39_390=4663.56,rsv_vol_67_50_39_390=15042.9,sddp_alpha_0_38=1000
o,38,1,sddp_ecut_0_38_85_12,7.79346e+08,,rsv_vol_1_50_38_380=0,rsv_vol_6_50_38_380=-12.7532,rsv_vol_21_50_38_380=0,rsv_vol_28_50_38_380=0,rsv_vol_37_50_38_380=2.83015,rsv_vol_63_50_38_380=9549.15,rsv_vol_65_50_38_380=12661.7,rsv_vol_67_50_38_380=-235.104,sddp_alpha_0_37=1000
o,37,1,sddp_ecut_0_37_85_13,6.45813e+08,,rsv_vol_1_50_37_370=0,rsv_vol_6_50_37_370=-13.6252,rsv_vol_21_50_37_370=0,rsv_vol_28_50_37_370=0,rsv_vol_37_50_37_370=2.23528,rsv_vol_63_50_37_370=9443.88,rsv_vol_65_50_37_370=0,rsv_vol_67_50_37_370=15930,sddp_alpha_0_36=1000
o,36,1,sddp_ecut_0_36_85_14,7.0939e+08,,rsv_vol_1_50_36_360=0,rsv_vol_6_50_36_360=-29.2047,rsv_vol_21_50_36_360=0,rsv_vol_28_50_36_360=0,rsv_vol_37_50_36_360=2.77566,rsv_vol_63_50_36_360=9090.91,rsv_vol_65_50_36_360=0,rsv_vol_67_50_36_360=15229.1,sddp_alpha_0_35=1000
o,35,1,sddp_ecut_0_35_85_15,7.38236e+08,,rsv_vol_1_50_35_350=0,rsv_vol_6_50_35_350=-105.102,rsv_vol_21_50_35_350=0,rsv_vol_28_50_35_350=0,rsv_vol_37_50_35_350=0.693072,rsv_vol_63_50_35_350=8573.34,rsv_vol_65_50_35_350=0,rsv_vol_67_50_35_350=3253.05,sddp_alpha_0_34=1000
o,34,1,sddp_ecut_0_34_85_16,7.15841e+08,,rsv_vol_1_50_34_340=0,rsv_vol_6_50_34_340=-29.8209,rsv_vol_21_50_34_340=0,rsv_vol_28_50_34_340=0,rsv_vol_37_50_34_340=1.1029,rsv_vol_63_50_34_340=9189.82,rsv_vol_65_50_34_340=0,rsv_vol_67_50_34_340=1639.13,sddp_alpha_0_33=1000
o,33,1,sddp_ecut_0_33_85_17,7.85711e+08,,rsv_vol_1_50_33_330=0,rsv_vol_6_50_33_330=1.41522,rsv_vol_21_50_33_330=0,rsv_vol_28_50_33_330=0,rsv_vol_37_50_33_330=2.15555,rsv_vol_63_50_33_330=7432.22,rsv_vol_65_50_33_330=0,rsv_vol_67_50_33_330=7990.96,sddp_alpha_0_32=1000
o,32,1,sddp_ecut_0_32_85_18,7.86227e+08,,rsv_vol_1_50_32_320=0,rsv_vol_6_50_32_320=1.50884,rsv_vol_21_50_32_320=0,rsv_vol_28_50_32_320=0,rsv_vol_37_50_32_320=1.93903,rsv_vol_63_50_32_320=4402.97,rsv_vol_65_50_32_320=0,rsv_vol_67_50_32_320=8573.67,sddp_alpha_0_31=1000
o,31,1,sddp_ecut_0_31_85_19,8.80882e+08,,rsv_vol_1_50_31_310=0,rsv_vol_6_50_31_310=1.86777,rsv_vol_21_50_31_310=0,rsv_vol_28_50_31_310=0,rsv_vol_37_50_31_310=2.48662,rsv_vol_63_50_31_310=1807.29,rsv_vol_65_50_31_310=-15.5341,rsv_vol_67_50_31_310=12724.6,sddp_alpha_0_30=1000
o,30,1,sddp_ecut_0_30_85_20,9.50338e+08,,rsv_vol_1_50_30_300=0,rsv_vol_6_50_30_300=2.42933,rsv_vol_21_50_30_300=0,rsv_vol_28_50_30_300=0,rsv_vol_37_50_30_300=3.57529,rsv_vol_63_50_30_300=8717.49,rsv_vol_65_50_30_300=-31.3159,rsv_vol_67_50_30_300=16476.2,sddp_alpha_0_29=1000
o,29,1,sddp_ecut_0_29_85_21,9.75418e+08,,rsv_vol_1_50_29_290=0,rsv_vol_6_50_29_290=3.07721,rsv_vol_21_50_29_290=0,rsv_vol_28_50_29_290=0,rsv_vol_37_50_29_290=2.22383,rsv_vol_63_50_29_290=8648.77,rsv_vol_65_50_29_290=15585.7,rsv_vol_67_50_29_290=3619.72,sddp_alpha_0_28=1000
o,28,1,sddp_ecut_0_28_85_22,1.03339e+09,,rsv_vol_1_50_28_280=0,rsv_vol_6_50_28_280=3.41761,rsv_vol_21_50_28_280=0,rsv_vol_28_50_28_280=0,rsv_vol_37_50_28_280=6.63199,rsv_vol_63_50_28_280=10199,rsv_vol_65_50_28_280=23688.4,rsv_vol_67_50_28_280=1852.15,sddp_alpha_0_27=1000
o,27,1,sddp_ecut_0_27_85_23,9.23448e+08,,rsv_vol_1_50_27_270=0,rsv_vol_6_50_27_270=-30.9372,rsv_vol_21_50_27_270=0,rsv_vol_28_50_27_270=0,rsv_vol_37_50_27_270=1.23183,rsv_vol_63_50_27_270=9289.17,rsv_vol_65_50_27_270=4392.88,rsv_vol_67_50_27_270=-256.569,sddp_alpha_0_26=1000
o,26,1,sddp_ecut_0_26_85_24,9.38607e+08,,rsv_vol_1_50_26_260=0,rsv_vol_6_50_26_260=-47.1974,rsv_vol_21_50_26_260=0,rsv_vol_28_50_26_260=0,rsv_vol_37_50_26_260=5.18722,rsv_vol_63_50_26_260=10361.7,rsv_vol_65_50_26_260=0,rsv_vol_67_50_26_260=17207.8,sddp_alpha_0_25=1000
o,25,1,sddp_ecut_0_25_85_25,8.2928e+08,,rsv_vol_1_50_25_250=0,rsv_vol_6_50_25_250=-63.968,rsv_vol_21_50_25_250=0,rsv_vol_28_50_25_250=0,rsv_vol_37_50_25_250=4.78176,rsv_vol_63_50_25_250=11019,rsv_vol_65_50_25_250=0,rsv_vol_67_50_25_250=18631.8,sddp_alpha_0_24=1000
o,24,1,sddp_ecut_0_24_85_26,9.00769e+08,,rsv_vol_1_50_24_240=0,rsv_vol_6_50_24_240=-146.75,rsv_vol_21_50_24_240=0,rsv_vol_28_50_24_240=0,rsv_vol_37_50_24_240=3.85428,rsv_vol_63_50_24_240=10337,rsv_vol_65_50_24_240=0,rsv_vol_67_50_24_240=17158.7,sddp_alpha_0_23=1000
o,23,1,sddp_ecut_0_23_85_27,8.7139e+08,,rsv_vol_1_50_23_230=0,rsv_vol_6_50_23_230=-115.323,rsv_vol_21_50_23_230=0,rsv_vol_28_50_23_230=0,rsv_vol_37_50_23_230=1.29822,rsv_vol_63_50_23_230=8882.42,rsv_vol_65_50_23_230=0,rsv_vol_67_50_23_230=6594.82,sddp_alpha_0_22=1000
o,22,1,sddp_ecut_0_22_85_28,2.25306e+08,,rsv_vol_1_50_22_220=0,rsv_vol_6_50_22_220=0.3573,rsv_vol_21_50_22_220=0,rsv_vol_28_50_22_220=0,rsv_vol_37_50_22_220=0.483474,rsv_vol_63_50_22_220=7.80866,rsv_vol_65_50_22_220=-16.6852,rsv_vol_67_50_22_220=2751.78,sddp_alpha_0_21=1000
o,21,1,sddp_ecut_0_21_85_29,1.97243e+08,,rsv_vol_1_50_21_210=0,rsv_vol_6_50_21_210=0.327868,rsv_vol_21_50_21_210=0,rsv_vol_28_50_21_210=0,rsv_vol_37_50_21_210=0.353737,rsv_vol_63_50_21_210=7.20799,rsv_vol_65_50_21_210=-16.6852,rsv_vol_67_50_21_210=1323.9,sddp_alpha_0_20=1000
o,20,1,sddp_ecut_0_20_85_30,2.24944e+08,,rsv_vol_1_50_20_200=0,rsv_vol_6_50_20_200=0.396313,rsv_vol_21_50_20_200=0,rsv_vol_28_50_20_200=0,rsv_vol_37_50_20_200=0.345962,rsv_vol_63_50_20_200=6.00666,rsv_vol_65_50_20_200=-50.0555,rsv_vol_67_50_20_200=1140.36,sddp_alpha_0_19=1000
o,19,1,sddp_ecut_0_19_85_31,1.9615e+08,,rsv_vol_1_50_19_190=0,rsv_vol_6_50_19_190=0.358616,rsv_vol_21_50_19_190=0,rsv_vol_28_50_19_190=0,rsv_vol_37_50_19_190=0.248175,rsv_vol_63_50_19_190=7.20799,rsv_vol_65_50_19_190=-50.0555,rsv_vol_67_50_19_190=392.776,sddp_alpha_0_18=1000
o,18,1,sddp_ecut_0_18_85_32,2.4088e+08,,rsv_vol_1_50_18_180=0,rsv_vol_6_50_18_180=0.402678,rsv_vol_21_50_18_180=0,rsv_vol_28_50_18_180=0,rsv_vol_37_50_18_180=0.414202,rsv_vol_63_50_18_180=7.26547,rsv_vol_65_50_18_180=-50.4547,rsv_vol_67_50_18_180=2041.26,sddp_alpha_0_17=1000
o,17,1,sddp_ecut_0_17_85_33,2.42099e+08,,rsv_vol_1_50_17_170=0,rsv_vol_6_50_17_170=0.412814,rsv_vol_21_50_17_170=0,rsv_vol_28_50_17_170=0,rsv_vol_37_50_17_170=0.503725,rsv_vol_63_50_17_170=7.26547,rsv_vol_65_50_17_170=-33.6364,rsv_vol_67_50_17_170=1572.26,sddp_alpha_0_16=1000
o,16,1,sddp_ecut_0_16_85_34,2.42624e+08,,rsv_vol_1_50_16_160=0,rsv_vol_6_50_16_160=0.418494,rsv_vol_21_50_16_160=0,rsv_vol_28_50_16_160=0,rsv_vol_37_50_16_160=0.488897,rsv_vol_63_50_16_160=6.66001,rsv_vol_65_50_16_160=0,rsv_vol_67_50_16_160=3249.37,sddp_alpha_0_15=1000
o,15,1,sddp_ecut_0_15_85_35,2.12073e+08,,rsv_vol_1_50_15_150=0,rsv_vol_6_50_15_150=0.375323,rsv_vol_21_50_15_150=0,rsv_vol_28_50_15_150=0,rsv_vol_37_50_15_150=0.336979,rsv_vol_63_50_15_150=4.23819,rsv_vol_65_50_15_150=-16.8182,rsv_vol_67_50_15_150=772.609,sddp_alpha_0_14=1000
o,14,1,sddp_ecut_0_14_85_36,2.51893e+08,,rsv_vol_1_50_14_140=0,rsv_vol_6_50_14_140=0.486347,rsv_vol_21_50_14_140=0,rsv_vol_28_50_14_140=0,rsv_vol_37_50_14_140=0.585543,rsv_vol_63_50_14_140=4.88227,rsv_vol_65_50_14_140=-16.9523,rsv_vol_67_50_14_140=5388.82,sddp_alpha_0_13=1000
o,13,1,sddp_ecut_0_13_85_37,2.17886e+08,,rsv_vol_1_50_13_130=0,rsv_vol_6_50_13_130=0.381142,rsv_vol_21_50_13_130=0,rsv_vol_28_50_13_130=0,rsv_vol_37_50_13_130=0.384669,rsv_vol_63_50_13_130=3.05443,rsv_vol_65_50_13_130=-16.9523,rsv_vol_67_50_13_130=1364.34,sddp_alpha_0_12=1000
o,12,1,sddp_ecut_0_12_85_38,2.49692e+08,,rsv_vol_1_50_12_120=0,rsv_vol_6_50_12_120=0.463542,rsv_vol_21_50_12_120=0,rsv_vol_28_50_12_120=0,rsv_vol_37_50_12_120=0.569366,rsv_vol_63_50_12_120=3.66341,rsv_vol_65_50_12_120=-33.9046,rsv_vol_67_50_12_120=4862.43,sddp_alpha_0_11=1000
o,11,1,sddp_ecut_0_11_85_39,2.19629e+08,,rsv_vol_1_50_11_110=0,rsv_vol_6_50_11_110=0.422289,rsv_vol_21_50_11_110=0,rsv_vol_28_50_11_110=0,rsv_vol_37_50_11_110=0.549519,rsv_vol_63_50_11_110=1.22057,rsv_vol_65_50_11_110=0,rsv_vol_67_50_11_110=1867.99,sddp_alpha_0_10=1000
o,10,1,sddp_ecut_0_10_85_40,2.60918e+08,,rsv_vol_1_50_10_100=0,rsv_vol_6_50_10_100=0.460434,rsv_vol_21_50_10_100=0,rsv_vol_28_50_10_100=0,rsv_vol_37_50_10_100=0.520056,rsv_vol_63_50_10_100=1.2303,rsv_vol_65_50_10_100=-34.175,rsv_vol_67_50_10_100=2725.03,sddp_alpha_0_9=1000
o,9,1,sddp_ecut_0_9_85_41,2.6257e+08,,rsv_vol_1_50_9_90=0,rsv_vol_6_50_9_90=0.471838,rsv_vol_21_50_9_90=0,rsv_vol_28_50_9_90=0,rsv_vol_37_50_9_90=0.533764,rsv_vol_63_50_9_90=0,rsv_vol_65_50_9_90=-17.0875,rsv_vol_67_50_9_90=2030.46,sddp_alpha_0_8=1000
o,8,1,sddp_ecut_0_8_85_42,2.63448e+08,,rsv_vol_1_50_8_80=0,rsv_vol_6_50_8_80=0.479546,rsv_vol_21_50_8_80=0,rsv_vol_28_50_8_80=0,rsv_vol_37_50_8_80=0.774691,rsv_vol_63_50_8_80=0.00579216,rsv_vol_65_50_8_80=-17.0875,rsv_vol_67_50_8_80=4295.42,sddp_alpha_0_7=1000
o,7,1,sddp_ecut_0_7_85_43,2.31658e+08,,rsv_vol_1_50_7_70=0,rsv_vol_6_50_7_70=0.434487,rsv_vol_21_50_7_70=0,rsv_vol_28_50_7_70=0,rsv_vol_37_50_7_70=0.680909,rsv_vol_63_50_7_70=0.00517157,rsv_vol_65_50_7_70=-17.0875,rsv_vol_67_50_7_70=3123.81,sddp_alpha_0_6=1000
o,6,1,sddp_ecut_0_6_85_44,2.81814e+08,,rsv_vol_1_50_6_60=0,rsv_vol_6_50_6_60=0.528607,rsv_vol_21_50_6_60=0,rsv_vol_28_50_6_60=0,rsv_vol_37_50_6_60=0.936707,rsv_vol_63_50_6_60=0.00758918,rsv_vol_65_50_6_60=0,rsv_vol_67_50_6_60=5943.57,sddp_alpha_0_5=1000
o,5,1,sddp_ecut_0_5_85_45,2.81885e+08,,rsv_vol_1_50_5_50=0,rsv_vol_6_50_5_50=0.554327,rsv_vol_21_50_5_50=0,rsv_vol_28_50_5_50=0,rsv_vol_37_50_5_50=0.73746,rsv_vol_63_50_5_50=0.00649041,rsv_vol_65_50_5_50=0,rsv_vol_67_50_5_50=4823.92,sddp_alpha_0_4=1000
o,4,1,sddp_ecut_0_4_85_46,2.83267e+08,,rsv_vol_1_50_4_40=0,rsv_vol_6_50_4_40=0.554263,rsv_vol_21_50_4_40=0,rsv_vol_28_50_4_40=0,rsv_vol_37_50_4_40=0.812836,rsv_vol_63_50_4_40=0,rsv_vol_65_50_4_40=0,rsv_vol_67_50_4_40=2573.44,sddp_alpha_0_3=1000
o,3,1,sddp_ecut_0_3_85_47,2.50811e+08,,rsv_vol_1_50_3_30=0,rsv_vol_6_50_3_30=0.545396,rsv_vol_21_50_3_30=0,rsv_vol_28_50_3_30=0,rsv_vol_37_50_3_30=0.744395,rsv_vol_63_50_3_30=0,rsv_vol_65_50_3_30=-34.4475,rsv_vol_67_50_3_30=2830.48,sddp_alpha_0_2=1000
o,2,1,sddp_ecut_0_2_85_48,2.25338e+08,,rsv_vol_1_50_2_20=0,rsv_vol_6_50_2_20=0.707866,rsv_vol_21_50_2_20=0,rsv_vol_28_50_2_20=0,rsv_vol_37_50_2_20=0.488828,rsv_vol_63_50_2_20=0,rsv_vol_65_50_2_20=-69.4444,rsv_vol_67_50_2_20=6213.54,sddp_alpha_0_1=1000
o,1,1,sddp_ecut_0_1_85_49,2.65508e+08,,rsv_vol_1_50_1_10=0,rsv_vol_6_50_1_10=0.843154,rsv_vol_21_50_1_10=0,rsv_vol_28_50_1_10=0,rsv_vol_37_50_1_10=0.507562,rsv_vol_63_50_1_10=0,rsv_vol_65_50_1_10=-17.3611,rsv_vol_67_50_1_10=9920.79,sddp_alpha_0_0=1000
o,50,1,sddp_ecut_0_50_86_0,7.4197e+08,,rsv_vol_1_50_50_500=0,rsv_vol_6_50_50_500=1.94792,rsv_vol_21_50_50_500=0,rsv_vol_28_50_50_500=0,rsv_vol_37_50_50_500=2.90475,rsv_vol_63_50_50_500=9343.02,rsv_vol_65_50_50_500=35009.8,rsv_vol_67_50_50_500=15127.2,sddp_alpha_0_49=1000
o,49,1,sddp_ecut_0_49_86_1,5.94245e+08,,rsv_vol_1_50_49_490=0,rsv_vol_6_50_49_490=-12.3816,rsv_vol_21_50_49_490=0,rsv_vol_28_50_49_490=0,rsv_vol_37_50_49_490=1.87958,rsv_vol_63_50_49_490=8418.64,rsv_vol_65_50_49_490=0,rsv_vol_67_50_49_490=14416.9,sddp_alpha_0_48=1000
o,48,1,sddp_ecut_0_48_86_2,6.5112e+08,,rsv_vol_1_50_48_480=0,rsv_vol_6_50_48_480=-26.4146,rsv_vol_21_50_48_480=0,rsv_vol_28_50_48_480=0,rsv_vol_37_50_48_480=2.43005,rsv_vol_63_50_48_480=7621.99,rsv_vol_65_50_48_480=0,rsv_vol_67_50_48_480=13639.3,sddp_alpha_0_47=1000
o,47,1,sddp_ecut_0_47_86_3,6.4186e+08,,rsv_vol_1_50_47_470=0,rsv_vol_6_50_47_470=-95.2668,rsv_vol_21_50_47_470=0,rsv_vol_28_50_47_470=0,rsv_vol_37_50_47_470=1.45394,rsv_vol_63_50_47_470=7678.17,rsv_vol_65_50_47_470=0,rsv_vol_67_50_47_470=9022.1,sddp_alpha_0_46=1000
o,46,1,sddp_ecut_0_46_86_4,6.21959e+08,,rsv_vol_1_50_46_460=0,rsv_vol_6_50_46_460=-123.55,rsv_vol_21_50_46_460=0,rsv_vol_28_50_46_460=0,rsv_vol_37_50_46_460=1.76338,rsv_vol_63_50_46_460=7622.2,rsv_vol_65_50_46_460=0,rsv_vol_67_50_46_460=6941.93,sddp_alpha_0_45=1000
o,45,1,sddp_ecut_0_45_86_5,6.87401e+08,,rsv_vol_1_50_45_450=0,rsv_vol_6_50_45_450=0.839902,rsv_vol_21_50_45_450=0,rsv_vol_28_50_45_450=0,rsv_vol_37_50_45_450=2.51234,rsv_vol_63_50_45_450=7123.3,rsv_vol_65_50_45_450=0,rsv_vol_67_50_45_450=11127.6,sddp_alpha_0_44=1000
o,44,1,sddp_ecut_0_44_86_6,6.90026e+08,,rsv_vol_1_50_44_440=0,rsv_vol_6_50_44_440=1.09349,rsv_vol_21_50_44_440=0,rsv_vol_28_50_44_440=0,rsv_vol_37_50_44_440=2.27898,rsv_vol_63_50_44_440=7545.16,rsv_vol_65_50_44_440=-28.0204,rsv_vol_67_50_44_440=10508.2,sddp_alpha_0_43=1000
o,43,1,sddp_ecut_0_43_86_7,7.71882e+08,,rsv_vol_1_50_43_430=0,rsv_vol_6_50_43_430=1.45338,rsv_vol_21_50_43_430=0,rsv_vol_28_50_43_430=0,rsv_vol_37_50_43_430=2.45561,rsv_vol_63_50_43_430=6525.85,rsv_vol_65_50_43_430=-28.2438,rsv_vol_67_50_43_430=12635.8,sddp_alpha_0_42=1000
o,42,1,sddp_ecut_0_42_86_8,8.26884e+08,,rsv_vol_1_50_42_420=0,rsv_vol_6_50_42_420=2.01369,rsv_vol_21_50_42_420=0,rsv_vol_28_50_42_420=0,rsv_vol_37_50_42_420=3.00551,rsv_vol_63_50_42_420=8883.06,rsv_vol_65_50_42_420=-14.2345,rsv_vol_67_50_42_420=14733.5,sddp_alpha_0_41=1000
o,41,1,sddp_ecut_0_41_86_9,8.32332e+08,,rsv_vol_1_50_41_410=0,rsv_vol_6_50_41_410=1.89132,rsv_vol_21_50_41_410=0,rsv_vol_28_50_41_410=0,rsv_vol_37_50_41_410=2.95122,rsv_vol_63_50_41_410=6677.09,rsv_vol_65_50_41_410=4962.15,rsv_vol_67_50_41_410=11700.4,sddp_alpha_0_40=1000
o,40,1,sddp_ecut_0_40_86_10,8.47719e+08,,rsv_vol_1_50_40_400=0,rsv_vol_6_50_40_400=2.03587,rsv_vol_21_50_40_400=0,rsv_vol_28_50_40_400=0,rsv_vol_37_50_40_400=4.35808,rsv_vol_63_50_40_400=8532.25,rsv_vol_65_50_40_400=4695.37,rsv_vol_67_50_40_400=14517.1,sddp_alpha_0_39=1000
o,39,1,sddp_ecut_0_39_86_11,7.73673e+08,,rsv_vol_1_50_39_390=0,rsv_vol_6_50_39_390=1.80547,rsv_vol_21_50_39_390=0,rsv_vol_28_50_39_390=0,rsv_vol_37_50_39_390=3.81567,rsv_vol_63_50_39_390=8647.2,rsv_vol_65_50_39_390=4663.56,rsv_vol_67_50_39_390=15042.9,sddp_alpha_0_38=1000
o,38,1,sddp_ecut_0_38_86_12,7.79346e+08,,rsv_vol_1_50_38_380=0,rsv_vol_6_50_38_380=-12.7532,rsv_vol_21_50_38_380=0,rsv_vol_28_50_38_380=0,rsv_vol_37_50_38_380=2.83015,rsv_vol_63_50_38_380=9549.15,rsv_vol_65_50_38_380=12661.7,rsv_vol_67_50_38_380=-235.104,sddp_alpha_0_37=1000
o,37,1,sddp_ecut_0_37_86_13,6.45813e+08,,rsv_vol_1_50_37_370=0,rsv_vol_6_50_37_370=-13.6252,rsv_vol_21_50_37_370=0,rsv_vol_28_50_37_370=0,rsv_vol_37_50_37_370=2.23528,rsv_vol_63_50_37_370=9443.88,rsv_vol_65_50_37_370=0,rsv_vol_67_50_37_370=15930,sddp_alpha_0_36=1000
o,36,1,sddp_ecut_0_36_86_14,7.0939e+08,,rsv_vol_1_50_36_360=0,rsv_vol_6_50_36_360=-29.2047,rsv_vol_21_50_36_360=0,rsv_vol_28_50_36_360=0,rsv_vol_37_50_36_360=2.77566,rsv_vol_63_50_36_360=9090.91,rsv_vol_65_50_36_360=0,rsv_vol_67_50_36_360=15229.1,sddp_alpha_0_35=1000
o,35,1,sddp_ecut_0_35_86_15,7.38236e+08,,rsv_vol_1_50_35_350=0,rsv_vol_6_50_35_350=-105.102,rsv_vol_21_50_35_350=0,rsv_vol_28_50_35_350=0,rsv_vol_37_50_35_350=0.693072,rsv_vol_63_50_35_350=8573.34,rsv_vol_65_50_35_350=0,rsv_vol_67_50_35_350=3253.05,sddp_alpha_0_34=1000
o,34,1,sddp_ecut_0_34_86_16,7.15841e+08,,rsv_vol_1_50_34_340=0,rsv_vol_6_50_34_340=-29.8209,rsv_vol_21_50_34_340=0,rsv_vol_28_50_34_340=0,rsv_vol_37_50_34_340=1.1029,rsv_vol_63_50_34_340=9189.82,rsv_vol_65_50_34_340=0,rsv_vol_67_50_34_340=1639.13,sddp_alpha_0_33=1000
o,33,1,sddp_ecut_0_33_86_17,7.85711e+08,,rsv_vol_1_50_33_330=0,rsv_vol_6_50_33_330=1.41522,rsv_vol_21_50_33_330=0,rsv_vol_28_50_33_330=0,rsv_vol_37_50_33_330=2.15555,rsv_vol_63_50_33_330=7432.22,rsv_vol_65_50_33_330=0,rsv_vol_67_50_33_330=7990.96,sddp_alpha_0_32=1000
o,32,1,sddp_ecut_0_32_86_18,7.86227e+08,,rsv_vol_1_50_32_320=0,rsv_vol_6_50_32_320=1.50884,rsv_vol_21_50_32_320=0,rsv_vol_28_50_32_320=0,rsv_vol_37_50_32_320=1.93903,rsv_vol_63_50_32_320=4402.97,rsv_vol_65_50_32_320=0,rsv_vol_67_50_32_320=8573.67,sddp_alpha_0_31=1000
o,31,1,sddp_ecut_0_31_86_19,8.80882e+08,,rsv_vol_1_50_31_310=0,rsv_vol_6_50_31_310=1.86777,rsv_vol_21_50_31_310=0,rsv_vol_28_50_31_310=0,rsv_vol_37_50_31_310=2.48662,rsv_vol_63_50_31_310=1807.29,rsv_vol_65_50_31_310=-15.5341,rsv_vol_67_50_31_310=12724.6,sddp_alpha_0_30=1000
o,30,1,sddp_ecut_0_30_86_20,9.50338e+08,,rsv_vol_1_50_30_300=0,rsv_vol_6_50_30_300=2.42933,rsv_vol_21_50_30_300=0,rsv_vol_28_50_30_300=0,rsv_vol_37_50_30_300=3.57529,rsv_vol_63_50_30_300=8717.49,rsv_vol_65_50_30_300=-31.3159,rsv_vol_67_50_30_300=16476.2,sddp_alpha_0_29=1000
o,29,1,sddp_ecut_0_29_86_21,9.75418e+08,,rsv_vol_1_50_29_290=0,rsv_vol_6_50_29_290=3.07721,rsv_vol_21_50_29_290=0,rsv_vol_28_50_29_290=0,rsv_vol_37_50_29_290=2.22383,rsv_vol_63_50_29_290=8648.77,rsv_vol_65_50_29_290=15585.7,rsv_vol_67_50_29_290=3619.72,sddp_alpha_0_28=1000
o,28,1,sddp_ecut_0_28_86_22,1.03339e+09,,rsv_vol_1_50_28_280=0,rsv_vol_6_50_28_280=3.41761,rsv_vol_21_50_28_280=0,rsv_vol_28_50_28_280=0,rsv_vol_37_50_28_280=6.63199,rsv_vol_63_50_28_280=10199,rsv_vol_65_50_28_280=23688.4,rsv_vol_67_50_28_280=1852.15,sddp_alpha_0_27=1000
o,27,1,sddp_ecut_0_27_86_23,9.23448e+08,,rsv_vol_1_50_27_270=0,rsv_vol_6_50_27_270=-30.9372,rsv_vol_21_50_27_270=0,rsv_vol_28_50_27_270=0,rsv_vol_37_50_27_270=1.23183,rsv_vol_63_50_27_270=9289.17,rsv_vol_65_50_27_270=4392.88,rsv_vol_67_50_27_270=-256.569,sddp_alpha_0_26=1000
o,26,1,sddp_ecut_0_26_86_24,9.38607e+08,,rsv_vol_1_50_26_260=0,rsv_vol_6_50_26_260=-47.1974,rsv_vol_21_50_26_260=0,rsv_vol_28_50_26_260=0,rsv_vol_37_50_26_260=5.18722,rsv_vol_63_50_26_260=10361.7,rsv_vol_65_50_26_260=0,rsv_vol_67_50_26_260=17207.8,sddp_alpha_0_25=1000
o,25,1,sddp_ecut_0_25_86_25,8.2928e+08,,rsv_vol_1_50_25_250=0,rsv_vol_6_50_25_250=-63.968,rsv_vol_21_50_25_250=0,rsv_vol_28_50_25_250=0,rsv_vol_37_50_25_250=4.78176,rsv_vol_63_50_25_250=11019,rsv_vol_65_50_25_250=0,rsv_vol_67_50_25_250=18631.8,sddp_alpha_0_24=1000
o,24,1,sddp_ecut_0_24_86_26,9.00769e+08,,rsv_vol_1_50_24_240=0,rsv_vol_6_50_24_240=-146.75,rsv_vol_21_50_24_240=0,rsv_vol_28_50_24_240=0,rsv_vol_37_50_24_240=3.85428,rsv_vol_63_50_24_240=10337,rsv_vol_65_50_24_240=0,rsv_vol_67_50_24_240=17158.7,sddp_alpha_0_23=1000
o,23,1,sddp_ecut_0_23_86_27,8.7139e+08,,rsv_vol_1_50_23_230=0,rsv_vol_6_50_23_230=-115.323,rsv_vol_21_50_23_230=0,rsv_vol_28_50_23_230=0,rsv_vol_37_50_23_230=1.29822,rsv_vol_63_50_23_230=8882.42,rsv_vol_65_50_23_230=0,rsv_vol_67_50_23_230=6594.82,sddp_alpha_0_22=1000
o,22,1,sddp_ecut_0_22_86_28,2.25306e+08,,rsv_vol_1_50_22_220=0,rsv_vol_6_50_22_220=0.3573,rsv_vol_21_50_22_220=0,rsv_vol_28_50_22_220=0,rsv_vol_37_50_22_220=0.483474,rsv_vol_63_50_22_220=7.80866,rsv_vol_65_50_22_220=-16.6852,rsv_vol_67_50_22_220=2751.78,sddp_alpha_0_21=1000
o,21,1,sddp_ecut_0_21_86_29,1.97243e+08,,rsv_vol_1_50_21_210=0,rsv_vol_6_50_21_210=0.327868,rsv_vol_21_50_21_210=0,rsv_vol_28_50_21_210=0,rsv_vol_37_50_21_210=0.353737,rsv_vol_63_50_21_210=7.20799,rsv_vol_65_50_21_210=-16.6852,rsv_vol_67_50_21_210=1323.9,sddp_alpha_0_20=1000
o,20,1,sddp_ecut_0_20_86_30,2.24944e+08,,rsv_vol_1_50_20_200=0,rsv_vol_6_50_20_200=0.396313,rsv_vol_21_50_20_200=0,rsv_vol_28_50_20_200=0,rsv_vol_37_50_20_200=0.345962,rsv_vol_63_50_20_200=6.00666,rsv_vol_65_50_20_200=-50.0555,rsv_vol_67_50_20_200=1140.36,sddp_alpha_0_19=1000
o,19,1,sddp_ecut_0_19_86_31,1.9615e+08,,rsv_vol_1_50_19_190=0,rsv_vol_6_50_19_190=0.358616,rsv_vol_21_50_19_190=0,rsv_vol_28_50_19_190=0,rsv_vol_37_50_19_190=0.248175,rsv_vol_63_50_19_190=7.20799,rsv_vol_65_50_19_190=-50.0555,rsv_vol_67_50_19_190=392.776,sddp_alpha_0_18=1000
o,18,1,sddp_ecut_0_18_86_32,2.4088e+08,,rsv_vol_1_50_18_180=0,rsv_vol_6_50_18_180=0.402678,rsv_vol_21_50_18_180=0,rsv_vol_28_50_18_180=0,rsv_vol_37_50_18_180=0.414202,rsv_vol_63_50_18_180=7.26547,rsv_vol_65_50_18_180=-50.4547,rsv_vol_67_50_18_180=2041.26,sddp_alpha_0_17=1000
o,17,1,sddp_ecut_0_17_86_33,2.42099e+08,,rsv_vol_1_50_17_170=0,rsv_vol_6_50_17_170=0.412814,rsv_vol_21_50_17_170=0,rsv_vol_28_50_17_170=0,rsv_vol_37_50_17_170=0.503725,rsv_vol_63_50_17_170=7.26547,rsv_vol_65_50_17_170=-33.6364,rsv_vol_67_50_17_170=1572.26,sddp_alpha_0_16=1000
o,16,1,sddp_ecut_0_16_86_34,2.42624e+08,,rsv_vol_1_50_16_160=0,rsv_vol_6_50_16_160=0.418494,rsv_vol_21_50_16_160=0,rsv_vol_28_50_16_160=0,rsv_vol_37_50_16_160=0.488897,rsv_vol_63_50_16_160=6.66001,rsv_vol_65_50_16_160=0,rsv_vol_67_50_16_160=3249.37,sddp_alpha_0_15=1000
o,15,1,sddp_ecut_0_15_86_35,2.12073e+08,,rsv_vol_1_50_15_150=0,rsv_vol_6_50_15_150=0.375323,rsv_vol_21_50_15_150=0,rsv_vol_28_50_15_150=0,rsv_vol_37_50_15_150=0.336979,rsv_vol_63_50_15_150=4.23819,rsv_vol_65_50_15_150=-16.8182,rsv_vol_67_50_15_150=772.609,sddp_alpha_0_14=1000
o,14,1,sddp_ecut_0_14_86_36,2.51893e+08,,rsv_vol_1_50_14_140=0,rsv_vol_6_50_14_140=0.486347,rsv_vol_21_50_14_140=0,rsv_vol_28_50_14_140=0,rsv_vol_37_50_14_140=0.585543,rsv_vol_63_50_14_140=4.88227,rsv_vol_65_50_14_140=-16.9523,rsv_vol_67_50_14_140=5388.82,sddp_alpha_0_13=1000
o,13,1,sddp_ecut_0_13_86_37,2.17886e+08,,rsv_vol_1_50_13_130=0,rsv_vol_6_50_13_130=0.381142,rsv_vol_21_50_13_130=0,rsv_vol_28_50_13_130=0,rsv_vol_37_50_13_130=0.384669,rsv_vol_63_50_13_130=3.05452,rsv_vol_65_50_13_130=-16.9523,rsv_vol_67_50_13_130=1364.34,sddp_alpha_0_12=1000
o,12,1,sddp_ecut_0_12_86_38,2.49692e+08,,rsv_vol_1_50_12_120=0,rsv_vol_6_50_12_120=0.463542,rsv_vol_21_50_12_120=0,rsv_vol_28_50_12_120=0,rsv_vol_37_50_12_120=0.569366,rsv_vol_63_50_12_120=3.66341,rsv_vol_65_50_12_120=-33.9046,rsv_vol_67_50_12_120=4862.43,sddp_alpha_0_11=1000
o,11,1,sddp_ecut_0_11_86_39,2.19629e+08,,rsv_vol_1_50_11_110=0,rsv_vol_6_50_11_110=0.422289,rsv_vol_21_50_11_110=0,rsv_vol_28_50_11_110=0,rsv_vol_37_50_11_110=0.549519,rsv_vol_63_50_11_110=1.22057,rsv_vol_65_50_11_110=0,rsv_vol_67_50_11_110=1867.99,sddp_alpha_0_10=1000
o,10,1,sddp_ecut_0_10_86_40,2.60918e+08,,rsv_vol_1_50_10_100=0,rsv_vol_6_50_10_100=0.460434,rsv_vol_21_50_10_100=0,rsv_vol_28_50_10_100=0,rsv_vol_37_50_10_100=0.520056,rsv_vol_63_50_10_100=1.2303,rsv_vol_65_50_10_100=-34.175,rsv_vol_67_50_10_100=2725.03,sddp_alpha_0_9=1000
o,9,1,sddp_ecut_0_9_86_41,2.6257e+08,,rsv_vol_1_50_9_90=0,rsv_vol_6_50_9_90=0.471838,rsv_vol_21_50_9_90=0,rsv_vol_28_50_9_90=0,rsv_vol_37_50_9_90=0.533764,rsv_vol_63_50_9_90=0,rsv_vol_65_50_9_90=-17.0875,rsv_vol_67_50_9_90=2030.46,sddp_alpha_0_8=1000
o,8,1,sddp_ecut_0_8_86_42,2.63448e+08,,rsv_vol_1_50_8_80=0,rsv_vol_6_50_8_80=0.479546,rsv_vol_21_50_8_80=0,rsv_vol_28_50_8_80=0,rsv_vol_37_50_8_80=0.774691,rsv_vol_63_50_8_80=0.00579216,rsv_vol_65_50_8_80=-17.0875,rsv_vol_67_50_8_80=4295.42,sddp_alpha_0_7=1000
o,7,1,sddp_ecut_0_7_86_43,2.31658e+08,,rsv_vol_1_50_7_70=0,rsv_vol_6_50_7_70=0.434487,rsv_vol_21_50_7_70=0,rsv_vol_28_50_7_70=0,rsv_vol_37_50_7_70=0.680909,rsv_vol_63_50_7_70=0.00517157,rsv_vol_65_50_7_70=-17.0875,rsv_vol_67_50_7_70=3123.81,sddp_alpha_0_6=1000
o,6,1,sddp_ecut_0_6_86_44,2.81814e+08,,rsv_vol_1_50_6_60=0,rsv_vol_6_50_6_60=0.528607,rsv_vol_21_50_6_60=0,rsv_vol_28_50_6_60=0,rsv_vol_37_50_6_60=0.936707,rsv_vol_63_50_6_60=0.00756529,rsv_vol_65_50_6_60=0,rsv_vol_67_50_6_60=5943.57,sddp_alpha_0_5=1000
o,5,1,sddp_ecut_0_5_86_45,2.81885e+08,,rsv_vol_1_50_5_50=0,rsv_vol_6_50_5_50=0.554327,rsv_vol_21_50_5_50=0,rsv_vol_28_50_5_50=0,rsv_vol_37_50_5_50=0.73746,rsv_vol_63_50_5_50=0.00649041,rsv_vol_65_50_5_50=0,rsv_vol_67_50_5_50=4823.92,sddp_alpha_0_4=1000
o,4,1,sddp_ecut_0_4_86_46,2.83267e+08,,rsv_vol_1_50_4_40=0,rsv_vol_6_50_4_40=0.554263,rsv_vol_21_50_4_40=0,rsv_vol_28_50_4_40=0,rsv_vol_37_50_4_40=0.812836,rsv_vol_63_50_4_40=0,rsv_vol_65_50_4_40=0,rsv_vol_67_50_4_40=2573.44,sddp_alpha_0_3=1000
o,3,1,sddp_ecut_0_3_86_47,2.50811e+08,,rsv_vol_1_50_3_30=0,rsv_vol_6_50_3_30=0.545396,rsv_vol_21_50_3_30=0,rsv_vol_28_50_3_30=0,rsv_vol_37_50_3_30=0.744395,rsv_vol_63_50_3_30=0,rsv_vol_65_50_3_30=-34.4475,rsv_vol_67_50_3_30=2830.48,sddp_alpha_0_2=1000
o,2,1,sddp_ecut_0_2_86_48,2.25338e+08,,rsv_vol_1_50_2_20=0,rsv_vol_6_50_2_20=0.707866,rsv_vol_21_50_2_20=0,rsv_vol_28_50_2_20=0,rsv_vol_37_50_2_20=0.488828,rsv_vol_63_50_2_20=0,rsv_vol_65_50_2_20=-69.4444,rsv_vol_67_50_2_20=6213.54,sddp_alpha_0_1=1000
o,1,1,sddp_ecut_0_1_86_49,2.65508e+08,,rsv_vol_1_50_1_10=0,rsv_vol_6_50_1_10=0.843154,rsv_vol_21_50_1_10=0,rsv_vol_28_50_1_10=0,rsv_vol_37_50_1_10=0.507562,rsv_vol_63_50_1_10=0,rsv_vol_65_50_1_10=-17.3611,rsv_vol_67_50_1_10=9920.79,sddp_alpha_0_0=1000
o,50,1,sddp_ecut_0_50_87_0,7.4197e+08,,rsv_vol_1_50_50_500=0,rsv_vol_6_50_50_500=1.94792,rsv_vol_21_50_50_500=0,rsv_vol_28_50_50_500=0,rsv_vol_37_50_50_500=2.90475,rsv_vol_63_50_50_500=9343.02,rsv_vol_65_50_50_500=35009.8,rsv_vol_67_50_50_500=15127.2,sddp_alpha_0_49=1000
o,49,1,sddp_ecut_0_49_87_1,5.94245e+08,,rsv_vol_1_50_49_490=0,rsv_vol_6_50_49_490=-12.3816,rsv_vol_21_50_49_490=0,rsv_vol_28_50_49_490=0,rsv_vol_37_50_49_490=1.87958,rsv_vol_63_50_49_490=8418.64,rsv_vol_65_50_49_490=0,rsv_vol_67_50_49_490=14416.9,sddp_alpha_0_48=1000
o,48,1,sddp_ecut_0_48_87_2,6.5112e+08,,rsv_vol_1_50_48_480=0,rsv_vol_6_50_48_480=-26.4146,rsv_vol_21_50_48_480=0,rsv_vol_28_50_48_480=0,rsv_vol_37_50_48_480=2.43005,rsv_vol_63_50_48_480=7621.99,rsv_vol_65_50_48_480=0,rsv_vol_67_50_48_480=13639.3,sddp_alpha_0_47=1000
o,47,1,sddp_ecut_0_47_87_3,6.4186e+08,,rsv_vol_1_50_47_470=0,rsv_vol_6_50_47_470=-95.2668,rsv_vol_21_50_47_470=0,rsv_vol_28_50_47_470=0,rsv_vol_37_50_47_470=1.45394,rsv_vol_63_50_47_470=7678.17,rsv_vol_65_50_47_470=0,rsv_vol_67_50_47_470=9022.1,sddp_alpha_0_46=1000
o,46,1,sddp_ecut_0_46_87_4,6.21959e+08,,rsv_vol_1_50_46_460=0,rsv_vol_6_50_46_460=-123.55,rsv_vol_21_50_46_460=0,rsv_vol_28_50_46_460=0,rsv_vol_37_50_46_460=1.76338,rsv_vol_63_50_46_460=7622.2,rsv_vol_65_50_46_460=0,rsv_vol_67_50_46_460=6941.93,sddp_alpha_0_45=1000
o,45,1,sddp_ecut_0_45_87_5,6.87401e+08,,rsv_vol_1_50_45_450=0,rsv_vol_6_50_45_450=0.839902,rsv_vol_21_50_45_450=0,rsv_vol_28_50_45_450=0,rsv_vol_37_50_45_450=2.51234,rsv_vol_63_50_45_450=7123.3,rsv_vol_65_50_45_450=0,rsv_vol_67_50_45_450=11127.6,sddp_alpha_0_44=1000
o,44,1,sddp_ecut_0_44_87_6,6.90026e+08,,rsv_vol_1_50_44_440=0,rsv_vol_6_50_44_440=1.09349,rsv_vol_21_50_44_440=0,rsv_vol_28_50_44_440=0,rsv_vol_37_50_44_440=2.27898,rsv_vol_63_50_44_440=7545.16,rsv_vol_65_50_44_440=-28.0204,rsv_vol_67_50_44_440=10508.2,sddp_alpha_0_43=1000
o,43,1,sddp_ecut_0_43_87_7,7.71882e+08,,rsv_vol_1_50_43_430=0,rsv_vol_6_50_43_430=1.45338,rsv_vol_21_50_43_430=0,rsv_vol_28_50_43_430=0,rsv_vol_37_50_43_430=2.45561,rsv_vol_63_50_43_430=6525.85,rsv_vol_65_50_43_430=-28.2438,rsv_vol_67_50_43_430=12635.8,sddp_alpha_0_42=1000
o,42,1,sddp_ecut_0_42_87_8,8.26884e+08,,rsv_vol_1_50_42_420=0,rsv_vol_6_50_42_420=2.01369,rsv_vol_21_50_42_420=0,rsv_vol_28_50_42_420=0,rsv_vol_37_50_42_420=3.00551,rsv_vol_63_50_42_420=8883.06,rsv_vol_65_50_42_420=-14.2345,rsv_vol_67_50_42_420=14733.5,sddp_alpha_0_41=1000
o,41,1,sddp_ecut_0_41_87_9,8.32332e+08,,rsv_vol_1_50_41_410=0,rsv_vol_6_50_41_410=1.89132,rsv_vol_21_50_41_410=0,rsv_vol_28_50_41_410=0,rsv_vol_37_50_41_410=2.95122,rsv_vol_63_50_41_410=6677.09,rsv_vol_65_50_41_410=4962.15,rsv_vol_67_50_41_410=11700.4,sddp_alpha_0_40=1000
o,40,1,sddp_ecut_0_40_87_10,8.47719e+08,,rsv_vol_1_50_40_400=0,rsv_vol_6_50_40_400=2.03587,rsv_vol_21_50_40_400=0,rsv_vol_28_50_40_400=0,rsv_vol_37_50_40_400=4.35808,rsv_vol_63_50_40_400=8532.25,rsv_vol_65_50_40_400=4695.37,rsv_vol_67_50_40_400=14517.1,sddp_alpha_0_39=1000
o,39,1,sddp_ecut_0_39_87_11,7.73673e+08,,rsv_vol_1_50_39_390=0,rsv_vol_6_50_39_390=1.80547,rsv_vol_21_50_39_390=0,rsv_vol_28_50_39_390=0,rsv_vol_37_50_39_390=3.81567,rsv_vol_63_50_39_390=8647.2,rsv_vol_65_50_39_390=4663.56,rsv_vol_67_50_39_390=15042.9,sddp_alpha_0_38=1000
o,38,1,sddp_ecut_0_38_87_12,7.79346e+08,,rsv_vol_1_50_38_380=0,rsv_vol_6_50_38_380=-12.7532,rsv_vol_21_50_38_380=0,rsv_vol_28_50_38_380=0,rsv_vol_37_50_38_380=2.83015,rsv_vol_63_50_38_380=9549.15,rsv_vol_65_50_38_380=12661.7,rsv_vol_67_50_38_380=-235.104,sddp_alpha_0_37=1000
o,37,1,sddp_ecut_0_37_87_13,6.45813e+08,,rsv_vol_1_50_37_370=0,rsv_vol_6_50_37_370=-13.6252,rsv_vol_21_50_37_370=0,rsv_vol_28_50_37_370=0,rsv_vol_37_50_37_370=2.23528,rsv_vol_63_50_37_370=9443.88,rsv_vol_65_50_37_370=0,rsv_vol_67_50_37_370=15930,sddp_alpha_0_36=1000
o,36,1,sddp_ecut_0_36_87_14,7.0939e+08,,rsv_vol_1_50_36_360=0,rsv_vol_6_50_36_360=-29.2047,rsv_vol_21_50_36_360=0,rsv_vol_28_50_36_360=0,rsv_vol_37_50_36_360=2.77566,rsv_vol_63_50_36_360=9090.91,rsv_vol_65_50_36_360=0,rsv_vol_67_50_36_360=15229.1,sddp_alpha_0_35=1000
o,35,1,sddp_ecut_0_35_87_15,7.38236e+08,,rsv_vol_1_50_35_350=0,rsv_vol_6_50_35_350=-105.102,rsv_vol_21_50_35_350=0,rsv_vol_28_50_35_350=0,rsv_vol_37_50_35_350=0.693072,rsv_vol_63_50_35_350=8573.34,rsv_vol_65_50_35_350=0,rsv_vol_67_50_35_350=3253.05,sddp_alpha_0_34=1000
o,34,1,sddp_ecut_0_34_87_16,7.15841e+08,,rsv_vol_1_50_34_340=0,rsv_vol_6_50_34_340=-29.8209,rsv_vol_21_50_34_340=0,rsv_vol_28_50_34_340=0,rsv_vol_37_50_34_340=1.1029,rsv_vol_63_50_34_340=9189.82,rsv_vol_65_50_34_340=0,rsv_vol_67_50_34_340=1639.13,sddp_alpha_0_33=1000
o,33,1,sddp_ecut_0_33_87_17,7.85711e+08,,rsv_vol_1_50_33_330=0,rsv_vol_6_50_33_330=1.41522,rsv_vol_21_50_33_330=0,rsv_vol_28_50_33_330=0,rsv_vol_37_50_33_330=2.15555,rsv_vol_63_50_33_330=7432.22,rsv_vol_65_50_33_330=0,rsv_vol_67_50_33_330=7990.96,sddp_alpha_0_32=1000
o,32,1,sddp_ecut_0_32_87_18,7.86227e+08,,rsv_vol_1_50_32_320=0,rsv_vol_6_50_32_320=1.50884,rsv_vol_21_50_32_320=0,rsv_vol_28_50_32_320=0,rsv_vol_37_50_32_320=1.93903,rsv_vol_63_50_32_320=4402.97,rsv_vol_65_50_32_320=0,rsv_vol_67_50_32_320=8573.67,sddp_alpha_0_31=1000
o,31,1,sddp_ecut_0_31_87_19,8.80882e+08,,rsv_vol_1_50_31_310=0,rsv_vol_6_50_31_310=1.86777,rsv_vol_21_50_31_310=0,rsv_vol_28_50_31_310=0,rsv_vol_37_50_31_310=2.48662,rsv_vol_63_50_31_310=1807.29,rsv_vol_65_50_31_310=-15.5341,rsv_vol_67_50_31_310=12724.6,sddp_alpha_0_30=1000
o,30,1,sddp_ecut_0_30_87_20,9.50338e+08,,rsv_vol_1_50_30_300=0,rsv_vol_6_50_30_300=2.42933,rsv_vol_21_50_30_300=0,rsv_vol_28_50_30_300=0,rsv_vol_37_50_30_300=3.57529,rsv_vol_63_50_30_300=8717.49,rsv_vol_65_50_30_300=-31.3159,rsv_vol_67_50_30_300=16476.2,sddp_alpha_0_29=1000
o,29,1,sddp_ecut_0_29_87_21,9.75418e+08,,rsv_vol_1_50_29_290=0,rsv_vol_6_50_29_290=3.07721,rsv_vol_21_50_29_290=0,rsv_vol_28_50_29_290=0,rsv_vol_37_50_29_290=2.22383,rsv_vol_63_50_29_290=8648.77,rsv_vol_65_50_29_290=15585.7,rsv_vol_67_50_29_290=3619.72,sddp_alpha_0_28=1000
o,28,1,sddp_ecut_0_28_87_22,1.03339e+09,,rsv_vol_1_50_28_280=0,rsv_vol_6_50_28_280=3.41761,rsv_vol_21_50_28_280=0,rsv_vol_28_50_28_280=0,rsv_vol_37_50_28_280=6.63199,rsv_vol_63_50_28_280=10199,rsv_vol_65_50_28_280=23688.4,rsv_vol_67_50_28_280=1852.15,sddp_alpha_0_27=1000
o,27,1,sddp_ecut_0_27_87_23,9.23448e+08,,rsv_vol_1_50_27_270=0,rsv_vol_6_50_27_270=-30.9372,rsv_vol_21_50_27_270=0,rsv_vol_28_50_27_270=0,rsv_vol_37_50_27_270=1.23183,rsv_vol_63_50_27_270=9289.17,rsv_vol_65_50_27_270=4392.88,rsv_vol_67_50_27_270=-256.569,sddp_alpha_0_26=1000
o,26,1,sddp_ecut_0_26_87_24,9.38607e+08,,rsv_vol_1_50_26_260=0,rsv_vol_6_50_26_260=-47.1974,rsv_vol_21_50_26_260=0,rsv_vol_28_50_26_260=0,rsv_vol_37_50_26_260=5.18722,rsv_vol_63_50_26_260=10361.7,rsv_vol_65_50_26_260=0,rsv_vol_67_50_26_260=17207.8,sddp_alpha_0_25=1000
o,25,1,sddp_ecut_0_25_87_25,8.2928e+08,,rsv_vol_1_50_25_250=0,rsv_vol_6_50_25_250=-63.968,rsv_vol_21_50_25_250=0,rsv_vol_28_50_25_250=0,rsv_vol_37_50_25_250=4.78176,rsv_vol_63_50_25_250=11019,rsv_vol_65_50_25_250=0,rsv_vol_67_50_25_250=18631.8,sddp_alpha_0_24=1000
o,24,1,sddp_ecut_0_24_87_26,9.00769e+08,,rsv_vol_1_50_24_240=0,rsv_vol_6_50_24_240=-146.75,rsv_vol_21_50_24_240=0,rsv_vol_28_50_24_240=0,rsv_vol_37_50_24_240=3.85428,rsv_vol_63_50_24_240=10337,rsv_vol_65_50_24_240=0,rsv_vol_67_50_24_240=17158.7,sddp_alpha_0_23=1000
o,23,1,sddp_ecut_0_23_87_27,8.7139e+08,,rsv_vol_1_50_23_230=0,rsv_vol_6_50_23_230=-115.323,rsv_vol_21_50_23_230=0,rsv_vol_28_50_23_230=0,rsv_vol_37_50_23_230=1.29822,rsv_vol_63_50_23_230=8882.42,rsv_vol_65_50_23_230=0,rsv_vol_67_50_23_230=6594.82,sddp_alpha_0_22=1000
o,22,1,sddp_ecut_0_22_87_28,2.25306e+08,,rsv_vol_1_50_22_220=0,rsv_vol_6_50_22_220=0.3573,rsv_vol_21_50_22_220=0,rsv_vol_28_50_22_220=0,rsv_vol_37_50_22_220=0.483474,rsv_vol_63_50_22_220=7.80866,rsv_vol_65_50_22_220=-16.6852,rsv_vol_67_50_22_220=2751.78,sddp_alpha_0_21=1000
o,21,1,sddp_ecut_0_21_87_29,1.97243e+08,,rsv_vol_1_50_21_210=0,rsv_vol_6_50_21_210=0.327868,rsv_vol_21_50_21_210=0,rsv_vol_28_50_21_210=0,rsv_vol_37_50_21_210=0.353737,rsv_vol_63_50_21_210=7.20799,rsv_vol_65_50_21_210=-16.6852,rsv_vol_67_50_21_210=1323.9,sddp_alpha_0_20=1000
o,20,1,sddp_ecut_0_20_87_30,2.24944e+08,,rsv_vol_1_50_20_200=0,rsv_vol_6_50_20_200=0.396313,rsv_vol_21_50_20_200=0,rsv_vol_28_50_20_200=0,rsv_vol_37_50_20_200=0.345962,rsv_vol_63_50_20_200=6.00666,rsv_vol_65_50_20_200=-50.0555,rsv_vol_67_50_20_200=1140.36,sddp_alpha_0_19=1000
o,19,1,sddp_ecut_0_19_87_31,1.9615e+08,,rsv_vol_1_50_19_190=0,rsv_vol_6_50_19_190=0.358616,rsv_vol_21_50_19_190=0,rsv_vol_28_50_19_190=0,rsv_vol_37_50_19_190=0.248175,rsv_vol_63_50_19_190=7.20799,rsv_vol_65_50_19_190=-50.0555,rsv_vol_67_50_19_190=392.776,sddp_alpha_0_18=1000
o,18,1,sddp_ecut_0_18_87_32,2.4088e+08,,rsv_vol_1_50_18_180=0,rsv_vol_6_50_18_180=0.402678,rsv_vol_21_50_18_180=0,rsv_vol_28_50_18_180=0,rsv_vol_37_50_18_180=0.414202,rsv_vol_63_50_18_180=7.26547,rsv_vol_65_50_18_180=-50.4547,rsv_vol_67_50_18_180=2041.26,sddp_alpha_0_17=1000
o,17,1,sddp_ecut_0_17_87_33,2.42099e+08,,rsv_vol_1_50_17_170=0,rsv_vol_6_50_17_170=0.412814,rsv_vol_21_50_17_170=0,rsv_vol_28_50_17_170=0,rsv_vol_37_50_17_170=0.503725,rsv_vol_63_50_17_170=7.26547,rsv_vol_65_50_17_170=-33.6364,rsv_vol_67_50_17_170=1572.26,sddp_alpha_0_16=1000
o,16,1,sddp_ecut_0_16_87_34,2.42624e+08,,rsv_vol_1_50_16_160=0,rsv_vol_6_50_16_160=0.418494,rsv_vol_21_50_16_160=0,rsv_vol_28_50_16_160=0,rsv_vol_37_50_16_160=0.488897,rsv_vol_63_50_16_160=6.66001,rsv_vol_65_50_16_160=0,rsv_vol_67_50_16_160=3249.37,sddp_alpha_0_15=1000
o,15,1,sddp_ecut_0_15_87_35,2.12073e+08,,rsv_vol_1_50_15_150=0,rsv_vol_6_50_15_150=0.375323,rsv_vol_21_50_15_150=0,rsv_vol_28_50_15_150=0,rsv_vol_37_50_15_150=0.336979,rsv_vol_63_50_15_150=4.23819,rsv_vol_65_50_15_150=-16.8182,rsv_vol_67_50_15_150=772.609,sddp_alpha_0_14=1000
o,14,1,sddp_ecut_0_14_87_36,2.51893e+08,,rsv_vol_1_50_14_140=0,rsv_vol_6_50_14_140=0.486347,rsv_vol_21_50_14_140=0,rsv_vol_28_50_14_140=0,rsv_vol_37_50_14_140=0.585543,rsv_vol_63_50_14_140=4.88227,rsv_vol_65_50_14_140=-16.9523,rsv_vol_67_50_14_140=5388.82,sddp_alpha_0_13=1000
o,13,1,sddp_ecut_0_13_87_37,2.17886e+08,,rsv_vol_1_50_13_130=0,rsv_vol_6_50_13_130=0.381142,rsv_vol_21_50_13_130=0,rsv_vol_28_50_13_130=0,rsv_vol_37_50_13_130=0.384669,rsv_vol_63_50_13_130=3.05446,rsv_vol_65_50_13_130=-16.9523,rsv_vol_67_50_13_130=1364.34,sddp_alpha_0_12=1000
o,12,1,sddp_ecut_0_12_87_38,2.49692e+08,,rsv_vol_1_50_12_120=0,rsv_vol_6_50_12_120=0.463542,rsv_vol_21_50_12_120=0,rsv_vol_28_50_12_120=0,rsv_vol_37_50_12_120=0.569366,rsv_vol_63_50_12_120=3.66341,rsv_vol_65_50_12_120=-33.9046,rsv_vol_67_50_12_120=4862.43,sddp_alpha_0_11=1000
o,11,1,sddp_ecut_0_11_87_39,2.19629e+08,,rsv_vol_1_50_11_110=0,rsv_vol_6_50_11_110=0.422289,rsv_vol_21_50_11_110=0,rsv_vol_28_50_11_110=0,rsv_vol_37_50_11_110=0.549519,rsv_vol_63_50_11_110=1.22057,rsv_vol_65_50_11_110=0,rsv_vol_67_50_11_110=1867.99,sddp_alpha_0_10=1000
o,10,1,sddp_ecut_0_10_87_40,2.60918e+08,,rsv_vol_1_50_10_100=0,rsv_vol_6_50_10_100=0.460434,rsv_vol_21_50_10_100=0,rsv_vol_28_50_10_100=0,rsv_vol_37_50_10_100=0.520056,rsv_vol_63_50_10_100=1.2303,rsv_vol_65_50_10_100=-34.175,rsv_vol_67_50_10_100=2725.03,sddp_alpha_0_9=1000
o,9,1,sddp_ecut_0_9_87_41,2.6257e+08,,rsv_vol_1_50_9_90=0,rsv_vol_6_50_9_90=0.471838,rsv_vol_21_50_9_90=0,rsv_vol_28_50_9_90=0,rsv_vol_37_50_9_90=0.533764,rsv_vol_63_50_9_90=0,rsv_vol_65_50_9_90=-17.0875,rsv_vol_67_50_9_90=2030.46,sddp_alpha_0_8=1000
o,8,1,sddp_ecut_0_8_87_42,2.63448e+08,,rsv_vol_1_50_8_80=0,rsv_vol_6_50_8_80=0.479546,rsv_vol_21_50_8_80=0,rsv_vol_28_50_8_80=0,rsv_vol_37_50_8_80=0.774691,rsv_vol_63_50_8_80=0.00579216,rsv_vol_65_50_8_80=-17.0875,rsv_vol_67_50_8_80=4295.42,sddp_alpha_0_7=1000
o,7,1,sddp_ecut_0_7_87_43,2.31658e+08,,rsv_vol_1_50_7_70=0,rsv_vol_6_50_7_70=0.434487,rsv_vol_21_50_7_70=0,rsv_vol_28_50_7_70=0,rsv_vol_37_50_7_70=0.680909,rsv_vol_63_50_7_70=0.00517157,rsv_vol_65_50_7_70=-17.0875,rsv_vol_67_50_7_70=3123.81,sddp_alpha_0_6=1000
o,6,1,sddp_ecut_0_6_87_44,2.81814e+08,,rsv_vol_1_50_6_60=0,rsv_vol_6_50_6_60=0.528607,rsv_vol_21_50_6_60=0,rsv_vol_28_50_6_60=0,rsv_vol_37_50_6_60=0.936707,rsv_vol_63_50_6_60=0.00756529,rsv_vol_65_50_6_60=0,rsv_vol_67_50_6_60=5943.57,sddp_alpha_0_5=1000
o,5,1,sddp_ecut_0_5_87_45,2.81885e+08,,rsv_vol_1_50_5_50=0,rsv_vol_6_50_5_50=0.554327,rsv_vol_21_50_5_50=0,rsv_vol_28_50_5_50=0,rsv_vol_37_50_5_50=0.73746,rsv_vol_63_50_5_50=0.00649041,rsv_vol_65_50_5_50=0,rsv_vol_67_50_5_50=4823.92,sddp_alpha_0_4=1000
o,4,1,sddp_ecut_0_4_87_46,2.83267e+08,,rsv_vol_1_50_4_40=0,rsv_vol_6_50_4_40=0.554263,rsv_vol_21_50_4_40=0,rsv_vol_28_50_4_40=0,rsv_vol_37_50_4_40=0.812836,rsv_vol_63_50_4_40=0,rsv_vol_65_50_4_40=0,rsv_vol_67_50_4_40=2573.44,sddp_alpha_0_3=1000
o,3,1,sddp_ecut_0_3_87_47,2.50811e+08,,rsv_vol_1_50_3_30=0,rsv_vol_6_50_3_30=0.545396,rsv_vol_21_50_3_30=0,rsv_vol_28_50_3_30=0,rsv_vol_37_50_3_30=0.744395,rsv_vol_63_50_3_30=0,rsv_vol_65_50_3_30=-34.4475,rsv_vol_67_50_3_30=2830.48,sddp_alpha_0_2=1000
o,2,1,sddp_ecut_0_2_87_48,2.25338e+08,,rsv_vol_1_50_2_20=0,rsv_vol_6_50_2_20=0.707866,rsv_vol_21_50_2_20=0,rsv_vol_28_50_2_20=0,rsv_vol_37_50_2_20=0.488828,rsv_vol_63_50_2_20=0,rsv_vol_65_50_2_20=-69.4444,rsv_vol_67_50_2_20=6213.54,sddp_alpha_0_1=1000
o,1,1,sddp_ecut_0_1_87_49,2.65508e+08,,rsv_vol_1_50_1_10=0,rsv_vol_6_50_1_10=0.843154,rsv_vol_21_50_1_10=0,rsv_vol_28_50_1_10=0,rsv_vol_37_50_1_10=0.507562,rsv_vol_63_50_1_10=0,rsv_vol_65_50_1_10=-17.3611,rsv_vol_67_50_1_10=9920.79,sddp_alpha_0_0=1000
o,50,1,sddp_ecut_0_50_88_0,7.4197e+08,,rsv_vol_1_50_50_500=0,rsv_vol_6_50_50_500=1.94792,rsv_vol_21_50_50_500=0,rsv_vol_28_50_50_500=0,rsv_vol_37_50_50_500=2.90475,rsv_vol_63_50_50_500=9343.02,rsv_vol_65_50_50_500=35009.8,rsv_vol_67_50_50_500=15127.2,sddp_alpha_0_49=1000
o,49,1,sddp_ecut_0_49_88_1,5.94245e+08,,rsv_vol_1_50_49_490=0,rsv_vol_6_50_49_490=-12.3816,rsv_vol_21_50_49_490=0,rsv_vol_28_50_49_490=0,rsv_vol_37_50_49_490=1.87958,rsv_vol_63_50_49_490=8418.64,rsv_vol_65_50_49_490=0,rsv_vol_67_50_49_490=14416.9,sddp_alpha_0_48=1000
o,48,1,sddp_ecut_0_48_88_2,6.5112e+08,,rsv_vol_1_50_48_480=0,rsv_vol_6_50_48_480=-26.4146,rsv_vol_21_50_48_480=0,rsv_vol_28_50_48_480=0,rsv_vol_37_50_48_480=2.43005,rsv_vol_63_50_48_480=7621.99,rsv_vol_65_50_48_480=0,rsv_vol_67_50_48_480=13639.3,sddp_alpha_0_47=1000
o,47,1,sddp_ecut_0_47_88_3,6.4186e+08,,rsv_vol_1_50_47_470=0,rsv_vol_6_50_47_470=-95.2668,rsv_vol_21_50_47_470=0,rsv_vol_28_50_47_470=0,rsv_vol_37_50_47_470=1.45394,rsv_vol_63_50_47_470=7678.17,rsv_vol_65_50_47_470=0,rsv_vol_67_50_47_470=9022.1,sddp_alpha_0_46=1000
o,46,1,sddp_ecut_0_46_88_4,6.21959e+08,,rsv_vol_1_50_46_460=0,rsv_vol_6_50_46_460=-123.55,rsv_vol_21_50_46_460=0,rsv_vol_28_50_46_460=0,rsv_vol_37_50_46_460=1.76338,rsv_vol_63_50_46_460=7622.2,rsv_vol_65_50_46_460=0,rsv_vol_67_50_46_460=6941.93,sddp_alpha_0_45=1000
o,45,1,sddp_ecut_0_45_88_5,6.87401e+08,,rsv_vol_1_50_45_450=0,rsv_vol_6_50_45_450=0.839902,rsv_vol_21_50_45_450=0,rsv_vol_28_50_45_450=0,rsv_vol_37_50_45_450=2.51234,rsv_vol_63_50_45_450=7123.3,rsv_vol_65_50_45_450=0,rsv_vol_67_50_45_450=11127.6,sddp_alpha_0_44=1000
o,44,1,sddp_ecut_0_44_88_6,6.90026e+08,,rsv_vol_1_50_44_440=0,rsv_vol_6_50_44_440=1.09349,rsv_vol_21_50_44_440=0,rsv_vol_28_50_44_440=0,rsv_vol_37_50_44_440=2.27898,rsv_vol_63_50_44_440=7545.16,rsv_vol_65_50_44_440=-28.0204,rsv_vol_67_50_44_440=10508.2,sddp_alpha_0_43=1000
o,43,1,sddp_ecut_0_43_88_7,7.71882e+08,,rsv_vol_1_50_43_430=0,rsv_vol_6_50_43_430=1.45338,rsv_vol_21_50_43_430=0,rsv_vol_28_50_43_430=0,rsv_vol_37_50_43_430=2.45561,rsv_vol_63_50_43_430=6525.85,rsv_vol_65_50_43_430=-28.2438,rsv_vol_67_50_43_430=12635.8,sddp_alpha_0_42=1000
o,42,1,sddp_ecut_0_42_88_8,8.26884e+08,,rsv_vol_1_50_42_420=0,rsv_vol_6_50_42_420=2.01369,rsv_vol_21_50_42_420=0,rsv_vol_28_50_42_420=0,rsv_vol_37_50_42_420=3.00551,rsv_vol_63_50_42_420=8883.06,rsv_vol_65_50_42_420=-14.2345,rsv_vol_67_50_42_420=14733.5,sddp_alpha_0_41=1000
o,41,1,sddp_ecut_0_41_88_9,8.32332e+08,,rsv_vol_1_50_41_410=0,rsv_vol_6_50_41_410=1.89132,rsv_vol_21_50_41_410=0,rsv_vol_28_50_41_410=0,rsv_vol_37_50_41_410=2.95122,rsv_vol_63_50_41_410=6677.09,rsv_vol_65_50_41_410=4962.15,rsv_vol_67_50_41_410=11700.4,sddp_alpha_0_40=1000
o,40,1,sddp_ecut_0_40_88_10,8.47719e+08,,rsv_vol_1_50_40_400=0,rsv_vol_6_50_40_400=2.03587,rsv_vol_21_50_40_400=0,rsv_vol_28_50_40_400=0,rsv_vol_37_50_40_400=4.35808,rsv_vol_63_50_40_400=8532.25,rsv_vol_65_50_40_400=4695.37,rsv_vol_67_50_40_400=14517.1,sddp_alpha_0_39=1000
o,39,1,sddp_ecut_0_39_88_11,7.73673e+08,,rsv_vol_1_50_39_390=0,rsv_vol_6_50_39_390=1.80547,rsv_vol_21_50_39_390=0,rsv_vol_28_50_39_390=0,rsv_vol_37_50_39_390=3.81567,rsv_vol_63_50_39_390=8647.2,rsv_vol_65_50_39_390=4663.56,rsv_vol_67_50_39_390=15042.9,sddp_alpha_0_38=1000
o,38,1,sddp_ecut_0_38_88_12,7.79346e+08,,rsv_vol_1_50_38_380=0,rsv_vol_6_50_38_380=-12.7532,rsv_vol_21_50_38_380=0,rsv_vol_28_50_38_380=0,rsv_vol_37_50_38_380=2.83015,rsv_vol_63_50_38_380=9549.15,rsv_vol_65_50_38_380=12661.7,rsv_vol_67_50_38_380=-235.104,sddp_alpha_0_37=1000
o,37,1,sddp_ecut_0_37_88_13,6.45813e+08,,rsv_vol_1_50_37_370=0,rsv_vol_6_50_37_370=-13.6252,rsv_vol_21_50_37_370=0,rsv_vol_28_50_37_370=0,rsv_vol_37_50_37_370=2.23528,rsv_vol_63_50_37_370=9443.88,rsv_vol_65_50_37_370=0,rsv_vol_67_50_37_370=15930,sddp_alpha_0_36=1000
o,36,1,sddp_ecut_0_36_88_14,7.0939e+08,,rsv_vol_1_50_36_360=0,rsv_vol_6_50_36_360=-29.2047,rsv_vol_21_50_36_360=0,rsv_vol_28_50_36_360=0,rsv_vol_37_50_36_360=2.77566,rsv_vol_63_50_36_360=9090.91,rsv_vol_65_50_36_360=0,rsv_vol_67_50_36_360=15229.1,sddp_alpha_0_35=1000
o,35,1,sddp_ecut_0_35_88_15,7.38236e+08,,rsv_vol_1_50_35_350=0,rsv_vol_6_50_35_350=-105.102,rsv_vol_21_50_35_350=0,rsv_vol_28_50_35_350=0,rsv_vol_37_50_35_350=0.693072,rsv_vol_63_50_35_350=8573.34,rsv_vol_65_50_35_350=0,rsv_vol_67_50_35_350=3253.05,sddp_alpha_0_34=1000
o,34,1,sddp_ecut_0_34_88_16,7.15841e+08,,rsv_vol_1_50_34_340=0,rsv_vol_6_50_34_340=-29.8209,rsv_vol_21_50_34_340=0,rsv_vol_28_50_34_340=0,rsv_vol_37_50_34_340=1.1029,rsv_vol_63_50_34_340=9189.82,rsv_vol_65_50_34_340=0,rsv_vol_67_50_34_340=1639.13,sddp_alpha_0_33=1000
o,33,1,sddp_ecut_0_33_88_17,7.85711e+08,,rsv_vol_1_50_33_330=0,rsv_vol_6_50_33_330=1.41522,rsv_vol_21_50_33_330=0,rsv_vol_28_50_33_330=0,rsv_vol_37_50_33_330=2.15555,rsv_vol_63_50_33_330=7432.22,rsv_vol_65_50_33_330=0,rsv_vol_67_50_33_330=7990.96,sddp_alpha_0_32=1000
o,32,1,sddp_ecut_0_32_88_18,7.86227e+08,,rsv_vol_1_50_32_320=0,rsv_vol_6_50_32_320=1.50884,rsv_vol_21_50_32_320=0,rsv_vol_28_50_32_320=0,rsv_vol_37_50_32_320=1.93903,rsv_vol_63_50_32_320=4402.97,rsv_vol_65_50_32_320=0,rsv_vol_67_50_32_320=8573.67,sddp_alpha_0_31=1000
o,31,1,sddp_ecut_0_31_88_19,8.80882e+08,,rsv_vol_1_50_31_310=0,rsv_vol_6_50_31_310=1.86777,rsv_vol_21_50_31_310=0,rsv_vol_28_50_31_310=0,rsv_vol_37_50_31_310=2.48662,rsv_vol_63_50_31_310=1807.29,rsv_vol_65_50_31_310=-15.5341,rsv_vol_67_50_31_310=12724.6,sddp_alpha_0_30=1000
o,30,1,sddp_ecut_0_30_88_20,9.50338e+08,,rsv_vol_1_50_30_300=0,rsv_vol_6_50_30_300=2.42933,rsv_vol_21_50_30_300=0,rsv_vol_28_50_30_300=0,rsv_vol_37_50_30_300=3.57529,rsv_vol_63_50_30_300=8717.49,rsv_vol_65_50_30_300=-31.3159,rsv_vol_67_50_30_300=16476.2,sddp_alpha_0_29=1000
o,29,1,sddp_ecut_0_29_88_21,9.75418e+08,,rsv_vol_1_50_29_290=0,rsv_vol_6_50_29_290=3.07721,rsv_vol_21_50_29_290=0,rsv_vol_28_50_29_290=0,rsv_vol_37_50_29_290=2.22383,rsv_vol_63_50_29_290=8648.77,rsv_vol_65_50_29_290=15585.7,rsv_vol_67_50_29_290=3619.72,sddp_alpha_0_28=1000
o,28,1,sddp_ecut_0_28_88_22,1.03339e+09,,rsv_vol_1_50_28_280=0,rsv_vol_6_50_28_280=3.41761,rsv_vol_21_50_28_280=0,rsv_vol_28_50_28_280=0,rsv_vol_37_50_28_280=6.63199,rsv_vol_63_50_28_280=10199,rsv_vol_65_50_28_280=23688.4,rsv_vol_67_50_28_280=1852.15,sddp_alpha_0_27=1000
o,27,1,sddp_ecut_0_27_88_23,9.23448e+08,,rsv_vol_1_50_27_270=0,rsv_vol_6_50_27_270=-30.9372,rsv_vol_21_50_27_270=0,rsv_vol_28_50_27_270=0,rsv_vol_37_50_27_270=1.23183,rsv_vol_63_50_27_270=9289.17,rsv_vol_65_50_27_270=4392.88,rsv_vol_67_50_27_270=-256.569,sddp_alpha_0_26=1000
o,26,1,sddp_ecut_0_26_88_24,9.38607e+08,,rsv_vol_1_50_26_260=0,rsv_vol_6_50_26_260=-47.1974,rsv_vol_21_50_26_260=0,rsv_vol_28_50_26_260=0,rsv_vol_37_50_26_260=5.18722,rsv_vol_63_50_26_260=10361.7,rsv_vol_65_50_26_260=0,rsv_vol_67_50_26_260=17207.8,sddp_alpha_0_25=1000
o,25,1,sddp_ecut_0_25_88_25,8.2928e+08,,rsv_vol_1_50_25_250=0,rsv_vol_6_50_25_250=-63.968,rsv_vol_21_50_25_250=0,rsv_vol_28_50_25_250=0,rsv_vol_37_50_25_250=4.78176,rsv_vol_63_50_25_250=11019,rsv_vol_65_50_25_250=0,rsv_vol_67_50_25_250=18631.8,sddp_alpha_0_24=1000
o,24,1,sddp_ecut_0_24_88_26,9.00769e+08,,rsv_vol_1_50_24_240=0,rsv_vol_6_50_24_240=-146.75,rsv_vol_21_50_24_240=0,rsv_vol_28_50_24_240=0,rsv_vol_37_50_24_240=3.85428,rsv_vol_63_50_24_240=10337,rsv_vol_65_50_24_240=0,rsv_vol_67_50_24_240=17158.7,sddp_alpha_0_23=1000
o,23,1,sddp_ecut_0_23_88_27,8.7139e+08,,rsv_vol_1_50_23_230=0,rsv_vol_6_50_23_230=-115.323,rsv_vol_21_50_23_230=0,rsv_vol_28_50_23_230=0,rsv_vol_37_50_23_230=1.29822,rsv_vol_63_50_23_230=8882.42,rsv_vol_65_50_23_230=0,rsv_vol_67_50_23_230=6594.82,sddp_alpha_0_22=1000
o,22,1,sddp_ecut_0_22_88_28,2.25306e+08,,rsv_vol_1_50_22_220=0,rsv_vol_6_50_22_220=0.3573,rsv_vol_21_50_22_220=0,rsv_vol_28_50_22_220=0,rsv_vol_37_50_22_220=0.483474,rsv_vol_63_50_22_220=7.80866,rsv_vol_65_50_22_220=-16.6852,rsv_vol_67_50_22_220=2751.78,sddp_alpha_0_21=1000
o,21,1,sddp_ecut_0_21_88_29,1.97243e+08,,rsv_vol_1_50_21_210=0,rsv_vol_6_50_21_210=0.327868,rsv_vol_21_50_21_210=0,rsv_vol_28_50_21_210=0,rsv_vol_37_50_21_210=0.353737,rsv_vol_63_50_21_210=7.20799,rsv_vol_65_50_21_210=-16.6852,rsv_vol_67_50_21_210=1323.9,sddp_alpha_0_20=1000
o,20,1,sddp_ecut_0_20_88_30,2.24944e+08,,rsv_vol_1_50_20_200=0,rsv_vol_6_50_20_200=0.396313,rsv_vol_21_50_20_200=0,rsv_vol_28_50_20_200=0,rsv_vol_37_50_20_200=0.345962,rsv_vol_63_50_20_200=6.00666,rsv_vol_65_50_20_200=-50.0555,rsv_vol_67_50_20_200=1140.36,sddp_alpha_0_19=1000
o,19,1,sddp_ecut_0_19_88_31,1.9615e+08,,rsv_vol_1_50_19_190=0,rsv_vol_6_50_19_190=0.358616,rsv_vol_21_50_19_190=0,rsv_vol_28_50_19_190=0,rsv_vol_37_50_19_190=0.248175,rsv_vol_63_50_19_190=7.20799,rsv_vol_65_50_19_190=-50.0555,rsv_vol_67_50_19_190=392.776,sddp_alpha_0_18=1000
o,18,1,sddp_ecut_0_18_88_32,2.4088e+08,,rsv_vol_1_50_18_180=0,rsv_vol_6_50_18_180=0.402678,rsv_vol_21_50_18_180=0,rsv_vol_28_50_18_180=0,rsv_vol_37_50_18_180=0.414202,rsv_vol_63_50_18_180=7.26547,rsv_vol_65_50_18_180=-50.4547,rsv_vol_67_50_18_180=2041.26,sddp_alpha_0_17=1000
o,17,1,sddp_ecut_0_17_88_33,2.42099e+08,,rsv_vol_1_50_17_170=0,rsv_vol_6_50_17_170=0.412814,rsv_vol_21_50_17_170=0,rsv_vol_28_50_17_170=0,rsv_vol_37_50_17_170=0.503725,rsv_vol_63_50_17_170=7.26547,rsv_vol_65_50_17_170=-33.6364,rsv_vol_67_50_17_170=1572.26,sddp_alpha_0_16=1000
o,16,1,sddp_ecut_0_16_88_34,2.42624e+08,,rsv_vol_1_50_16_160=0,rsv_vol_6_50_16_160=0.418494,rsv_vol_21_50_16_160=0,rsv_vol_28_50_16_160=0,rsv_vol_37_50_16_160=0.488897,rsv_vol_63_50_16_160=6.66001,rsv_vol_65_50_16_160=0,rsv_vol_67_50_16_160=3249.37,sddp_alpha_0_15=1000
o,15,1,sddp_ecut_0_15_88_35,2.12073e+08,,rsv_vol_1_50_15_150=0,rsv_vol_6_50_15_150=0.375323,rsv_vol_21_50_15_150=0,rsv_vol_28_50_15_150=0,rsv_vol_37_50_15_150=0.336979,rsv_vol_63_50_15_150=4.23819,rsv_vol_65_50_15_150=-16.8182,rsv_vol_67_50_15_150=772.609,sddp_alpha_0_14=1000
o,14,1,sddp_ecut_0_14_88_36,2.51893e+08,,rsv_vol_1_50_14_140=0,rsv_vol_6_50_14_140=0.486347,rsv_vol_21_50_14_140=0,rsv_vol_28_50_14_140=0,rsv_vol_37_50_14_140=0.585543,rsv_vol_63_50_14_140=4.88227,rsv_vol_65_50_14_140=-16.9523,rsv_vol_67_50_14_140=5388.82,sddp_alpha_0_13=1000
o,13,1,sddp_ecut_0_13_88_37,2.17886e+08,,rsv_vol_1_50_13_130=0,rsv_vol_6_50_13_130=0.381142,rsv_vol_21_50_13_130=0,rsv_vol_28_50_13_130=0,rsv_vol_37_50_13_130=0.384669,rsv_vol_63_50_13_130=3.0545,rsv_vol_65_50_13_130=-16.9523,rsv_vol_67_50_13_130=1364.34,sddp_alpha_0_12=1000
o,12,1,sddp_ecut_0_12_88_38,2.49692e+08,,rsv_vol_1_50_12_120=0,rsv_vol_6_50_12_120=0.463542,rsv_vol_21_50_12_120=0,rsv_vol_28_50_12_120=0,rsv_vol_37_50_12_120=0.569366,rsv_vol_63_50_12_120=3.66341,rsv_vol_65_50_12_120=-33.9046,rsv_vol_67_50_12_120=4862.43,sddp_alpha_0_11=1000
o,11,1,sddp_ecut_0_11_88_39,2.19629e+08,,rsv_vol_1_50_11_110=0,rsv_vol_6_50_11_110=0.422289,rsv_vol_21_50_11_110=0,rsv_vol_28_50_11_110=0,rsv_vol_37_50_11_110=0.549519,rsv_vol_63_50_11_110=1.22057,rsv_vol_65_50_11_110=0,rsv_vol_67_50_11_110=1867.99,sddp_alpha_0_10=1000
o,10,1,sddp_ecut_0_10_88_40,2.60918e+08,,rsv_vol_1_50_10_100=0,rsv_vol_6_50_10_100=0.460434,rsv_vol_21_50_10_100=0,rsv_vol_28_50_10_100=0,rsv_vol_37_50_10_100=0.520056,rsv_vol_63_50_10_100=1.2303,rsv_vol_65_50_10_100=-34.175,rsv_vol_67_50_10_100=2725.03,sddp_alpha_0_9=1000
o,9,1,sddp_ecut_0_9_88_41,2.6257e+08,,rsv_vol_1_50_9_90=0,rsv_vol_6_50_9_90=0.471838,rsv_vol_21_50_9_90=0,rsv_vol_28_50_9_90=0,rsv_vol_37_50_9_90=0.533764,rsv_vol_63_50_9_90=0,rsv_vol_65_50_9_90=-17.0875,rsv_vol_67_50_9_90=2030.46,sddp_alpha_0_8=1000
o,8,1,sddp_ecut_0_8_88_42,2.63448e+08,,rsv_vol_1_50_8_80=0,rsv_vol_6_50_8_80=0.479546,rsv_vol_21_50_8_80=0,rsv_vol_28_50_8_80=0,rsv_vol_37_50_8_80=0.774691,rsv_vol_63_50_8_80=0.00579216,rsv_vol_65_50_8_80=-17.0875,rsv_vol_67_50_8_80=4295.42,sddp_alpha_0_7=1000
o,7,1,sddp_ecut_0_7_88_43,2.31658e+08,,rsv_vol_1_50_7_70=0,rsv_vol_6_50_7_70=0.434487,rsv_vol_21_50_7_70=0,rsv_vol_28_50_7_70=0,rsv_vol_37_50_7_70=0.680909,rsv_vol_63_50_7_70=0.00517157,rsv_vol_65_50_7_70=-17.0875,rsv_vol_67_50_7_70=3123.81,sddp_alpha_0_6=1000
o,6,1,sddp_ecut_0_6_88_44,2.81814e+08,,rsv_vol_1_50_6_60=0,rsv_vol_6_50_6_60=0.528607,rsv_vol_21_50_6_60=0,rsv_vol_28_50_6_60=0,rsv_vol_37_50_6_60=0.936707,rsv_vol_63_50_6_60=0.00758105,rsv_vol_65_50_6_60=0,rsv_vol_67_50_6_60=5943.57,sddp_alpha_0_5=1000
o,5,1,sddp_ecut_0_5_88_45,2.81885e+08,,rsv_vol_1_50_5_50=0,rsv_vol_6_50_5_50=0.554327,rsv_vol_21_50_5_50=0,rsv_vol_28_50_5_50=0,rsv_vol_37_50_5_50=0.73746,rsv_vol_63_50_5_50=0.00649041,rsv_vol_65_50_5_50=0,rsv_vol_67_50_5_50=4823.92,sddp_alpha_0_4=1000
o,4,1,sddp_ecut_0_4_88_46,2.83267e+08,,rsv_vol_1_50_4_40=0,rsv_vol_6_50_4_40=0.554263,rsv_vol_21_50_4_40=0,rsv_vol_28_50_4_40=0,rsv_vol_37_50_4_40=0.812836,rsv_vol_63_50_4_40=0,rsv_vol_65_50_4_40=0,rsv_vol_67_50_4_40=2573.44,sddp_alpha_0_3=1000
o,3,1,sddp_ecut_0_3_88_47,2.50811e+08,,rsv_vol_1_50_3_30=0,rsv_vol_6_50_3_30=0.545396,rsv_vol_21_50_3_30=0,rsv_vol_28_50_3_30=0,rsv_vol_37_50_3_30=0.744395,rsv_vol_63_50_3_30=0,rsv_vol_65_50_3_30=-34.4475,rsv_vol_67_50_3_30=2830.48,sddp_alpha_0_2=1000
o,2,1,sddp_ecut_0_2_88_48,2.25338e+08,,rsv_vol_1_50_2_20=0,rsv_vol_6_50_2_20=0.707866,rsv_vol_21_50_2_20=0,rsv_vol_28_50_2_20=0,rsv_vol_37_50_2_20=0.488828,rsv_vol_63_50_2_20=0,rsv_vol_65_50_2_20=-69.4444,rsv_vol_67_50_2_20=6213.54,sddp_alpha_0_1=1000
o,1,1,sddp_ecut_0_1_88_49,2.65508e+08,,rsv_vol_1_50_1_10=0,rsv_vol_6_50_1_10=0.843154,rsv_vol_21_50_1_10=0,rsv_vol_28_50_1_10=0,rsv_vol_37_50_1_10=0.507562,rsv_vol_63_50_1_10=0,rsv_vol_65_50_1_10=-17.3611,rsv_vol_67_50_1_10=9920.79,sddp_alpha_0_0=1000
o,50,1,sddp_ecut_0_50_89_0,7.4197e+08,,rsv_vol_1_50_50_500=0,rsv_vol_6_50_50_500=1.94792,rsv_vol_21_50_50_500=0,rsv_vol_28_50_50_500=0,rsv_vol_37_50_50_500=2.90475,rsv_vol_63_50_50_500=9343.02,rsv_vol_65_50_50_500=35009.8,rsv_vol_67_50_50_500=15127.2,sddp_alpha_0_49=1000
o,49,1,sddp_ecut_0_49_89_1,5.94245e+08,,rsv_vol_1_50_49_490=0,rsv_vol_6_50_49_490=-12.3816,rsv_vol_21_50_49_490=0,rsv_vol_28_50_49_490=0,rsv_vol_37_50_49_490=1.87958,rsv_vol_63_50_49_490=8418.64,rsv_vol_65_50_49_490=0,rsv_vol_67_50_49_490=14416.9,sddp_alpha_0_48=1000
o,48,1,sddp_ecut_0_48_89_2,6.5112e+08,,rsv_vol_1_50_48_480=0,rsv_vol_6_50_48_480=-26.4146,rsv_vol_21_50_48_480=0,rsv_vol_28_50_48_480=0,rsv_vol_37_50_48_480=2.43005,rsv_vol_63_50_48_480=7621.99,rsv_vol_65_50_48_480=0,rsv_vol_67_50_48_480=13639.3,sddp_alpha_0_47=1000
o,47,1,sddp_ecut_0_47_89_3,6.4186e+08,,rsv_vol_1_50_47_470=0,rsv_vol_6_50_47_470=-95.2668,rsv_vol_21_50_47_470=0,rsv_vol_28_50_47_470=0,rsv_vol_37_50_47_470=1.45394,rsv_vol_63_50_47_470=7678.17,rsv_vol_65_50_47_470=0,rsv_vol_67_50_47_470=9022.1,sddp_alpha_0_46=1000
o,46,1,sddp_ecut_0_46_89_4,6.21959e+08,,rsv_vol_1_50_46_460=0,rsv_vol_6_50_46_460=-123.55,rsv_vol_21_50_46_460=0,rsv_vol_28_50_46_460=0,rsv_vol_37_50_46_460=1.76338,rsv_vol_63_50_46_460=7622.2,rsv_vol_65_50_46_460=0,rsv_vol_67_50_46_460=6941.93,sddp_alpha_0_45=1000
o,45,1,sddp_ecut_0_45_89_5,6.87401e+08,,rsv_vol_1_50_45_450=0,rsv_vol_6_50_45_450=0.839902,rsv_vol_21_50_45_450=0,rsv_vol_28_50_45_450=0,rsv_vol_37_50_45_450=2.51234,rsv_vol_63_50_45_450=7123.3,rsv_vol_65_50_45_450=0,rsv_vol_67_50_45_450=11127.6,sddp_alpha_0_44=1000
o,44,1,sddp_ecut_0_44_89_6,6.90026e+08,,rsv_vol_1_50_44_440=0,rsv_vol_6_50_44_440=1.09349,rsv_vol_21_50_44_440=0,rsv_vol_28_50_44_440=0,rsv_vol_37_50_44_440=2.27898,rsv_vol_63_50_44_440=7545.16,rsv_vol_65_50_44_440=-28.0204,rsv_vol_67_50_44_440=10508.2,sddp_alpha_0_43=1000
o,43,1,sddp_ecut_0_43_89_7,7.71882e+08,,rsv_vol_1_50_43_430=0,rsv_vol_6_50_43_430=1.45338,rsv_vol_21_50_43_430=0,rsv_vol_28_50_43_430=0,rsv_vol_37_50_43_430=2.45561,rsv_vol_63_50_43_430=6525.85,rsv_vol_65_50_43_430=-28.2438,rsv_vol_67_50_43_430=12635.8,sddp_alpha_0_42=1000
o,42,1,sddp_ecut_0_42_89_8,8.26884e+08,,rsv_vol_1_50_42_420=0,rsv_vol_6_50_42_420=2.01369,rsv_vol_21_50_42_420=0,rsv_vol_28_50_42_420=0,rsv_vol_37_50_42_420=3.00551,rsv_vol_63_50_42_420=8883.06,rsv_vol_65_50_42_420=-14.2345,rsv_vol_67_50_42_420=14733.5,sddp_alpha_0_41=1000
o,41,1,sddp_ecut_0_41_89_9,8.32332e+08,,rsv_vol_1_50_41_410=0,rsv_vol_6_50_41_410=1.89132,rsv_vol_21_50_41_410=0,rsv_vol_28_50_41_410=0,rsv_vol_37_50_41_410=2.95122,rsv_vol_63_50_41_410=6677.09,rsv_vol_65_50_41_410=4962.15,rsv_vol_67_50_41_410=11700.4,sddp_alpha_0_40=1000
o,40,1,sddp_ecut_0_40_89_10,8.47719e+08,,rsv_vol_1_50_40_400=0,rsv_vol_6_50_40_400=2.03587,rsv_vol_21_50_40_400=0,rsv_vol_28_50_40_400=0,rsv_vol_37_50_40_400=4.35808,rsv_vol_63_50_40_400=8532.25,rsv_vol_65_50_40_400=4695.37,rsv_vol_67_50_40_400=14517.1,sddp_alpha_0_39=1000
o,39,1,sddp_ecut_0_39_89_11,7.73673e+08,,rsv_vol_1_50_39_390=0,rsv_vol_6_50_39_390=1.80547,rsv_vol_21_50_39_390=0,rsv_vol_28_50_39_390=0,rsv_vol_37_50_39_390=3.81567,rsv_vol_63_50_39_390=8647.2,rsv_vol_65_50_39_390=4663.56,rsv_vol_67_50_39_390=15042.9,sddp_alpha_0_38=1000
o,38,1,sddp_ecut_0_38_89_12,7.79346e+08,,rsv_vol_1_50_38_380=0,rsv_vol_6_50_38_380=-12.7532,rsv_vol_21_50_38_380=0,rsv_vol_28_50_38_380=0,rsv_vol_37_50_38_380=2.83015,rsv_vol_63_50_38_380=9549.15,rsv_vol_65_50_38_380=12661.7,rsv_vol_67_50_38_380=-235.104,sddp_alpha_0_37=1000
o,37,1,sddp_ecut_0_37_89_13,6.45813e+08,,rsv_vol_1_50_37_370=0,rsv_vol_6_50_37_370=-13.6252,rsv_vol_21_50_37_370=0,rsv_vol_28_50_37_370=0,rsv_vol_37_50_37_370=2.23528,rsv_vol_63_50_37_370=9443.88,rsv_vol_65_50_37_370=0,rsv_vol_67_50_37_370=15930,sddp_alpha_0_36=1000
o,36,1,sddp_ecut_0_36_89_14,7.0939e+08,,rsv_vol_1_50_36_360=0,rsv_vol_6_50_36_360=-29.2047,rsv_vol_21_50_36_360=0,rsv_vol_28_50_36_360=0,rsv_vol_37_50_36_360=2.77566,rsv_vol_63_50_36_360=9090.91,rsv_vol_65_50_36_360=0,rsv_vol_67_50_36_360=15229.1,sddp_alpha_0_35=1000
o,35,1,sddp_ecut_0_35_89_15,7.38236e+08,,rsv_vol_1_50_35_350=0,rsv_vol_6_50_35_350=-105.102,rsv_vol_21_50_35_350=0,rsv_vol_28_50_35_350=0,rsv_vol_37_50_35_350=0.693072,rsv_vol_63_50_35_350=8573.34,rsv_vol_65_50_35_350=0,rsv_vol_67_50_35_350=3253.05,sddp_alpha_0_34=1000
o,34,1,sddp_ecut_0_34_89_16,7.15841e+08,,rsv_vol_1_50_34_340=0,rsv_vol_6_50_34_340=-29.8209,rsv_vol_21_50_34_340=0,rsv_vol_28_50_34_340=0,rsv_vol_37_50_34_340=1.1029,rsv_vol_63_50_34_340=9189.82,rsv_vol_65_50_34_340=0,rsv_vol_67_50_34_340=1639.13,sddp_alpha_0_33=1000
o,33,1,sddp_ecut_0_33_89_17,7.85711e+08,,rsv_vol_1_50_33_330=0,rsv_vol_6_50_33_330=1.41522,rsv_vol_21_50_33_330=0,rsv_vol_28_50_33_330=0,rsv_vol_37_50_33_330=2.15555,rsv_vol_63_50_33_330=7432.22,rsv_vol_65_50_33_330=0,rsv_vol_67_50_33_330=7990.96,sddp_alpha_0_32=1000
o,32,1,sddp_ecut_0_32_89_18,7.86227e+08,,rsv_vol_1_50_32_320=0,rsv_vol_6_50_32_320=1.50884,rsv_vol_21_50_32_320=0,rsv_vol_28_50_32_320=0,rsv_vol_37_50_32_320=1.93903,rsv_vol_63_50_32_320=4402.97,rsv_vol_65_50_32_320=0,rsv_vol_67_50_32_320=8573.67,sddp_alpha_0_31=1000
o,31,1,sddp_ecut_0_31_89_19,8.80882e+08,,rsv_vol_1_50_31_310=0,rsv_vol_6_50_31_310=1.86777,rsv_vol_21_50_31_310=0,rsv_vol_28_50_31_310=0,rsv_vol_37_50_31_310=2.48662,rsv_vol_63_50_31_310=1807.29,rsv_vol_65_50_31_310=-15.5341,rsv_vol_67_50_31_310=12724.6,sddp_alpha_0_30=1000
o,30,1,sddp_ecut_0_30_89_20,9.50338e+08,,rsv_vol_1_50_30_300=0,rsv_vol_6_50_30_300=2.42933,rsv_vol_21_50_30_300=0,rsv_vol_28_50_30_300=0,rsv_vol_37_50_30_300=3.57529,rsv_vol_63_50_30_300=8717.49,rsv_vol_65_50_30_300=-31.3159,rsv_vol_67_50_30_300=16476.2,sddp_alpha_0_29=1000
o,29,1,sddp_ecut_0_29_89_21,9.75418e+08,,rsv_vol_1_50_29_290=0,rsv_vol_6_50_29_290=3.07721,rsv_vol_21_50_29_290=0,rsv_vol_28_50_29_290=0,rsv_vol_37_50_29_290=2.22383,rsv_vol_63_50_29_290=8648.77,rsv_vol_65_50_29_290=15585.7,rsv_vol_67_50_29_290=3619.72,sddp_alpha_0_28=1000
o,28,1,sddp_ecut_0_28_89_22,1.03339e+09,,rsv_vol_1_50_28_280=0,rsv_vol_6_50_28_280=3.41761,rsv_vol_21_50_28_280=0,rsv_vol_28_50_28_280=0,rsv_vol_37_50_28_280=6.63199,rsv_vol_63_50_28_280=10199,rsv_vol_65_50_28_280=23688.4,rsv_vol_67_50_28_280=1852.15,sddp_alpha_0_27=1000
o,27,1,sddp_ecut_0_27_89_23,9.23448e+08,,rsv_vol_1_50_27_270=0,rsv_vol_6_50_27_270=-30.9372,rsv_vol_21_50_27_270=0,rsv_vol_28_50_27_270=0,rsv_vol_37_50_27_270=1.23183,rsv_vol_63_50_27_270=9289.17,rsv_vol_65_50_27_270=4392.88,rsv_vol_67_50_27_270=-256.569,sddp_alpha_0_26=1000
o,26,1,sddp_ecut_0_26_89_24,9.38607e+08,,rsv_vol_1_50_26_260=0,rsv_vol_6_50_26_260=-47.1974,rsv_vol_21_50_26_260=0,rsv_vol_28_50_26_260=0,rsv_vol_37_50_26_260=5.18722,rsv_vol_63_50_26_260=10361.7,rsv_vol_65_50_26_260=0,rsv_vol_67_50_26_260=17207.8,sddp_alpha_0_25=1000
o,25,1,sddp_ecut_0_25_89_25,8.2928e+08,,rsv_vol_1_50_25_250=0,rsv_vol_6_50_25_250=-63.968,rsv_vol_21_50_25_250=0,rsv_vol_28_50_25_250=0,rsv_vol_37_50_25_250=4.78176,rsv_vol_63_50_25_250=11019,rsv_vol_65_50_25_250=0,rsv_vol_67_50_25_250=18631.8,sddp_alpha_0_24=1000
o,24,1,sddp_ecut_0_24_89_26,9.00769e+08,,rsv_vol_1_50_24_240=0,rsv_vol_6_50_24_240=-146.75,rsv_vol_21_50_24_240=0,rsv_vol_28_50_24_240=0,rsv_vol_37_50_24_240=3.85428,rsv_vol_63_50_24_240=10337,rsv_vol_65_50_24_240=0,rsv_vol_67_50_24_240=17158.7,sddp_alpha_0_23=1000
o,23,1,sddp_ecut_0_23_89_27,8.7139e+08,,rsv_vol_1_50_23_230=0,rsv_vol_6_50_23_230=-115.323,rsv_vol_21_50_23_230=0,rsv_vol_28_50_23_230=0,rsv_vol_37_50_23_230=1.29822,rsv_vol_63_50_23_230=8882.42,rsv_vol_65_50_23_230=0,rsv_vol_67_50_23_230=6594.82,sddp_alpha_0_22=1000
o,22,1,sddp_ecut_0_22_89_28,2.25306e+08,,rsv_vol_1_50_22_220=0,rsv_vol_6_50_22_220=0.3573,rsv_vol_21_50_22_220=0,rsv_vol_28_50_22_220=0,rsv_vol_37_50_22_220=0.483474,rsv_vol_63_50_22_220=7.80866,rsv_vol_65_50_22_220=-16.6852,rsv_vol_67_50_22_220=2751.78,sddp_alpha_0_21=1000
o,21,1,sddp_ecut_0_21_89_29,1.97243e+08,,rsv_vol_1_50_21_210=0,rsv_vol_6_50_21_210=0.327868,rsv_vol_21_50_21_210=0,rsv_vol_28_50_21_210=0,rsv_vol_37_50_21_210=0.353737,rsv_vol_63_50_21_210=7.20799,rsv_vol_65_50_21_210=-16.6852,rsv_vol_67_50_21_210=1323.9,sddp_alpha_0_20=1000
o,20,1,sddp_ecut_0_20_89_30,2.24944e+08,,rsv_vol_1_50_20_200=0,rsv_vol_6_50_20_200=0.396313,rsv_vol_21_50_20_200=0,rsv_vol_28_50_20_200=0,rsv_vol_37_50_20_200=0.345962,rsv_vol_63_50_20_200=6.00666,rsv_vol_65_50_20_200=-50.0555,rsv_vol_67_50_20_200=1140.36,sddp_alpha_0_19=1000
o,19,1,sddp_ecut_0_19_89_31,1.9615e+08,,rsv_vol_1_50_19_190=0,rsv_vol_6_50_19_190=0.358616,rsv_vol_21_50_19_190=0,rsv_vol_28_50_19_190=0,rsv_vol_37_50_19_190=0.248175,rsv_vol_63_50_19_190=7.20799,rsv_vol_65_50_19_190=-50.0555,rsv_vol_67_50_19_190=392.776,sddp_alpha_0_18=1000
o,18,1,sddp_ecut_0_18_89_32,2.4088e+08,,rsv_vol_1_50_18_180=0,rsv_vol_6_50_18_180=0.402678,rsv_vol_21_50_18_180=0,rsv_vol_28_50_18_180=0,rsv_vol_37_50_18_180=0.414202,rsv_vol_63_50_18_180=7.26547,rsv_vol_65_50_18_180=-50.4547,rsv_vol_67_50_18_180=2041.26,sddp_alpha_0_17=1000
o,17,1,sddp_ecut_0_17_89_33,2.42099e+08,,rsv_vol_1_50_17_170=0,rsv_vol_6_50_17_170=0.412814,rsv_vol_21_50_17_170=0,rsv_vol_28_50_17_170=0,rsv_vol_37_50_17_170=0.503725,rsv_vol_63_50_17_170=7.26547,rsv_vol_65_50_17_170=-33.6364,rsv_vol_67_50_17_170=1572.26,sddp_alpha_0_16=1000
o,16,1,sddp_ecut_0_16_89_34,2.42624e+08,,rsv_vol_1_50_16_160=0,rsv_vol_6_50_16_160=0.418494,rsv_vol_21_50_16_160=0,rsv_vol_28_50_16_160=0,rsv_vol_37_50_16_160=0.488897,rsv_vol_63_50_16_160=6.66001,rsv_vol_65_50_16_160=0,rsv_vol_67_50_16_160=3249.37,sddp_alpha_0_15=1000
o,15,1,sddp_ecut_0_15_89_35,2.12073e+08,,rsv_vol_1_50_15_150=0,rsv_vol_6_50_15_150=0.375323,rsv_vol_21_50_15_150=0,rsv_vol_28_50_15_150=0,rsv_vol_37_50_15_150=0.336979,rsv_vol_63_50_15_150=4.23819,rsv_vol_65_50_15_150=-16.8182,rsv_vol_67_50_15_150=772.609,sddp_alpha_0_14=1000
o,14,1,sddp_ecut_0_14_89_36,2.51893e+08,,rsv_vol_1_50_14_140=0,rsv_vol_6_50_14_140=0.486347,rsv_vol_21_50_14_140=0,rsv_vol_28_50_14_140=0,rsv_vol_37_50_14_140=0.585543,rsv_vol_63_50_14_140=4.88227,rsv_vol_65_50_14_140=-16.9523,rsv_vol_67_50_14_140=5388.82,sddp_alpha_0_13=1000
o,13,1,sddp_ecut_0_13_89_37,2.17886e+08,,rsv_vol_1_50_13_130=0,rsv_vol_6_50_13_130=0.381142,rsv_vol_21_50_13_130=0,rsv_vol_28_50_13_130=0,rsv_vol_37_50_13_130=0.384669,rsv_vol_63_50_13_130=3.05446,rsv_vol_65_50_13_130=-16.9523,rsv_vol_67_50_13_130=1364.34,sddp_alpha_0_12=1000
o,12,1,sddp_ecut_0_12_89_38,2.49692e+08,,rsv_vol_1_50_12_120=0,rsv_vol_6_50_12_120=0.463542,rsv_vol_21_50_12_120=0,rsv_vol_28_50_12_120=0,rsv_vol_37_50_12_120=0.569366,rsv_vol_63_50_12_120=3.66341,rsv_vol_65_50_12_120=-33.9046,rsv_vol_67_50_12_120=4862.43,sddp_alpha_0_11=1000
o,11,1,sddp_ecut_0_11_89_39,2.19629e+08,,rsv_vol_1_50_11_110=0,rsv_vol_6_50_11_110=0.422289,rsv_vol_21_50_11_110=0,rsv_vol_28_50_11_110=0,rsv_vol_37_50_11_110=0.549519,rsv_vol_63_50_11_110=1.22057,rsv_vol_65_50_11_110=0,rsv_vol_67_50_11_110=1867.99,sddp_alpha_0_10=1000
o,10,1,sddp_ecut_0_10_89_40,2.60918e+08,,rsv_vol_1_50_10_100=0,rsv_vol_6_50_10_100=0.460434,rsv_vol_21_50_10_100=0,rsv_vol_28_50_10_100=0,rsv_vol_37_50_10_100=0.520056,rsv_vol_63_50_10_100=1.2303,rsv_vol_65_50_10_100=-34.175,rsv_vol_67_50_10_100=2725.03,sddp_alpha_0_9=1000
o,9,1,sddp_ecut_0_9_89_41,2.6257e+08,,rsv_vol_1_50_9_90=0,rsv_vol_6_50_9_90=0.471838,rsv_vol_21_50_9_90=0,rsv_vol_28_50_9_90=0,rsv_vol_37_50_9_90=0.533764,rsv_vol_63_50_9_90=0,rsv_vol_65_50_9_90=-17.0875,rsv_vol_67_50_9_90=2030.46,sddp_alpha_0_8=1000
o,8,1,sddp_ecut_0_8_89_42,2.63448e+08,,rsv_vol_1_50_8_80=0,rsv_vol_6_50_8_80=0.479546,rsv_vol_21_50_8_80=0,rsv_vol_28_50_8_80=0,rsv_vol_37_50_8_80=0.774691,rsv_vol_63_50_8_80=0.00579216,rsv_vol_65_50_8_80=-17.0875,rsv_vol_67_50_8_80=4295.42,sddp_alpha_0_7=1000
o,7,1,sddp_ecut_0_7_89_43,2.31658e+08,,rsv_vol_1_50_7_70=0,rsv_vol_6_50_7_70=0.434487,rsv_vol_21_50_7_70=0,rsv_vol_28_50_7_70=0,rsv_vol_37_50_7_70=0.680909,rsv_vol_63_50_7_70=0.00517157,rsv_vol_65_50_7_70=-17.0875,rsv_vol_67_50_7_70=3123.81,sddp_alpha_0_6=1000
o,6,1,sddp_ecut_0_6_89_44,2.81814e+08,,rsv_vol_1_50_6_60=0,rsv_vol_6_50_6_60=0.528607,rsv_vol_21_50_6_60=0,rsv_vol_28_50_6_60=0,rsv_vol_37_50_6_60=0.936707,rsv_vol_63_50_6_60=0.00755669,rsv_vol_65_50_6_60=0,rsv_vol_67_50_6_60=5943.57,sddp_alpha_0_5=1000
o,5,1,sddp_ecut_0_5_89_45,2.81885e+08,,rsv_vol_1_50_5_50=0,rsv_vol_6_50_5_50=0.554327,rsv_vol_21_50_5_50=0,rsv_vol_28_50_5_50=0,rsv_vol_37_50_5_50=0.73746,rsv_vol_63_50_5_50=0.00649041,rsv_vol_65_50_5_50=0,rsv_vol_67_50_5_50=4823.92,sddp_alpha_0_4=1000
o,4,1,sddp_ecut_0_4_89_46,2.83267e+08,,rsv_vol_1_50_4_40=0,rsv_vol_6_50_4_40=0.554263,rsv_vol_21_50_4_40=0,rsv_vol_28_50_4_40=0,rsv_vol_37_50_4_40=0.812836,rsv_vol_63_50_4_40=0,rsv_vol_65_50_4_40=0,rsv_vol_67_50_4_40=2573.44,sddp_alpha_0_3=1000
o,3,1,sddp_ecut_0_3_89_47,2.50811e+08,,rsv_vol_1_50_3_30=0,rsv_vol_6_50_3_30=0.545396,rsv_vol_21_50_3_30=0,rsv_vol_28_50_3_30=0,rsv_vol_37_50_3_30=0.744395,rsv_vol_63_50_3_30=0,rsv_vol_65_50_3_30=-34.4475,rsv_vol_67_50_3_30=2830.48,sddp_alpha_0_2=1000
o,2,1,sddp_ecut_0_2_89_48,2.25338e+08,,rsv_vol_1_50_2_20=0,rsv_vol_6_50_2_20=0.707866,rsv_vol_21_50_2_20=0,rsv_vol_28_50_2_20=0,rsv_vol_37_50_2_20=0.488828,rsv_vol_63_50_2_20=0,rsv_vol_65_50_2_20=-69.4444,rsv_vol_67_50_2_20=6213.54,sddp_alpha_0_1=1000
o,1,1,sddp_ecut_0_1_89_49,2.65508e+08,,rsv_vol_1_50_1_10=0,rsv_vol_6_50_1_10=0.843154,rsv_vol_21_50_1_10=0,rsv_vol_28_50_1_10=0,rsv_vol_37_50_1_10=0.507562,rsv_vol_63_50_1_10=0,rsv_vol_65_50_1_10=-17.3611,rsv_vol_67_50_1_10=9920.79,sddp_alpha_0_0=1000
o,50,1,sddp_ecut_0_50_90_0,7.4197e+08,,rsv_vol_1_50_50_500=0,rsv_vol_6_50_50_500=1.94792,rsv_vol_21_50_50_500=0,rsv_vol_28_50_50_500=0,rsv_vol_37_50_50_500=2.90475,rsv_vol_63_50_50_500=9343.02,rsv_vol_65_50_50_500=35009.8,rsv_vol_67_50_50_500=15127.2,sddp_alpha_0_49=1000
o,49,1,sddp_ecut_0_49_90_1,5.94245e+08,,rsv_vol_1_50_49_490=0,rsv_vol_6_50_49_490=-12.3816,rsv_vol_21_50_49_490=0,rsv_vol_28_50_49_490=0,rsv_vol_37_50_49_490=1.87958,rsv_vol_63_50_49_490=8418.64,rsv_vol_65_50_49_490=0,rsv_vol_67_50_49_490=14416.9,sddp_alpha_0_48=1000
o,48,1,sddp_ecut_0_48_90_2,6.5112e+08,,rsv_vol_1_50_48_480=0,rsv_vol_6_50_48_480=-26.4146,rsv_vol_21_50_48_480=0,rsv_vol_28_50_48_480=0,rsv_vol_37_50_48_480=2.43005,rsv_vol_63_50_48_480=7621.99,rsv_vol_65_50_48_480=0,rsv_vol_67_50_48_480=13639.3,sddp_alpha_0_47=1000
o,47,1,sddp_ecut_0_47_90_3,6.4186e+08,,rsv_vol_1_50_47_470=0,rsv_vol_6_50_47_470=-95.2668,rsv_vol_21_50_47_470=0,rsv_vol_28_50_47_470=0,rsv_vol_37_50_47_470=1.45394,rsv_vol_63_50_47_470=7678.17,rsv_vol_65_50_47_470=0,rsv_vol_67_50_47_470=9022.1,sddp_alpha_0_46=1000
o,46,1,sddp_ecut_0_46_90_4,6.21959e+08,,rsv_vol_1_50_46_460=0,rsv_vol_6_50_46_460=-123.55,rsv_vol_21_50_46_460=0,rsv_vol_28_50_46_460=0,rsv_vol_37_50_46_460=1.76338,rsv_vol_63_50_46_460=7622.2,rsv_vol_65_50_46_460=0,rsv_vol_67_50_46_460=6941.93,sddp_alpha_0_45=1000
o,45,1,sddp_ecut_0_45_90_5,6.87401e+08,,rsv_vol_1_50_45_450=0,rsv_vol_6_50_45_450=0.839902,rsv_vol_21_50_45_450=0,rsv_vol_28_50_45_450=0,rsv_vol_37_50_45_450=2.51234,rsv_vol_63_50_45_450=7123.3,rsv_vol_65_50_45_450=0,rsv_vol_67_50_45_450=11127.6,sddp_alpha_0_44=1000
o,44,1,sddp_ecut_0_44_90_6,6.90026e+08,,rsv_vol_1_50_44_440=0,rsv_vol_6_50_44_440=1.09349,rsv_vol_21_50_44_440=0,rsv_vol_28_50_44_440=0,rsv_vol_37_50_44_440=2.27898,rsv_vol_63_50_44_440=7545.16,rsv_vol_65_50_44_440=-28.0204,rsv_vol_67_50_44_440=10508.2,sddp_alpha_0_43=1000
o,43,1,sddp_ecut_0_43_90_7,7.71882e+08,,rsv_vol_1_50_43_430=0,rsv_vol_6_50_43_430=1.45338,rsv_vol_21_50_43_430=0,rsv_vol_28_50_43_430=0,rsv_vol_37_50_43_430=2.45561,rsv_vol_63_50_43_430=6525.85,rsv_vol_65_50_43_430=-28.2438,rsv_vol_67_50_43_430=12635.8,sddp_alpha_0_42=1000
o,42,1,sddp_ecut_0_42_90_8,8.26884e+08,,rsv_vol_1_50_42_420=0,rsv_vol_6_50_42_420=2.01369,rsv_vol_21_50_42_420=0,rsv_vol_28_50_42_420=0,rsv_vol_37_50_42_420=3.00551,rsv_vol_63_50_42_420=8883.06,rsv_vol_65_50_42_420=-14.2345,rsv_vol_67_50_42_420=14733.5,sddp_alpha_0_41=1000
o,41,1,sddp_ecut_0_41_90_9,8.32332e+08,,rsv_vol_1_50_41_410=0,rsv_vol_6_50_41_410=1.89132,rsv_vol_21_50_41_410=0,rsv_vol_28_50_41_410=0,rsv_vol_37_50_41_410=2.95122,rsv_vol_63_50_41_410=6677.09,rsv_vol_65_50_41_410=4962.15,rsv_vol_67_50_41_410=11700.4,sddp_alpha_0_40=1000
o,40,1,sddp_ecut_0_40_90_10,8.47719e+08,,rsv_vol_1_50_40_400=0,rsv_vol_6_50_40_400=2.03587,rsv_vol_21_50_40_400=0,rsv_vol_28_50_40_400=0,rsv_vol_37_50_40_400=4.35808,rsv_vol_63_50_40_400=8532.25,rsv_vol_65_50_40_400=4695.37,rsv_vol_67_50_40_400=14517.1,sddp_alpha_0_39=1000
o,39,1,sddp_ecut_0_39_90_11,7.73673e+08,,rsv_vol_1_50_39_390=0,rsv_vol_6_50_39_390=1.80547,rsv_vol_21_50_39_390=0,rsv_vol_28_50_39_390=0,rsv_vol_37_50_39_390=3.81567,rsv_vol_63_50_39_390=8647.2,rsv_vol_65_50_39_390=4663.56,rsv_vol_67_50_39_390=15042.9,sddp_alpha_0_38=1000
o,38,1,sddp_ecut_0_38_90_12,7.79346e+08,,rsv_vol_1_50_38_380=0,rsv_vol_6_50_38_380=-12.7532,rsv_vol_21_50_38_380=0,rsv_vol_28_50_38_380=0,rsv_vol_37_50_38_380=2.83015,rsv_vol_63_50_38_380=9549.15,rsv_vol_65_50_38_380=12661.7,rsv_vol_67_50_38_380=-235.104,sddp_alpha_0_37=1000
o,37,1,sddp_ecut_0_37_90_13,6.45813e+08,,rsv_vol_1_50_37_370=0,rsv_vol_6_50_37_370=-13.6252,rsv_vol_21_50_37_370=0,rsv_vol_28_50_37_370=0,rsv_vol_37_50_37_370=2.23528,rsv_vol_63_50_37_370=9443.88,rsv_vol_65_50_37_370=0,rsv_vol_67_50_37_370=15930,sddp_alpha_0_36=1000
o,36,1,sddp_ecut_0_36_90_14,7.0939e+08,,rsv_vol_1_50_36_360=0,rsv_vol_6_50_36_360=-29.2047,rsv_vol_21_50_36_360=0,rsv_vol_28_50_36_360=0,rsv_vol_37_50_36_360=2.77566,rsv_vol_63_50_36_360=9090.91,rsv_vol_65_50_36_360=0,rsv_vol_67_50_36_360=15229.1,sddp_alpha_0_35=1000
o,35,1,sddp_ecut_0_35_90_15,7.38236e+08,,rsv_vol_1_50_35_350=0,rsv_vol_6_50_35_350=-105.102,rsv_vol_21_50_35_350=0,rsv_vol_28_50_35_350=0,rsv_vol_37_50_35_350=0.693072,rsv_vol_63_50_35_350=8573.34,rsv_vol_65_50_35_350=0,rsv_vol_67_50_35_350=3253.05,sddp_alpha_0_34=1000
o,34,1,sddp_ecut_0_34_90_16,7.15841e+08,,rsv_vol_1_50_34_340=0,rsv_vol_6_50_34_340=-29.8209,rsv_vol_21_50_34_340=0,rsv_vol_28_50_34_340=0,rsv_vol_37_50_34_340=1.1029,rsv_vol_63_50_34_340=9189.82,rsv_vol_65_50_34_340=0,rsv_vol_67_50_34_340=1639.13,sddp_alpha_0_33=1000
o,33,1,sddp_ecut_0_33_90_17,7.85711e+08,,rsv_vol_1_50_33_330=0,rsv_vol_6_50_33_330=1.41522,rsv_vol_21_50_33_330=0,rsv_vol_28_50_33_330=0,rsv_vol_37_50_33_330=2.15555,rsv_vol_63_50_33_330=7432.22,rsv_vol_65_50_33_330=0,rsv_vol_67_50_33_330=7990.96,sddp_alpha_0_32=1000
o,32,1,sddp_ecut_0_32_90_18,7.86227e+08,,rsv_vol_1_50_32_320=0,rsv_vol_6_50_32_320=1.50884,rsv_vol_21_50_32_320=0,rsv_vol_28_50_32_320=0,rsv_vol_37_50_32_320=1.93903,rsv_vol_63_50_32_320=4402.97,rsv_vol_65_50_32_320=0,rsv_vol_67_50_32_320=8573.67,sddp_alpha_0_31=1000
o,31,1,sddp_ecut_0_31_90_19,8.80882e+08,,rsv_vol_1_50_31_310=0,rsv_vol_6_50_31_310=1.86777,rsv_vol_21_50_31_310=0,rsv_vol_28_50_31_310=0,rsv_vol_37_50_31_310=2.48662,rsv_vol_63_50_31_310=1807.29,rsv_vol_65_50_31_310=-15.5341,rsv_vol_67_50_31_310=12724.6,sddp_alpha_0_30=1000
o,30,1,sddp_ecut_0_30_90_20,9.50338e+08,,rsv_vol_1_50_30_300=0,rsv_vol_6_50_30_300=2.42933,rsv_vol_21_50_30_300=0,rsv_vol_28_50_30_300=0,rsv_vol_37_50_30_300=3.57529,rsv_vol_63_50_30_300=8717.49,rsv_vol_65_50_30_300=-31.3159,rsv_vol_67_50_30_300=16476.2,sddp_alpha_0_29=1000
o,29,1,sddp_ecut_0_29_90_21,9.75418e+08,,rsv_vol_1_50_29_290=0,rsv_vol_6_50_29_290=3.07721,rsv_vol_21_50_29_290=0,rsv_vol_28_50_29_290=0,rsv_vol_37_50_29_290=2.22383,rsv_vol_63_50_29_290=8648.77,rsv_vol_65_50_29_290=15585.7,rsv_vol_67_50_29_290=3619.72,sddp_alpha_0_28=1000
o,28,1,sddp_ecut_0_28_90_22,1.03339e+09,,rsv_vol_1_50_28_280=0,rsv_vol_6_50_28_280=3.41761,rsv_vol_21_50_28_280=0,rsv_vol_28_50_28_280=0,rsv_vol_37_50_28_280=6.63199,rsv_vol_63_50_28_280=10199,rsv_vol_65_50_28_280=23688.4,rsv_vol_67_50_28_280=1852.15,sddp_alpha_0_27=1000
o,27,1,sddp_ecut_0_27_90_23,9.23448e+08,,rsv_vol_1_50_27_270=0,rsv_vol_6_50_27_270=-30.9372,rsv_vol_21_50_27_270=0,rsv_vol_28_50_27_270=0,rsv_vol_37_50_27_270=1.23183,rsv_vol_63_50_27_270=9289.17,rsv_vol_65_50_27_270=4392.88,rsv_vol_67_50_27_270=-256.569,sddp_alpha_0_26=1000
o,26,1,sddp_ecut_0_26_90_24,9.38607e+08,,rsv_vol_1_50_26_260=0,rsv_vol_6_50_26_260=-47.1974,rsv_vol_21_50_26_260=0,rsv_vol_28_50_26_260=0,rsv_vol_37_50_26_260=5.18722,rsv_vol_63_50_26_260=10361.7,rsv_vol_65_50_26_260=0,rsv_vol_67_50_26_260=17207.8,sddp_alpha_0_25=1000
o,25,1,sddp_ecut_0_25_90_25,8.2928e+08,,rsv_vol_1_50_25_250=0,rsv_vol_6_50_25_250=-63.968,rsv_vol_21_50_25_250=0,rsv_vol_28_50_25_250=0,rsv_vol_37_50_25_250=4.78176,rsv_vol_63_50_25_250=11019,rsv_vol_65_50_25_250=0,rsv_vol_67_50_25_250=18631.8,sddp_alpha_0_24=1000
o,24,1,sddp_ecut_0_24_90_26,9.00769e+08,,rsv_vol_1_50_24_240=0,rsv_vol_6_50_24_240=-146.75,rsv_vol_21_50_24_240=0,rsv_vol_28_50_24_240=0,rsv_vol_37_50_24_240=3.85428,rsv_vol_63_50_24_240=10337,rsv_vol_65_50_24_240=0,rsv_vol_67_50_24_240=17158.7,sddp_alpha_0_23=1000
o,23,1,sddp_ecut_0_23_90_27,8.7139e+08,,rsv_vol_1_50_23_230=0,rsv_vol_6_50_23_230=-115.323,rsv_vol_21_50_23_230=0,rsv_vol_28_50_23_230=0,rsv_vol_37_50_23_230=1.29822,rsv_vol_63_50_23_230=8882.42,rsv_vol_65_50_23_230=0,rsv_vol_67_50_23_230=6594.82,sddp_alpha_0_22=1000
o,22,1,sddp_ecut_0_22_90_28,2.25306e+08,,rsv_vol_1_50_22_220=0,rsv_vol_6_50_22_220=0.3573,rsv_vol_21_50_22_220=0,rsv_vol_28_50_22_220=0,rsv_vol_37_50_22_220=0.483474,rsv_vol_63_50_22_220=7.80866,rsv_vol_65_50_22_220=-16.6852,rsv_vol_67_50_22_220=2751.78,sddp_alpha_0_21=1000
o,21,1,sddp_ecut_0_21_90_29,1.97243e+08,,rsv_vol_1_50_21_210=0,rsv_vol_6_50_21_210=0.327868,rsv_vol_21_50_21_210=0,rsv_vol_28_50_21_210=0,rsv_vol_37_50_21_210=0.353737,rsv_vol_63_50_21_210=7.20799,rsv_vol_65_50_21_210=-16.6852,rsv_vol_67_50_21_210=1323.9,sddp_alpha_0_20=1000
o,20,1,sddp_ecut_0_20_90_30,2.24944e+08,,rsv_vol_1_50_20_200=0,rsv_vol_6_50_20_200=0.396313,rsv_vol_21_50_20_200=0,rsv_vol_28_50_20_200=0,rsv_vol_37_50_20_200=0.345962,rsv_vol_63_50_20_200=6.00666,rsv_vol_65_50_20_200=-50.0555,rsv_vol_67_50_20_200=1140.36,sddp_alpha_0_19=1000
o,19,1,sddp_ecut_0_19_90_31,1.9615e+08,,rsv_vol_1_50_19_190=0,rsv_vol_6_50_19_190=0.358616,rsv_vol_21_50_19_190=0,rsv_vol_28_50_19_190=0,rsv_vol_37_50_19_190=0.248175,rsv_vol_63_50_19_190=7.20799,rsv_vol_65_50_19_190=-50.0555,rsv_vol_67_50_19_190=392.776,sddp_alpha_0_18=1000
o,18,1,sddp_ecut_0_18_90_32,2.4088e+08,,rsv_vol_1_50_18_180=0,rsv_vol_6_50_18_180=0.402678,rsv_vol_21_50_18_180=0,rsv_vol_28_50_18_180=0,rsv_vol_37_50_18_180=0.414202,rsv_vol_63_50_18_180=7.26547,rsv_vol_65_50_18_180=-50.4547,rsv_vol_67_50_18_180=2041.26,sddp_alpha_0_17=1000
o,17,1,sddp_ecut_0_17_90_33,2.42099e+08,,rsv_vol_1_50_17_170=0,rsv_vol_6_50_17_170=0.412814,rsv_vol_21_50_17_170=0,rsv_vol_28_50_17_170=0,rsv_vol_37_50_17_170=0.503725,rsv_vol_63_50_17_170=7.26547,rsv_vol_65_50_17_170=-33.6364,rsv_vol_67_50_17_170=1572.26,sddp_alpha_0_16=1000
o,16,1,sddp_ecut_0_16_90_34,2.42624e+08,,rsv_vol_1_50_16_160=0,rsv_vol_6_50_16_160=0.418494,rsv_vol_21_50_16_160=0,rsv_vol_28_50_16_160=0,rsv_vol_37_50_16_160=0.488897,rsv_vol_63_50_16_160=6.66001,rsv_vol_65_50_16_160=0,rsv_vol_67_50_16_160=3249.37,sddp_alpha_0_15=1000
o,15,1,sddp_ecut_0_15_90_35,2.12073e+08,,rsv_vol_1_50_15_150=0,rsv_vol_6_50_15_150=0.375323,rsv_vol_21_50_15_150=0,rsv_vol_28_50_15_150=0,rsv_vol_37_50_15_150=0.336979,rsv_vol_63_50_15_150=4.23819,rsv_vol_65_50_15_150=-16.8182,rsv_vol_67_50_15_150=772.609,sddp_alpha_0_14=1000
o,14,1,sddp_ecut_0_14_90_36,2.51893e+08,,rsv_vol_1_50_14_140=0,rsv_vol_6_50_14_140=0.486347,rsv_vol_21_50_14_140=0,rsv_vol_28_50_14_140=0,rsv_vol_37_50_14_140=0.585543,rsv_vol_63_50_14_140=4.88227,rsv_vol_65_50_14_140=-16.9523,rsv_vol_67_50_14_140=5388.82,sddp_alpha_0_13=1000
o,13,1,sddp_ecut_0_13_90_37,2.17886e+08,,rsv_vol_1_50_13_130=0,rsv_vol_6_50_13_130=0.381142,rsv_vol_21_50_13_130=0,rsv_vol_28_50_13_130=0,rsv_vol_37_50_13_130=0.384669,rsv_vol_63_50_13_130=3.0545,rsv_vol_65_50_13_130=-16.9523,rsv_vol_67_50_13_130=1364.34,sddp_alpha_0_12=1000
o,12,1,sddp_ecut_0_12_90_38,2.49692e+08,,rsv_vol_1_50_12_120=0,rsv_vol_6_50_12_120=0.463542,rsv_vol_21_50_12_120=0,rsv_vol_28_50_12_120=0,rsv_vol_37_50_12_120=0.569366,rsv_vol_63_50_12_120=3.66341,rsv_vol_65_50_12_120=-33.9046,rsv_vol_67_50_12_120=4862.43,sddp_alpha_0_11=1000
o,11,1,sddp_ecut_0_11_90_39,2.19629e+08,,rsv_vol_1_50_11_110=0,rsv_vol_6_50_11_110=0.422289,rsv_vol_21_50_11_110=0,rsv_vol_28_50_11_110=0,rsv_vol_37_50_11_110=0.549519,rsv_vol_63_50_11_110=1.22057,rsv_vol_65_50_11_110=0,rsv_vol_67_50_11_110=1867.99,sddp_alpha_0_10=1000
o,10,1,sddp_ecut_0_10_90_40,2.60918e+08,,rsv_vol_1_50_10_100=0,rsv_vol_6_50_10_100=0.460434,rsv_vol_21_50_10_100=0,rsv_vol_28_50_10_100=0,rsv_vol_37_50_10_100=0.520056,rsv_vol_63_50_10_100=1.2303,rsv_vol_65_50_10_100=-34.175,rsv_vol_67_50_10_100=2725.03,sddp_alpha_0_9=1000
o,9,1,sddp_ecut_0_9_90_41,2.6257e+08,,rsv_vol_1_50_9_90=0,rsv_vol_6_50_9_90=0.471838,rsv_vol_21_50_9_90=0,rsv_vol_28_50_9_90=0,rsv_vol_37_50_9_90=0.533764,rsv_vol_63_50_9_90=0,rsv_vol_65_50_9_90=-17.0875,rsv_vol_67_50_9_90=2030.46,sddp_alpha_0_8=1000
o,8,1,sddp_ecut_0_8_90_42,2.63448e+08,,rsv_vol_1_50_8_80=0,rsv_vol_6_50_8_80=0.479546,rsv_vol_21_50_8_80=0,rsv_vol_28_50_8_80=0,rsv_vol_37_50_8_80=0.774691,rsv_vol_63_50_8_80=0.00579216,rsv_vol_65_50_8_80=-17.0875,rsv_vol_67_50_8_80=4295.42,sddp_alpha_0_7=1000
o,7,1,sddp_ecut_0_7_90_43,2.31658e+08,,rsv_vol_1_50_7_70=0,rsv_vol_6_50_7_70=0.434487,rsv_vol_21_50_7_70=0,rsv_vol_28_50_7_70=0,rsv_vol_37_50_7_70=0.680909,rsv_vol_63_50_7_70=0.00517157,rsv_vol_65_50_7_70=-17.0875,rsv_vol_67_50_7_70=3123.81,sddp_alpha_0_6=1000
o,6,1,sddp_ecut_0_6_90_44,2.81814e+08,,rsv_vol_1_50_6_60=0,rsv_vol_6_50_6_60=0.528607,rsv_vol_21_50_6_60=0,rsv_vol_28_50_6_60=0,rsv_vol_37_50_6_60=0.936707,rsv_vol_63_50_6_60=0.00756547,rsv_vol_65_50_6_60=0,rsv_vol_67_50_6_60=5943.57,sddp_alpha_0_5=1000
o,5,1,sddp_ecut_0_5_90_45,2.81885e+08,,rsv_vol_1_50_5_50=0,rsv_vol_6_50_5_50=0.554327,rsv_vol_21_50_5_50=0,rsv_vol_28_50_5_50=0,rsv_vol_37_50_5_50=0.73746,rsv_vol_63_50_5_50=0.00649041,rsv_vol_65_50_5_50=0,rsv_vol_67_50_5_50=4823.92,sddp_alpha_0_4=1000
o,4,1,sddp_ecut_0_4_90_46,2.83267e+08,,rsv_vol_1_50_4_40=0,rsv_vol_6_50_4_40=0.554263,rsv_vol_21_50_4_40=0,rsv_vol_28_50_4_40=0,rsv_vol_37_50_4_40=0.812836,rsv_vol_63_50_4_40=0,rsv_vol_65_50_4_40=0,rsv_vol_67_50_4_40=2573.44,sddp_alpha_0_3=1000
o,3,1,sddp_ecut_0_3_90_47,2.50811e+08,,rsv_vol_1_50_3_30=0,rsv_vol_6_50_3_30=0.545396,rsv_vol_21_50_3_30=0,rsv_vol_28_50_3_30=0,rsv_vol_37_50_3_30=0.744395,rsv_vol_63_50_3_30=0,rsv_vol_65_50_3_30=-34.4475,rsv_vol_67_50_3_30=2830.48,sddp_alpha_0_2=1000
o,2,1,sddp_ecut_0_2_90_48,2.25338e+08,,rsv_vol_1_50_2_20=0,rsv_vol_6_50_2_20=0.707866,rsv_vol_21_50_2_20=0,rsv_vol_28_50_2_20=0,rsv_vol_37_50_2_20=0.488828,rsv_vol_63_50_2_20=0,rsv_vol_65_50_2_20=-69.4444,rsv_vol_67_50_2_20=6213.54,sddp_alpha_0_1=1000
o,1,1,sddp_ecut_0_1_90_49,2.65508e+08,,rsv_vol_1_50_1_10=0,rsv_vol_6_50_1_10=0.843154,rsv_vol_21_50_1_10=0,rsv_vol_28_50_1_10=0,rsv_vol_37_50_1_10=0.507562,rsv_vol_63_50_1_10=0,rsv_vol_65_50_1_10=-17.3611,rsv_vol_67_50_1_10=9920.79,sddp_alpha_0_0=1000
o,50,1,sddp_ecut_0_50_91_0,7.4197e+08,,rsv_vol_1_50_50_500=0,rsv_vol_6_50_50_500=1.94792,rsv_vol_21_50_50_500=0,rsv_vol_28_50_50_500=0,rsv_vol_37_50_50_500=2.90475,rsv_vol_63_50_50_500=9343.02,rsv_vol_65_50_50_500=35009.8,rsv_vol_67_50_50_500=15127.2,sddp_alpha_0_49=1000
o,49,1,sddp_ecut_0_49_91_1,5.94245e+08,,rsv_vol_1_50_49_490=0,rsv_vol_6_50_49_490=-12.3816,rsv_vol_21_50_49_490=0,rsv_vol_28_50_49_490=0,rsv_vol_37_50_49_490=1.87958,rsv_vol_63_50_49_490=8418.64,rsv_vol_65_50_49_490=0,rsv_vol_67_50_49_490=14416.9,sddp_alpha_0_48=1000
o,48,1,sddp_ecut_0_48_91_2,6.5112e+08,,rsv_vol_1_50_48_480=0,rsv_vol_6_50_48_480=-26.4146,rsv_vol_21_50_48_480=0,rsv_vol_28_50_48_480=0,rsv_vol_37_50_48_480=2.43005,rsv_vol_63_50_48_480=7621.99,rsv_vol_65_50_48_480=0,rsv_vol_67_50_48_480=13639.3,sddp_alpha_0_47=1000
o,47,1,sddp_ecut_0_47_91_3,6.4186e+08,,rsv_vol_1_50_47_470=0,rsv_vol_6_50_47_470=-95.2668,rsv_vol_21_50_47_470=0,rsv_vol_28_50_47_470=0,rsv_vol_37_50_47_470=1.45394,rsv_vol_63_50_47_470=7678.17,rsv_vol_65_50_47_470=0,rsv_vol_67_50_47_470=9022.1,sddp_alpha_0_46=1000
o,46,1,sddp_ecut_0_46_91_4,6.21959e+08,,rsv_vol_1_50_46_460=0,rsv_vol_6_50_46_460=-123.55,rsv_vol_21_50_46_460=0,rsv_vol_28_50_46_460=0,rsv_vol_37_50_46_460=1.76338,rsv_vol_63_50_46_460=7622.2,rsv_vol_65_50_46_460=0,rsv_vol_67_50_46_460=6941.93,sddp_alpha_0_45=1000
o,45,1,sddp_ecut_0_45_91_5,6.87401e+08,,rsv_vol_1_50_45_450=0,rsv_vol_6_50_45_450=0.839902,rsv_vol_21_50_45_450=0,rsv_vol_28_50_45_450=0,rsv_vol_37_50_45_450=2.51234,rsv_vol_63_50_45_450=7123.3,rsv_vol_65_50_45_450=0,rsv_vol_67_50_45_450=11127.6,sddp_alpha_0_44=1000
o,44,1,sddp_ecut_0_44_91_6,6.90026e+08,,rsv_vol_1_50_44_440=0,rsv_vol_6_50_44_440=1.09349,rsv_vol_21_50_44_440=0,rsv_vol_28_50_44_440=0,rsv_vol_37_50_44_440=2.27898,rsv_vol_63_50_44_440=7545.16,rsv_vol_65_50_44_440=-28.0204,rsv_vol_67_50_44_440=10508.2,sddp_alpha_0_43=1000
o,43,1,sddp_ecut_0_43_91_7,7.71882e+08,,rsv_vol_1_50_43_430=0,rsv_vol_6_50_43_430=1.45338,rsv_vol_21_50_43_430=0,rsv_vol_28_50_43_430=0,rsv_vol_37_50_43_430=2.45561,rsv_vol_63_50_43_430=6525.85,rsv_vol_65_50_43_430=-28.2438,rsv_vol_67_50_43_430=12635.8,sddp_alpha_0_42=1000
o,42,1,sddp_ecut_0_42_91_8,8.26884e+08,,rsv_vol_1_50_42_420=0,rsv_vol_6_50_42_420=2.01369,rsv_vol_21_50_42_420=0,rsv_vol_28_50_42_420=0,rsv_vol_37_50_42_420=3.00551,rsv_vol_63_50_42_420=8883.06,rsv_vol_65_50_42_420=-14.2345,rsv_vol_67_50_42_420=14733.5,sddp_alpha_0_41=1000
o,41,1,sddp_ecut_0_41_91_9,8.32332e+08,,rsv_vol_1_50_41_410=0,rsv_vol_6_50_41_410=1.89132,rsv_vol_21_50_41_410=0,rsv_vol_28_50_41_410=0,rsv_vol_37_50_41_410=2.95122,rsv_vol_63_50_41_410=6677.09,rsv_vol_65_50_41_410=4962.15,rsv_vol_67_50_41_410=11700.4,sddp_alpha_0_40=1000
o,40,1,sddp_ecut_0_40_91_10,8.47719e+08,,rsv_vol_1_50_40_400=0,rsv_vol_6_50_40_400=2.03587,rsv_vol_21_50_40_400=0,rsv_vol_28_50_40_400=0,rsv_vol_37_50_40_400=4.35808,rsv_vol_63_50_40_400=8532.25,rsv_vol_65_50_40_400=4695.37,rsv_vol_67_50_40_400=14517.1,sddp_alpha_0_39=1000
o,39,1,sddp_ecut_0_39_91_11,7.73673e+08,,rsv_vol_1_50_39_390=0,rsv_vol_6_50_39_390=1.80547,rsv_vol_21_50_39_390=0,rsv_vol_28_50_39_390=0,rsv_vol_37_50_39_390=3.81567,rsv_vol_63_50_39_390=8647.2,rsv_vol_65_50_39_390=4663.56,rsv_vol_67_50_39_390=15042.9,sddp_alpha_0_38=1000
o,38,1,sddp_ecut_0_38_91_12,7.79346e+08,,rsv_vol_1_50_38_380=0,rsv_vol_6_50_38_380=-12.7532,rsv_vol_21_50_38_380=0,rsv_vol_28_50_38_380=0,rsv_vol_37_50_38_380=2.83015,rsv_vol_63_50_38_380=9549.15,rsv_vol_65_50_38_380=12661.7,rsv_vol_67_50_38_380=-235.104,sddp_alpha_0_37=1000
o,37,1,sddp_ecut_0_37_91_13,6.45813e+08,,rsv_vol_1_50_37_370=0,rsv_vol_6_50_37_370=-13.6252,rsv_vol_21_50_37_370=0,rsv_vol_28_50_37_370=0,rsv_vol_37_50_37_370=2.23528,rsv_vol_63_50_37_370=9443.88,rsv_vol_65_50_37_370=0,rsv_vol_67_50_37_370=15930,sddp_alpha_0_36=1000
o,36,1,sddp_ecut_0_36_91_14,7.0939e+08,,rsv_vol_1_50_36_360=0,rsv_vol_6_50_36_360=-29.2047,rsv_vol_21_50_36_360=0,rsv_vol_28_50_36_360=0,rsv_vol_37_50_36_360=2.77566,rsv_vol_63_50_36_360=9090.91,rsv_vol_65_50_36_360=0,rsv_vol_67_50_36_360=15229.1,sddp_alpha_0_35=1000
o,35,1,sddp_ecut_0_35_91_15,7.38236e+08,,rsv_vol_1_50_35_350=0,rsv_vol_6_50_35_350=-105.102,rsv_vol_21_50_35_350=0,rsv_vol_28_50_35_350=0,rsv_vol_37_50_35_350=0.693072,rsv_vol_63_50_35_350=8573.34,rsv_vol_65_50_35_350=0,rsv_vol_67_50_35_350=3253.05,sddp_alpha_0_34=1000
o,34,1,sddp_ecut_0_34_91_16,7.15841e+08,,rsv_vol_1_50_34_340=0,rsv_vol_6_50_34_340=-29.8209,rsv_vol_21_50_34_340=0,rsv_vol_28_50_34_340=0,rsv_vol_37_50_34_340=1.1029,rsv_vol_63_50_34_340=9189.82,rsv_vol_65_50_34_340=0,rsv_vol_67_50_34_340=1639.13,sddp_alpha_0_33=1000
o,33,1,sddp_ecut_0_33_91_17,7.85711e+08,,rsv_vol_1_50_33_330=0,rsv_vol_6_50_33_330=1.41522,rsv_vol_21_50_33_330=0,rsv_vol_28_50_33_330=0,rsv_vol_37_50_33_330=2.15555,rsv_vol_63_50_33_330=7432.22,rsv_vol_65_50_33_330=0,rsv_vol_67_50_33_330=7990.96,sddp_alpha_0_32=1000
o,32,1,sddp_ecut_0_32_91_18,7.86227e+08,,rsv_vol_1_50_32_320=0,rsv_vol_6_50_32_320=1.50884,rsv_vol_21_50_32_320=0,rsv_vol_28_50_32_320=0,rsv_vol_37_50_32_320=1.93903,rsv_vol_63_50_32_320=4402.97,rsv_vol_65_50_32_320=0,rsv_vol_67_50_32_320=8573.67,sddp_alpha_0_31=1000
o,31,1,sddp_ecut_0_31_91_19,8.80882e+08,,rsv_vol_1_50_31_310=0,rsv_vol_6_50_31_310=1.86777,rsv_vol_21_50_31_310=0,rsv_vol_28_50_31_310=0,rsv_vol_37_50_31_310=2.48662,rsv_vol_63_50_31_310=1807.29,rsv_vol_65_50_31_310=-15.5341,rsv_vol_67_50_31_310=12724.6,sddp_alpha_0_30=1000
o,30,1,sddp_ecut_0_30_91_20,9.50338e+08,,rsv_vol_1_50_30_300=0,rsv_vol_6_50_30_300=2.42933,rsv_vol_21_50_30_300=0,rsv_vol_28_50_30_300=0,rsv_vol_37_50_30_300=3.57529,rsv_vol_63_50_30_300=8717.49,rsv_vol_65_50_30_300=-31.3159,rsv_vol_67_50_30_300=16476.2,sddp_alpha_0_29=1000
o,29,1,sddp_ecut_0_29_91_21,9.75418e+08,,rsv_vol_1_50_29_290=0,rsv_vol_6_50_29_290=3.07721,rsv_vol_21_50_29_290=0,rsv_vol_28_50_29_290=0,rsv_vol_37_50_29_290=2.22383,rsv_vol_63_50_29_290=8648.77,rsv_vol_65_50_29_290=15585.7,rsv_vol_67_50_29_290=3619.72,sddp_alpha_0_28=1000
o,28,1,sddp_ecut_0_28_91_22,1.03339e+09,,rsv_vol_1_50_28_280=0,rsv_vol_6_50_28_280=3.41761,rsv_vol_21_50_28_280=0,rsv_vol_28_50_28_280=0,rsv_vol_37_50_28_280=6.63199,rsv_vol_63_50_28_280=10199,rsv_vol_65_50_28_280=23688.4,rsv_vol_67_50_28_280=1852.15,sddp_alpha_0_27=1000
o,27,1,sddp_ecut_0_27_91_23,9.23448e+08,,rsv_vol_1_50_27_270=0,rsv_vol_6_50_27_270=-30.9372,rsv_vol_21_50_27_270=0,rsv_vol_28_50_27_270=0,rsv_vol_37_50_27_270=1.23183,rsv_vol_63_50_27_270=9289.17,rsv_vol_65_50_27_270=4392.88,rsv_vol_67_50_27_270=-256.569,sddp_alpha_0_26=1000
o,26,1,sddp_ecut_0_26_91_24,9.38607e+08,,rsv_vol_1_50_26_260=0,rsv_vol_6_50_26_260=-47.1974,rsv_vol_21_50_26_260=0,rsv_vol_28_50_26_260=0,rsv_vol_37_50_26_260=5.18722,rsv_vol_63_50_26_260=10361.7,rsv_vol_65_50_26_260=0,rsv_vol_67_50_26_260=17207.8,sddp_alpha_0_25=1000
o,25,1,sddp_ecut_0_25_91_25,8.2928e+08,,rsv_vol_1_50_25_250=0,rsv_vol_6_50_25_250=-63.968,rsv_vol_21_50_25_250=0,rsv_vol_28_50_25_250=0,rsv_vol_37_50_25_250=4.78176,rsv_vol_63_50_25_250=11019,rsv_vol_65_50_25_250=0,rsv_vol_67_50_25_250=18631.8,sddp_alpha_0_24=1000
o,24,1,sddp_ecut_0_24_91_26,9.00769e+08,,rsv_vol_1_50_24_240=0,rsv_vol_6_50_24_240=-146.75,rsv_vol_21_50_24_240=0,rsv_vol_28_50_24_240=0,rsv_vol_37_50_24_240=3.85428,rsv_vol_63_50_24_240=10337,rsv_vol_65_50_24_240=0,rsv_vol_67_50_24_240=17158.7,sddp_alpha_0_23=1000
o,23,1,sddp_ecut_0_23_91_27,8.7139e+08,,rsv_vol_1_50_23_230=0,rsv_vol_6_50_23_230=-115.323,rsv_vol_21_50_23_230=0,rsv_vol_28_50_23_230=0,rsv_vol_37_50_23_230=1.29822,rsv_vol_63_50_23_230=8882.42,rsv_vol_65_50_23_230=0,rsv_vol_67_50_23_230=6594.82,sddp_alpha_0_22=1000
o,22,1,sddp_ecut_0_22_91_28,2.25306e+08,,rsv_vol_1_50_22_220=0,rsv_vol_6_50_22_220=0.3573,rsv_vol_21_50_22_220=0,rsv_vol_28_50_22_220=0,rsv_vol_37_50_22_220=0.483474,rsv_vol_63_50_22_220=7.80866,rsv_vol_65_50_22_220=-16.6852,rsv_vol_67_50_22_220=2751.78,sddp_alpha_0_21=1000
o,21,1,sddp_ecut_0_21_91_29,1.97243e+08,,rsv_vol_1_50_21_210=0,rsv_vol_6_50_21_210=0.327868,rsv_vol_21_50_21_210=0,rsv_vol_28_50_21_210=0,rsv_vol_37_50_21_210=0.353737,rsv_vol_63_50_21_210=7.20799,rsv_vol_65_50_21_210=-16.6852,rsv_vol_67_50_21_210=1323.9,sddp_alpha_0_20=1000
o,20,1,sddp_ecut_0_20_91_30,2.24944e+08,,rsv_vol_1_50_20_200=0,rsv_vol_6_50_20_200=0.396313,rsv_vol_21_50_20_200=0,rsv_vol_28_50_20_200=0,rsv_vol_37_50_20_200=0.345962,rsv_vol_63_50_20_200=6.00666,rsv_vol_65_50_20_200=-50.0555,rsv_vol_67_50_20_200=1140.36,sddp_alpha_0_19=1000
o,19,1,sddp_ecut_0_19_91_31,1.9615e+08,,rsv_vol_1_50_19_190=0,rsv_vol_6_50_19_190=0.358616,rsv_vol_21_50_19_190=0,rsv_vol_28_50_19_190=0,rsv_vol_37_50_19_190=0.248175,rsv_vol_63_50_19_190=7.20799,rsv_vol_65_50_19_190=-50.0555,rsv_vol_67_50_19_190=392.776,sddp_alpha_0_18=1000
o,18,1,sddp_ecut_0_18_91_32,2.4088e+08,,rsv_vol_1_50_18_180=0,rsv_vol_6_50_18_180=0.402678,rsv_vol_21_50_18_180=0,rsv_vol_28_50_18_180=0,rsv_vol_37_50_18_180=0.414202,rsv_vol_63_50_18_180=7.26547,rsv_vol_65_50_18_180=-50.4547,rsv_vol_67_50_18_180=2041.26,sddp_alpha_0_17=1000
o,17,1,sddp_ecut_0_17_91_33,2.42099e+08,,rsv_vol_1_50_17_170=0,rsv_vol_6_50_17_170=0.412814,rsv_vol_21_50_17_170=0,rsv_vol_28_50_17_170=0,rsv_vol_37_50_17_170=0.503725,rsv_vol_63_50_17_170=7.26547,rsv_vol_65_50_17_170=-33.6364,rsv_vol_67_50_17_170=1572.26,sddp_alpha_0_16=1000
o,16,1,sddp_ecut_0_16_91_34,2.42624e+08,,rsv_vol_1_50_16_160=0,rsv_vol_6_50_16_160=0.418494,rsv_vol_21_50_16_160=0,rsv_vol_28_50_16_160=0,rsv_vol_37_50_16_160=0.488897,rsv_vol_63_50_16_160=6.66001,rsv_vol_65_50_16_160=0,rsv_vol_67_50_16_160=3249.37,sddp_alpha_0_15=1000
o,15,1,sddp_ecut_0_15_91_35,2.12073e+08,,rsv_vol_1_50_15_150=0,rsv_vol_6_50_15_150=0.375323,rsv_vol_21_50_15_150=0,rsv_vol_28_50_15_150=0,rsv_vol_37_50_15_150=0.336979,rsv_vol_63_50_15_150=4.23819,rsv_vol_65_50_15_150=-16.8182,rsv_vol_67_50_15_150=772.609,sddp_alpha_0_14=1000
o,14,1,sddp_ecut_0_14_91_36,2.51893e+08,,rsv_vol_1_50_14_140=0,rsv_vol_6_50_14_140=0.486347,rsv_vol_21_50_14_140=0,rsv_vol_28_50_14_140=0,rsv_vol_37_50_14_140=0.585543,rsv_vol_63_50_14_140=4.88227,rsv_vol_65_50_14_140=-16.9523,rsv_vol_67_50_14_140=5388.82,sddp_alpha_0_13=1000
o,13,1,sddp_ecut_0_13_91_37,2.17886e+08,,rsv_vol_1_50_13_130=0,rsv_vol_6_50_13_130=0.381142,rsv_vol_21_50_13_130=0,rsv_vol_28_50_13_130=0,rsv_vol_37_50_13_130=0.384669,rsv_vol_63_50_13_130=3.05446,rsv_vol_65_50_13_130=-16.9523,rsv_vol_67_50_13_130=1364.34,sddp_alpha_0_12=1000
o,12,1,sddp_ecut_0_12_91_38,2.49692e+08,,rsv_vol_1_50_12_120=0,rsv_vol_6_50_12_120=0.463542,rsv_vol_21_50_12_120=0,rsv_vol_28_50_12_120=0,rsv_vol_37_50_12_120=0.569366,rsv_vol_63_50_12_120=3.66341,rsv_vol_65_50_12_120=-33.9046,rsv_vol_67_50_12_120=4862.43,sddp_alpha_0_11=1000
o,11,1,sddp_ecut_0_11_91_39,2.19629e+08,,rsv_vol_1_50_11_110=0,rsv_vol_6_50_11_110=0.422289,rsv_vol_21_50_11_110=0,rsv_vol_28_50_11_110=0,rsv_vol_37_50_11_110=0.549519,rsv_vol_63_50_11_110=1.22057,rsv_vol_65_50_11_110=0,rsv_vol_67_50_11_110=1867.99,sddp_alpha_0_10=1000
o,10,1,sddp_ecut_0_10_91_40,2.60918e+08,,rsv_vol_1_50_10_100=0,rsv_vol_6_50_10_100=0.460434,rsv_vol_21_50_10_100=0,rsv_vol_28_50_10_100=0,rsv_vol_37_50_10_100=0.520056,rsv_vol_63_50_10_100=1.2303,rsv_vol_65_50_10_100=-34.175,rsv_vol_67_50_10_100=2725.03,sddp_alpha_0_9=1000
o,9,1,sddp_ecut_0_9_91_41,2.6257e+08,,rsv_vol_1_50_9_90=0,rsv_vol_6_50_9_90=0.471838,rsv_vol_21_50_9_90=0,rsv_vol_28_50_9_90=0,rsv_vol_37_50_9_90=0.533764,rsv_vol_63_50_9_90=0,rsv_vol_65_50_9_90=-17.0875,rsv_vol_67_50_9_90=2030.46,sddp_alpha_0_8=1000
o,8,1,sddp_ecut_0_8_91_42,2.63448e+08,,rsv_vol_1_50_8_80=0,rsv_vol_6_50_8_80=0.479546,rsv_vol_21_50_8_80=0,rsv_vol_28_50_8_80=0,rsv_vol_37_50_8_80=0.774691,rsv_vol_63_50_8_80=0.00579216,rsv_vol_65_50_8_80=-17.0875,rsv_vol_67_50_8_80=4295.42,sddp_alpha_0_7=1000
o,7,1,sddp_ecut_0_7_91_43,2.31658e+08,,rsv_vol_1_50_7_70=0,rsv_vol_6_50_7_70=0.434487,rsv_vol_21_50_7_70=0,rsv_vol_28_50_7_70=0,rsv_vol_37_50_7_70=0.680909,rsv_vol_63_50_7_70=0.00517157,rsv_vol_65_50_7_70=-17.0875,rsv_vol_67_50_7_70=3123.81,sddp_alpha_0_6=1000
o,6,1,sddp_ecut_0_6_91_44,2.81814e+08,,rsv_vol_1_50_6_60=0,rsv_vol_6_50_6_60=0.528607,rsv_vol_21_50_6_60=0,rsv_vol_28_50_6_60=0,rsv_vol_37_50_6_60=0.936707,rsv_vol_63_50_6_60=0.00756529,rsv_vol_65_50_6_60=0,rsv_vol_67_50_6_60=5943.57,sddp_alpha_0_5=1000
o,5,1,sddp_ecut_0_5_91_45,2.81885e+08,,rsv_vol_1_50_5_50=0,rsv_vol_6_50_5_50=0.554327,rsv_vol_21_50_5_50=0,rsv_vol_28_50_5_50=0,rsv_vol_37_50_5_50=0.73746,rsv_vol_63_50_5_50=0.00649041,rsv_vol_65_50_5_50=0,rsv_vol_67_50_5_50=4823.92,sddp_alpha_0_4=1000
o,4,1,sddp_ecut_0_4_91_46,2.83267e+08,,rsv_vol_1_50_4_40=0,rsv_vol_6_50_4_40=0.554263,rsv_vol_21_50_4_40=0,rsv_vol_28_50_4_40=0,rsv_vol_37_50_4_40=0.812836,rsv_vol_63_50_4_40=0,rsv_vol_65_50_4_40=0,rsv_vol_67_50_4_40=2573.44,sddp_alpha_0_3=1000
o,3,1,sddp_ecut_0_3_91_47,2.50811e+08,,rsv_vol_1_50_3_30=0,rsv_vol_6_50_3_30=0.545396,rsv_vol_21_50_3_30=0,rsv_vol_28_50_3_30=0,rsv_vol_37_50_3_30=0.744395,rsv_vol_63_50_3_30=0,rsv_vol_65_50_3_30=-34.4475,rsv_vol_67_50_3_30=2830.48,sddp_alpha_0_2=1000
o,2,1,sddp_ecut_0_2_91_48,2.25338e+08,,rsv_vol_1_50_2_20=0,rsv_vol_6_50_2_20=0.707866,rsv_vol_21_50_2_20=0,rsv_vol_28_50_2_20=0,rsv_vol_37_50_2_20=0.488828,rsv_vol_63_50_2_20=0,rsv_vol_65_50_2_20=-69.4444,rsv_vol_67_50_2_20=6213.54,sddp_alpha_0_1=1000
o,1,1,sddp_ecut_0_1_91_49,2.65508e+08,,rsv_vol_1_50_1_10=0,rsv_vol_6_50_1_10=0.843154,rsv_vol_21_50_1_10=0,rsv_vol_28_50_1_10=0,rsv_vol_37_50_1_10=0.507562,rsv_vol_63_50_1_10=0,rsv_vol_65_50_1_10=-17.3611,rsv_vol_67_50_1_10=9920.79,sddp_alpha_0_0=1000
o,50,1,sddp_ecut_0_50_92_0,7.4197e+08,,rsv_vol_1_50_50_500=0,rsv_vol_6_50_50_500=1.94792,rsv_vol_21_50_50_500=0,rsv_vol_28_50_50_500=0,rsv_vol_37_50_50_500=2.90475,rsv_vol_63_50_50_500=9343.02,rsv_vol_65_50_50_500=35009.8,rsv_vol_67_50_50_500=15127.2,sddp_alpha_0_49=1000
o,49,1,sddp_ecut_0_49_92_1,5.94245e+08,,rsv_vol_1_50_49_490=0,rsv_vol_6_50_49_490=-12.3816,rsv_vol_21_50_49_490=0,rsv_vol_28_50_49_490=0,rsv_vol_37_50_49_490=1.87958,rsv_vol_63_50_49_490=8418.64,rsv_vol_65_50_49_490=0,rsv_vol_67_50_49_490=14416.9,sddp_alpha_0_48=1000
o,48,1,sddp_ecut_0_48_92_2,6.5112e+08,,rsv_vol_1_50_48_480=0,rsv_vol_6_50_48_480=-26.4146,rsv_vol_21_50_48_480=0,rsv_vol_28_50_48_480=0,rsv_vol_37_50_48_480=2.43005,rsv_vol_63_50_48_480=7621.99,rsv_vol_65_50_48_480=0,rsv_vol_67_50_48_480=13639.3,sddp_alpha_0_47=1000
o,47,1,sddp_ecut_0_47_92_3,6.4186e+08,,rsv_vol_1_50_47_470=0,rsv_vol_6_50_47_470=-95.2668,rsv_vol_21_50_47_470=0,rsv_vol_28_50_47_470=0,rsv_vol_37_50_47_470=1.45394,rsv_vol_63_50_47_470=7678.17,rsv_vol_65_50_47_470=0,rsv_vol_67_50_47_470=9022.1,sddp_alpha_0_46=1000
o,46,1,sddp_ecut_0_46_92_4,6.21959e+08,,rsv_vol_1_50_46_460=0,rsv_vol_6_50_46_460=-123.55,rsv_vol_21_50_46_460=0,rsv_vol_28_50_46_460=0,rsv_vol_37_50_46_460=1.76338,rsv_vol_63_50_46_460=7622.2,rsv_vol_65_50_46_460=0,rsv_vol_67_50_46_460=6941.93,sddp_alpha_0_45=1000
o,45,1,sddp_ecut_0_45_92_5,6.87401e+08,,rsv_vol_1_50_45_450=0,rsv_vol_6_50_45_450=0.839902,rsv_vol_21_50_45_450=0,rsv_vol_28_50_45_450=0,rsv_vol_37_50_45_450=2.51234,rsv_vol_63_50_45_450=7123.3,rsv_vol_65_50_45_450=0,rsv_vol_67_50_45_450=11127.6,sddp_alpha_0_44=1000
o,44,1,sddp_ecut_0_44_92_6,6.90026e+08,,rsv_vol_1_50_44_440=0,rsv_vol_6_50_44_440=1.09349,rsv_vol_21_50_44_440=0,rsv_vol_28_50_44_440=0,rsv_vol_37_50_44_440=2.27898,rsv_vol_63_50_44_440=7545.16,rsv_vol_65_50_44_440=-28.0204,rsv_vol_67_50_44_440=10508.2,sddp_alpha_0_43=1000
o,43,1,sddp_ecut_0_43_92_7,7.71882e+08,,rsv_vol_1_50_43_430=0,rsv_vol_6_50_43_430=1.45338,rsv_vol_21_50_43_430=0,rsv_vol_28_50_43_430=0,rsv_vol_37_50_43_430=2.45561,rsv_vol_63_50_43_430=6525.85,rsv_vol_65_50_43_430=-28.2438,rsv_vol_67_50_43_430=12635.8,sddp_alpha_0_42=1000
o,42,1,sddp_ecut_0_42_92_8,8.26884e+08,,rsv_vol_1_50_42_420=0,rsv_vol_6_50_42_420=2.01369,rsv_vol_21_50_42_420=0,rsv_vol_28_50_42_420=0,rsv_vol_37_50_42_420=3.00551,rsv_vol_63_50_42_420=8883.06,rsv_vol_65_50_42_420=-14.2345,rsv_vol_67_50_42_420=14733.5,sddp_alpha_0_41=1000
o,41,1,sddp_ecut_0_41_92_9,8.32332e+08,,rsv_vol_1_50_41_410=0,rsv_vol_6_50_41_410=1.89132,rsv_vol_21_50_41_410=0,rsv_vol_28_50_41_410=0,rsv_vol_37_50_41_410=2.95122,rsv_vol_63_50_41_410=6677.09,rsv_vol_65_50_41_410=4962.15,rsv_vol_67_50_41_410=11700.4,sddp_alpha_0_40=1000
o,40,1,sddp_ecut_0_40_92_10,8.47719e+08,,rsv_vol_1_50_40_400=0,rsv_vol_6_50_40_400=2.03587,rsv_vol_21_50_40_400=0,rsv_vol_28_50_40_400=0,rsv_vol_37_50_40_400=4.35808,rsv_vol_63_50_40_400=8532.25,rsv_vol_65_50_40_400=4695.37,rsv_vol_67_50_40_400=14517.1,sddp_alpha_0_39=1000
o,39,1,sddp_ecut_0_39_92_11,7.73673e+08,,rsv_vol_1_50_39_390=0,rsv_vol_6_50_39_390=1.80547,rsv_vol_21_50_39_390=0,rsv_vol_28_50_39_390=0,rsv_vol_37_50_39_390=3.81567,rsv_vol_63_50_39_390=8647.2,rsv_vol_65_50_39_390=4663.56,rsv_vol_67_50_39_390=15042.9,sddp_alpha_0_38=1000
o,38,1,sddp_ecut_0_38_92_12,7.79346e+08,,rsv_vol_1_50_38_380=0,rsv_vol_6_50_38_380=-12.7532,rsv_vol_21_50_38_380=0,rsv_vol_28_50_38_380=0,rsv_vol_37_50_38_380=2.83015,rsv_vol_63_50_38_380=9549.15,rsv_vol_65_50_38_380=12661.7,rsv_vol_67_50_38_380=-235.104,sddp_alpha_0_37=1000
o,37,1,sddp_ecut_0_37_92_13,6.45813e+08,,rsv_vol_1_50_37_370=0,rsv_vol_6_50_37_370=-13.6252,rsv_vol_21_50_37_370=0,rsv_vol_28_50_37_370=0,rsv_vol_37_50_37_370=2.23528,rsv_vol_63_50_37_370=9443.88,rsv_vol_65_50_37_370=0,rsv_vol_67_50_37_370=15930,sddp_alpha_0_36=1000
o,36,1,sddp_ecut_0_36_92_14,7.0939e+08,,rsv_vol_1_50_36_360=0,rsv_vol_6_50_36_360=-29.2047,rsv_vol_21_50_36_360=0,rsv_vol_28_50_36_360=0,rsv_vol_37_50_36_360=2.77566,rsv_vol_63_50_36_360=9090.91,rsv_vol_65_50_36_360=0,rsv_vol_67_50_36_360=15229.1,sddp_alpha_0_35=1000
o,35,1,sddp_ecut_0_35_92_15,7.38236e+08,,rsv_vol_1_50_35_350=0,rsv_vol_6_50_35_350=-105.102,rsv_vol_21_50_35_350=0,rsv_vol_28_50_35_350=0,rsv_vol_37_50_35_350=0.693072,rsv_vol_63_50_35_350=8573.34,rsv_vol_65_50_35_350=0,rsv_vol_67_50_35_350=3253.05,sddp_alpha_0_34=1000
o,34,1,sddp_ecut_0_34_92_16,7.15841e+08,,rsv_vol_1_50_34_340=0,rsv_vol_6_50_34_340=-29.8209,rsv_vol_21_50_34_340=0,rsv_vol_28_50_34_340=0,rsv_vol_37_50_34_340=1.1029,rsv_vol_63_50_34_340=9189.82,rsv_vol_65_50_34_340=0,rsv_vol_67_50_34_340=1639.13,sddp_alpha_0_33=1000
o,33,1,sddp_ecut_0_33_92_17,7.85711e+08,,rsv_vol_1_50_33_330=0,rsv_vol_6_50_33_330=1.41522,rsv_vol_21_50_33_330=0,rsv_vol_28_50_33_330=0,rsv_vol_37_50_33_330=2.15555,rsv_vol_63_50_33_330=7432.22,rsv_vol_65_50_33_330=0,rsv_vol_67_50_33_330=7990.96,sddp_alpha_0_32=1000
o,32,1,sddp_ecut_0_32_92_18,7.86227e+08,,rsv_vol_1_50_32_320=0,rsv_vol_6_50_32_320=1.50884,rsv_vol_21_50_32_320=0,rsv_vol_28_50_32_320=0,rsv_vol_37_50_32_320=1.93903,rsv_vol_63_50_32_320=4402.97,rsv_vol_65_50_32_320=0,rsv_vol_67_50_32_320=8573.67,sddp_alpha_0_31=1000
o,31,1,sddp_ecut_0_31_92_19,8.80882e+08,,rsv_vol_1_50_31_310=0,rsv_vol_6_50_31_310=1.86777,rsv_vol_21_50_31_310=0,rsv_vol_28_50_31_310=0,rsv_vol_37_50_31_310=2.48662,rsv_vol_63_50_31_310=1807.29,rsv_vol_65_50_31_310=-15.5341,rsv_vol_67_50_31_310=12724.6,sddp_alpha_0_30=1000
o,30,1,sddp_ecut_0_30_92_20,9.50338e+08,,rsv_vol_1_50_30_300=0,rsv_vol_6_50_30_300=2.42933,rsv_vol_21_50_30_300=0,rsv_vol_28_50_30_300=0,rsv_vol_37_50_30_300=3.57529,rsv_vol_63_50_30_300=8717.49,rsv_vol_65_50_30_300=-31.3159,rsv_vol_67_50_30_300=16476.2,sddp_alpha_0_29=1000
o,29,1,sddp_ecut_0_29_92_21,9.75418e+08,,rsv_vol_1_50_29_290=0,rsv_vol_6_50_29_290=3.07721,rsv_vol_21_50_29_290=0,rsv_vol_28_50_29_290=0,rsv_vol_37_50_29_290=2.22383,rsv_vol_63_50_29_290=8648.77,rsv_vol_65_50_29_290=15585.7,rsv_vol_67_50_29_290=3619.72,sddp_alpha_0_28=1000
o,28,1,sddp_ecut_0_28_92_22,1.03339e+09,,rsv_vol_1_50_28_280=0,rsv_vol_6_50_28_280=3.41761,rsv_vol_21_50_28_280=0,rsv_vol_28_50_28_280=0,rsv_vol_37_50_28_280=6.63199,rsv_vol_63_50_28_280=10199,rsv_vol_65_50_28_280=23688.4,rsv_vol_67_50_28_280=1852.15,sddp_alpha_0_27=1000
o,27,1,sddp_ecut_0_27_92_23,9.23448e+08,,rsv_vol_1_50_27_270=0,rsv_vol_6_50_27_270=-30.9372,rsv_vol_21_50_27_270=0,rsv_vol_28_50_27_270=0,rsv_vol_37_50_27_270=1.23183,rsv_vol_63_50_27_270=9289.17,rsv_vol_65_50_27_270=4392.88,rsv_vol_67_50_27_270=-256.569,sddp_alpha_0_26=1000
o,26,1,sddp_ecut_0_26_92_24,9.38607e+08,,rsv_vol_1_50_26_260=0,rsv_vol_6_50_26_260=-47.1974,rsv_vol_21_50_26_260=0,rsv_vol_28_50_26_260=0,rsv_vol_37_50_26_260=5.18722,rsv_vol_63_50_26_260=10361.7,rsv_vol_65_50_26_260=0,rsv_vol_67_50_26_260=17207.8,sddp_alpha_0_25=1000
o,25,1,sddp_ecut_0_25_92_25,8.2928e+08,,rsv_vol_1_50_25_250=0,rsv_vol_6_50_25_250=-63.968,rsv_vol_21_50_25_250=0,rsv_vol_28_50_25_250=0,rsv_vol_37_50_25_250=4.78176,rsv_vol_63_50_25_250=11019,rsv_vol_65_50_25_250=0,rsv_vol_67_50_25_250=18631.8,sddp_alpha_0_24=1000
o,24,1,sddp_ecut_0_24_92_26,9.00769e+08,,rsv_vol_1_50_24_240=0,rsv_vol_6_50_24_240=-146.75,rsv_vol_21_50_24_240=0,rsv_vol_28_50_24_240=0,rsv_vol_37_50_24_240=3.85428,rsv_vol_63_50_24_240=10337,rsv_vol_65_50_24_240=0,rsv_vol_67_50_24_240=17158.7,sddp_alpha_0_23=1000
o,23,1,sddp_ecut_0_23_92_27,8.7139e+08,,rsv_vol_1_50_23_230=0,rsv_vol_6_50_23_230=-115.323,rsv_vol_21_50_23_230=0,rsv_vol_28_50_23_230=0,rsv_vol_37_50_23_230=1.29822,rsv_vol_63_50_23_230=8882.42,rsv_vol_65_50_23_230=0,rsv_vol_67_50_23_230=6594.82,sddp_alpha_0_22=1000
o,22,1,sddp_ecut_0_22_92_28,2.25306e+08,,rsv_vol_1_50_22_220=0,rsv_vol_6_50_22_220=0.3573,rsv_vol_21_50_22_220=0,rsv_vol_28_50_22_220=0,rsv_vol_37_50_22_220=0.483474,rsv_vol_63_50_22_220=7.80866,rsv_vol_65_50_22_220=-16.6852,rsv_vol_67_50_22_220=2751.78,sddp_alpha_0_21=1000
o,21,1,sddp_ecut_0_21_92_29,1.97243e+08,,rsv_vol_1_50_21_210=0,rsv_vol_6_50_21_210=0.327868,rsv_vol_21_50_21_210=0,rsv_vol_28_50_21_210=0,rsv_vol_37_50_21_210=0.353737,rsv_vol_63_50_21_210=7.20799,rsv_vol_65_50_21_210=-16.6852,rsv_vol_67_50_21_210=1323.9,sddp_alpha_0_20=1000
o,20,1,sddp_ecut_0_20_92_30,2.24944e+08,,rsv_vol_1_50_20_200=0,rsv_vol_6_50_20_200=0.396313,rsv_vol_21_50_20_200=0,rsv_vol_28_50_20_200=0,rsv_vol_37_50_20_200=0.345962,rsv_vol_63_50_20_200=6.00666,rsv_vol_65_50_20_200=-50.0555,rsv_vol_67_50_20_200=1140.36,sddp_alpha_0_19=1000
o,19,1,sddp_ecut_0_19_92_31,1.9615e+08,,rsv_vol_1_50_19_190=0,rsv_vol_6_50_19_190=0.358616,rsv_vol_21_50_19_190=0,rsv_vol_28_50_19_190=0,rsv_vol_37_50_19_190=0.248175,rsv_vol_63_50_19_190=7.20799,rsv_vol_65_50_19_190=-50.0555,rsv_vol_67_50_19_190=392.776,sddp_alpha_0_18=1000
o,18,1,sddp_ecut_0_18_92_32,2.4088e+08,,rsv_vol_1_50_18_180=0,rsv_vol_6_50_18_180=0.402678,rsv_vol_21_50_18_180=0,rsv_vol_28_50_18_180=0,rsv_vol_37_50_18_180=0.414202,rsv_vol_63_50_18_180=7.26547,rsv_vol_65_50_18_180=-50.4547,rsv_vol_67_50_18_180=2041.26,sddp_alpha_0_17=1000
o,17,1,sddp_ecut_0_17_92_33,2.42099e+08,,rsv_vol_1_50_17_170=0,rsv_vol_6_50_17_170=0.412814,rsv_vol_21_50_17_170=0,rsv_vol_28_50_17_170=0,rsv_vol_37_50_17_170=0.503725,rsv_vol_63_50_17_170=7.26547,rsv_vol_65_50_17_170=-33.6364,rsv_vol_67_50_17_170=1572.26,sddp_alpha_0_16=1000
o,16,1,sddp_ecut_0_16_92_34,2.42624e+08,,rsv_vol_1_50_16_160=0,rsv_vol_6_50_16_160=0.418494,rsv_vol_21_50_16_160=0,rsv_vol_28_50_16_160=0,rsv_vol_37_50_16_160=0.488897,rsv_vol_63_50_16_160=6.66001,rsv_vol_65_50_16_160=0,rsv_vol_67_50_16_160=3249.37,sddp_alpha_0_15=1000
o,15,1,sddp_ecut_0_15_92_35,2.12073e+08,,rsv_vol_1_50_15_150=0,rsv_vol_6_50_15_150=0.375323,rsv_vol_21_50_15_150=0,rsv_vol_28_50_15_150=0,rsv_vol_37_50_15_150=0.336979,rsv_vol_63_50_15_150=4.23819,rsv_vol_65_50_15_150=-16.8182,rsv_vol_67_50_15_150=772.609,sddp_alpha_0_14=1000
o,14,1,sddp_ecut_0_14_92_36,2.51893e+08,,rsv_vol_1_50_14_140=0,rsv_vol_6_50_14_140=0.486347,rsv_vol_21_50_14_140=0,rsv_vol_28_50_14_140=0,rsv_vol_37_50_14_140=0.585543,rsv_vol_63_50_14_140=4.88227,rsv_vol_65_50_14_140=-16.9523,rsv_vol_67_50_14_140=5388.82,sddp_alpha_0_13=1000
o,13,1,sddp_ecut_0_13_92_37,2.17886e+08,,rsv_vol_1_50_13_130=0,rsv_vol_6_50_13_130=0.381142,rsv_vol_21_50_13_130=0,rsv_vol_28_50_13_130=0,rsv_vol_37_50_13_130=0.384669,rsv_vol_63_50_13_130=3.05446,rsv_vol_65_50_13_130=-16.9523,rsv_vol_67_50_13_130=1364.34,sddp_alpha_0_12=1000
o,12,1,sddp_ecut_0_12_92_38,2.49692e+08,,rsv_vol_1_50_12_120=0,rsv_vol_6_50_12_120=0.463542,rsv_vol_21_50_12_120=0,rsv_vol_28_50_12_120=0,rsv_vol_37_50_12_120=0.569366,rsv_vol_63_50_12_120=3.66341,rsv_vol_65_50_12_120=-33.9046,rsv_vol_67_50_12_120=4862.43,sddp_alpha_0_11=1000
o,11,1,sddp_ecut_0_11_92_39,2.19629e+08,,rsv_vol_1_50_11_110=0,rsv_vol_6_50_11_110=0.422289,rsv_vol_21_50_11_110=0,rsv_vol_28_50_11_110=0,rsv_vol_37_50_11_110=0.549519,rsv_vol_63_50_11_110=1.22057,rsv_vol_65_50_11_110=0,rsv_vol_67_50_11_110=1867.99,sddp_alpha_0_10=1000
o,10,1,sddp_ecut_0_10_92_40,2.60918e+08,,rsv_vol_1_50_10_100=0,rsv_vol_6_50_10_100=0.460434,rsv_vol_21_50_10_100=0,rsv_vol_28_50_10_100=0,rsv_vol_37_50_10_100=0.520056,rsv_vol_63_50_10_100=1.2303,rsv_vol_65_50_10_100=-34.175,rsv_vol_67_50_10_100=2725.03,sddp_alpha_0_9=1000
o,9,1,sddp_ecut_0_9_92_41,2.6257e+08,,rsv_vol_1_50_9_90=0,rsv_vol_6_50_9_90=0.471838,rsv_vol_21_50_9_90=0,rsv_vol_28_50_9_90=0,rsv_vol_37_50_9_90=0.533764,rsv_vol_63_50_9_90=0,rsv_vol_65_50_9_90=-17.0875,rsv_vol_67_50_9_90=2030.46,sddp_alpha_0_8=1000
o,8,1,sddp_ecut_0_8_92_42,2.63448e+08,,rsv_vol_1_50_8_80=0,rsv_vol_6_50_8_80=0.479546,rsv_vol_21_50_8_80=0,rsv_vol_28_50_8_80=0,rsv_vol_37_50_8_80=0.774691,rsv_vol_63_50_8_80=0.00579216,rsv_vol_65_50_8_80=-17.0875,rsv_vol_67_50_8_80=4295.42,sddp_alpha_0_7=1000
o,7,1,sddp_ecut_0_7_92_43,2.31658e+08,,rsv_vol_1_50_7_70=0,rsv_vol_6_50_7_70=0.434487,rsv_vol_21_50_7_70=0,rsv_vol_28_50_7_70=0,rsv_vol_37_50_7_70=0.680909,rsv_vol_63_50_7_70=0.00517157,rsv_vol_65_50_7_70=-17.0875,rsv_vol_67_50_7_70=3123.81,sddp_alpha_0_6=1000
o,6,1,sddp_ecut_0_6_92_44,2.81814e+08,,rsv_vol_1_50_6_60=0,rsv_vol_6_50_6_60=0.528607,rsv_vol_21_50_6_60=0,rsv_vol_28_50_6_60=0,rsv_vol_37_50_6_60=0.936707,rsv_vol_63_50_6_60=0.00756529,rsv_vol_65_50_6_60=0,rsv_vol_67_50_6_60=5943.57,sddp_alpha_0_5=1000
o,5,1,sddp_ecut_0_5_92_45,2.81885e+08,,rsv_vol_1_50_5_50=0,rsv_vol_6_50_5_50=0.554327,rsv_vol_21_50_5_50=0,rsv_vol_28_50_5_50=0,rsv_vol_37_50_5_50=0.73746,rsv_vol_63_50_5_50=0.00649041,rsv_vol_65_50_5_50=0,rsv_vol_67_50_5_50=4823.92,sddp_alpha_0_4=1000
o,4,1,sddp_ecut_0_4_92_46,2.83267e+08,,rsv_vol_1_50_4_40=0,rsv_vol_6_50_4_40=0.554263,rsv_vol_21_50_4_40=0,rsv_vol_28_50_4_40=0,rsv_vol_37_50_4_40=0.812836,rsv_vol_63_50_4_40=0,rsv_vol_65_50_4_40=0,rsv_vol_67_50_4_40=2573.44,sddp_alpha_0_3=1000
o,3,1,sddp_ecut_0_3_92_47,2.50811e+08,,rsv_vol_1_50_3_30=0,rsv_vol_6_50_3_30=0.545396,rsv_vol_21_50_3_30=0,rsv_vol_28_50_3_30=0,rsv_vol_37_50_3_30=0.744395,rsv_vol_63_50_3_30=0,rsv_vol_65_50_3_30=-34.4475,rsv_vol_67_50_3_30=2830.48,sddp_alpha_0_2=1000
o,2,1,sddp_ecut_0_2_92_48,2.25338e+08,,rsv_vol_1_50_2_20=0,rsv_vol_6_50_2_20=0.707866,rsv_vol_21_50_2_20=0,rsv_vol_28_50_2_20=0,rsv_vol_37_50_2_20=0.488828,rsv_vol_63_50_2_20=0,rsv_vol_65_50_2_20=-69.4444,rsv_vol_67_50_2_20=6213.54,sddp_alpha_0_1=1000
o,1,1,sddp_ecut_0_1_92_49,2.65508e+08,,rsv_vol_1_50_1_10=0,rsv_vol_6_50_1_10=0.843154,rsv_vol_21_50_1_10=0,rsv_vol_28_50_1_10=0,rsv_vol_37_50_1_10=0.507562,rsv_vol_63_50_1_10=0,rsv_vol_65_50_1_10=-17.3611,rsv_vol_67_50_1_10=9920.79,sddp_alpha_0_0=1000
o,50,1,sddp_ecut_0_50_93_0,7.4197e+08,,rsv_vol_1_50_50_500=0,rsv_vol_6_50_50_500=1.94792,rsv_vol_21_50_50_500=0,rsv_vol_28_50_50_500=0,rsv_vol_37_50_50_500=2.90475,rsv_vol_63_50_50_500=9343.02,rsv_vol_65_50_50_500=35009.8,rsv_vol_67_50_50_500=15127.2,sddp_alpha_0_49=1000
o,49,1,sddp_ecut_0_49_93_1,5.94245e+08,,rsv_vol_1_50_49_490=0,rsv_vol_6_50_49_490=-12.3816,rsv_vol_21_50_49_490=0,rsv_vol_28_50_49_490=0,rsv_vol_37_50_49_490=1.87958,rsv_vol_63_50_49_490=8418.64,rsv_vol_65_50_49_490=0,rsv_vol_67_50_49_490=14416.9,sddp_alpha_0_48=1000
o,48,1,sddp_ecut_0_48_93_2,6.5112e+08,,rsv_vol_1_50_48_480=0,rsv_vol_6_50_48_480=-26.4146,rsv_vol_21_50_48_480=0,rsv_vol_28_50_48_480=0,rsv_vol_37_50_48_480=2.43005,rsv_vol_63_50_48_480=7621.99,rsv_vol_65_50_48_480=0,rsv_vol_67_50_48_480=13639.3,sddp_alpha_0_47=1000
o,47,1,sddp_ecut_0_47_93_3,6.4186e+08,,rsv_vol_1_50_47_470=0,rsv_vol_6_50_47_470=-95.2668,rsv_vol_21_50_47_470=0,rsv_vol_28_50_47_470=0,rsv_vol_37_50_47_470=1.45394,rsv_vol_63_50_47_470=7678.17,rsv_vol_65_50_47_470=0,rsv_vol_67_50_47_470=9022.1,sddp_alpha_0_46=1000
o,46,1,sddp_ecut_0_46_93_4,6.21959e+08,,rsv_vol_1_50_46_460=0,rsv_vol_6_50_46_460=-123.55,rsv_vol_21_50_46_460=0,rsv_vol_28_50_46_460=0,rsv_vol_37_50_46_460=1.76338,rsv_vol_63_50_46_460=7622.2,rsv_vol_65_50_46_460=0,rsv_vol_67_50_46_460=6941.93,sddp_alpha_0_45=1000
o,45,1,sddp_ecut_0_45_93_5,6.87401e+08,,rsv_vol_1_50_45_450=0,rsv_vol_6_50_45_450=0.839902,rsv_vol_21_50_45_450=0,rsv_vol_28_50_45_450=0,rsv_vol_37_50_45_450=2.51234,rsv_vol_63_50_45_450=7123.3,rsv_vol_65_50_45_450=0,rsv_vol_67_50_45_450=11127.6,sddp_alpha_0_44=1000
o,44,1,sddp_ecut_0_44_93_6,6.90026e+08,,rsv_vol_1_50_44_440=0,rsv_vol_6_50_44_440=1.09349,rsv_vol_21_50_44_440=0,rsv_vol_28_50_44_440=0,rsv_vol_37_50_44_440=2.27898,rsv_vol_63_50_44_440=7545.16,rsv_vol_65_50_44_440=-28.0204,rsv_vol_67_50_44_440=10508.2,sddp_alpha_0_43=1000
o,43,1,sddp_ecut_0_43_93_7,7.71882e+08,,rsv_vol_1_50_43_430=0,rsv_vol_6_50_43_430=1.45338,rsv_vol_21_50_43_430=0,rsv_vol_28_50_43_430=0,rsv_vol_37_50_43_430=2.45561,rsv_vol_63_50_43_430=6525.85,rsv_vol_65_50_43_430=-28.2438,rsv_vol_67_50_43_430=12635.8,sddp_alpha_0_42=1000
o,42,1,sddp_ecut_0_42_93_8,8.26884e+08,,rsv_vol_1_50_42_420=0,rsv_vol_6_50_42_420=2.01369,rsv_vol_21_50_42_420=0,rsv_vol_28_50_42_420=0,rsv_vol_37_50_42_420=3.00551,rsv_vol_63_50_42_420=8883.06,rsv_vol_65_50_42_420=-14.2345,rsv_vol_67_50_42_420=14733.5,sddp_alpha_0_41=1000
o,41,1,sddp_ecut_0_41_93_9,8.32332e+08,,rsv_vol_1_50_41_410=0,rsv_vol_6_50_41_410=1.89132,rsv_vol_21_50_41_410=0,rsv_vol_28_50_41_410=0,rsv_vol_37_50_41_410=2.95122,rsv_vol_63_50_41_410=6677.09,rsv_vol_65_50_41_410=4962.15,rsv_vol_67_50_41_410=11700.4,sddp_alpha_0_40=1000
o,40,1,sddp_ecut_0_40_93_10,8.47719e+08,,rsv_vol_1_50_40_400=0,rsv_vol_6_50_40_400=2.03587,rsv_vol_21_50_40_400=0,rsv_vol_28_50_40_400=0,rsv_vol_37_50_40_400=4.35808,rsv_vol_63_50_40_400=8532.25,rsv_vol_65_50_40_400=4695.37,rsv_vol_67_50_40_400=14517.1,sddp_alpha_0_39=1000
o,39,1,sddp_ecut_0_39_93_11,7.73673e+08,,rsv_vol_1_50_39_390=0,rsv_vol_6_50_39_390=1.80547,rsv_vol_21_50_39_390=0,rsv_vol_28_50_39_390=0,rsv_vol_37_50_39_390=3.81567,rsv_vol_63_50_39_390=8647.2,rsv_vol_65_50_39_390=4663.56,rsv_vol_67_50_39_390=15042.9,sddp_alpha_0_38=1000
o,38,1,sddp_ecut_0_38_93_12,7.79346e+08,,rsv_vol_1_50_38_380=0,rsv_vol_6_50_38_380=-12.7532,rsv_vol_21_50_38_380=0,rsv_vol_28_50_38_380=0,rsv_vol_37_50_38_380=2.83015,rsv_vol_63_50_38_380=9549.15,rsv_vol_65_50_38_380=12661.7,rsv_vol_67_50_38_380=-235.104,sddp_alpha_0_37=1000
o,37,1,sddp_ecut_0_37_93_13,6.45813e+08,,rsv_vol_1_50_37_370=0,rsv_vol_6_50_37_370=-13.6252,rsv_vol_21_50_37_370=0,rsv_vol_28_50_37_370=0,rsv_vol_37_50_37_370=2.23528,rsv_vol_63_50_37_370=9443.88,rsv_vol_65_50_37_370=0,rsv_vol_67_50_37_370=15930,sddp_alpha_0_36=1000
o,36,1,sddp_ecut_0_36_93_14,7.0939e+08,,rsv_vol_1_50_36_360=0,rsv_vol_6_50_36_360=-29.2047,rsv_vol_21_50_36_360=0,rsv_vol_28_50_36_360=0,rsv_vol_37_50_36_360=2.77566,rsv_vol_63_50_36_360=9090.91,rsv_vol_65_50_36_360=0,rsv_vol_67_50_36_360=15229.1,sddp_alpha_0_35=1000
o,35,1,sddp_ecut_0_35_93_15,7.38236e+08,,rsv_vol_1_50_35_350=0,rsv_vol_6_50_35_350=-105.102,rsv_vol_21_50_35_350=0,rsv_vol_28_50_35_350=0,rsv_vol_37_50_35_350=0.693072,rsv_vol_63_50_35_350=8573.34,rsv_vol_65_50_35_350=0,rsv_vol_67_50_35_350=3253.05,sddp_alpha_0_34=1000
o,34,1,sddp_ecut_0_34_93_16,7.15841e+08,,rsv_vol_1_50_34_340=0,rsv_vol_6_50_34_340=-29.8209,rsv_vol_21_50_34_340=0,rsv_vol_28_50_34_340=0,rsv_vol_37_50_34_340=1.1029,rsv_vol_63_50_34_340=9189.82,rsv_vol_65_50_34_340=0,rsv_vol_67_50_34_340=1639.13,sddp_alpha_0_33=1000
o,33,1,sddp_ecut_0_33_93_17,7.85711e+08,,rsv_vol_1_50_33_330=0,rsv_vol_6_50_33_330=1.41522,rsv_vol_21_50_33_330=0,rsv_vol_28_50_33_330=0,rsv_vol_37_50_33_330=2.15555,rsv_vol_63_50_33_330=7432.22,rsv_vol_65_50_33_330=0,rsv_vol_67_50_33_330=7990.96,sddp_alpha_0_32=1000
o,32,1,sddp_ecut_0_32_93_18,7.86227e+08,,rsv_vol_1_50_32_320=0,rsv_vol_6_50_32_320=1.50884,rsv_vol_21_50_32_320=0,rsv_vol_28_50_32_320=0,rsv_vol_37_50_32_320=1.93903,rsv_vol_63_50_32_320=4402.97,rsv_vol_65_50_32_320=0,rsv_vol_67_50_32_320=8573.67,sddp_alpha_0_31=1000
o,31,1,sddp_ecut_0_31_93_19,8.80882e+08,,rsv_vol_1_50_31_310=0,rsv_vol_6_50_31_310=1.86777,rsv_vol_21_50_31_310=0,rsv_vol_28_50_31_310=0,rsv_vol_37_50_31_310=2.48662,rsv_vol_63_50_31_310=1807.29,rsv_vol_65_50_31_310=-15.5341,rsv_vol_67_50_31_310=12724.6,sddp_alpha_0_30=1000
o,30,1,sddp_ecut_0_30_93_20,9.50338e+08,,rsv_vol_1_50_30_300=0,rsv_vol_6_50_30_300=2.42933,rsv_vol_21_50_30_300=0,rsv_vol_28_50_30_300=0,rsv_vol_37_50_30_300=3.57529,rsv_vol_63_50_30_300=8717.49,rsv_vol_65_50_30_300=-31.3159,rsv_vol_67_50_30_300=16476.2,sddp_alpha_0_29=1000
o,29,1,sddp_ecut_0_29_93_21,9.75418e+08,,rsv_vol_1_50_29_290=0,rsv_vol_6_50_29_290=3.07721,rsv_vol_21_50_29_290=0,rsv_vol_28_50_29_290=0,rsv_vol_37_50_29_290=2.22383,rsv_vol_63_50_29_290=8648.77,rsv_vol_65_50_29_290=15585.7,rsv_vol_67_50_29_290=3619.72,sddp_alpha_0_28=1000
o,28,1,sddp_ecut_0_28_93_22,1.03339e+09,,rsv_vol_1_50_28_280=0,rsv_vol_6_50_28_280=3.41761,rsv_vol_21_50_28_280=0,rsv_vol_28_50_28_280=0,rsv_vol_37_50_28_280=6.63199,rsv_vol_63_50_28_280=10199,rsv_vol_65_50_28_280=23688.4,rsv_vol_67_50_28_280=1852.15,sddp_alpha_0_27=1000
o,27,1,sddp_ecut_0_27_93_23,9.23448e+08,,rsv_vol_1_50_27_270=0,rsv_vol_6_50_27_270=-30.9372,rsv_vol_21_50_27_270=0,rsv_vol_28_50_27_270=0,rsv_vol_37_50_27_270=1.23183,rsv_vol_63_50_27_270=9289.17,rsv_vol_65_50_27_270=4392.88,rsv_vol_67_50_27_270=-256.569,sddp_alpha_0_26=1000
o,26,1,sddp_ecut_0_26_93_24,9.38607e+08,,rsv_vol_1_50_26_260=0,rsv_vol_6_50_26_260=-47.1974,rsv_vol_21_50_26_260=0,rsv_vol_28_50_26_260=0,rsv_vol_37_50_26_260=5.18722,rsv_vol_63_50_26_260=10361.7,rsv_vol_65_50_26_260=0,rsv_vol_67_50_26_260=17207.8,sddp_alpha_0_25=1000
o,25,1,sddp_ecut_0_25_93_25,8.2928e+08,,rsv_vol_1_50_25_250=0,rsv_vol_6_50_25_250=-63.968,rsv_vol_21_50_25_250=0,rsv_vol_28_50_25_250=0,rsv_vol_37_50_25_250=4.78176,rsv_vol_63_50_25_250=11019,rsv_vol_65_50_25_250=0,rsv_vol_67_50_25_250=18631.8,sddp_alpha_0_24=1000
o,24,1,sddp_ecut_0_24_93_26,9.00769e+08,,rsv_vol_1_50_24_240=0,rsv_vol_6_50_24_240=-146.75,rsv_vol_21_50_24_240=0,rsv_vol_28_50_24_240=0,rsv_vol_37_50_24_240=3.85428,rsv_vol_63_50_24_240=10337,rsv_vol_65_50_24_240=0,rsv_vol_67_50_24_240=17158.7,sddp_alpha_0_23=1000
o,23,1,sddp_ecut_0_23_93_27,8.7139e+08,,rsv_vol_1_50_23_230=0,rsv_vol_6_50_23_230=-115.323,rsv_vol_21_50_23_230=0,rsv_vol_28_50_23_230=0,rsv_vol_37_50_23_230=1.29822,rsv_vol_63_50_23_230=8882.42,rsv_vol_65_50_23_230=0,rsv_vol_67_50_23_230=6594.82,sddp_alpha_0_22=1000
o,22,1,sddp_ecut_0_22_93_28,2.25306e+08,,rsv_vol_1_50_22_220=0,rsv_vol_6_50_22_220=0.3573,rsv_vol_21_50_22_220=0,rsv_vol_28_50_22_220=0,rsv_vol_37_50_22_220=0.483474,rsv_vol_63_50_22_220=7.80866,rsv_vol_65_50_22_220=-16.6852,rsv_vol_67_50_22_220=2751.78,sddp_alpha_0_21=1000
o,21,1,sddp_ecut_0_21_93_29,1.97243e+08,,rsv_vol_1_50_21_210=0,rsv_vol_6_50_21_210=0.327868,rsv_vol_21_50_21_210=0,rsv_vol_28_50_21_210=0,rsv_vol_37_50_21_210=0.353737,rsv_vol_63_50_21_210=7.20799,rsv_vol_65_50_21_210=-16.6852,rsv_vol_67_50_21_210=1323.9,sddp_alpha_0_20=1000
o,20,1,sddp_ecut_0_20_93_30,2.24944e+08,,rsv_vol_1_50_20_200=0,rsv_vol_6_50_20_200=0.396313,rsv_vol_21_50_20_200=0,rsv_vol_28_50_20_200=0,rsv_vol_37_50_20_200=0.345962,rsv_vol_63_50_20_200=6.00666,rsv_vol_65_50_20_200=-50.0555,rsv_vol_67_50_20_200=1140.36,sddp_alpha_0_19=1000
o,19,1,sddp_ecut_0_19_93_31,1.9615e+08,,rsv_vol_1_50_19_190=0,rsv_vol_6_50_19_190=0.358616,rsv_vol_21_50_19_190=0,rsv_vol_28_50_19_190=0,rsv_vol_37_50_19_190=0.248175,rsv_vol_63_50_19_190=7.20799,rsv_vol_65_50_19_190=-50.0555,rsv_vol_67_50_19_190=392.776,sddp_alpha_0_18=1000
o,18,1,sddp_ecut_0_18_93_32,2.4088e+08,,rsv_vol_1_50_18_180=0,rsv_vol_6_50_18_180=0.402678,rsv_vol_21_50_18_180=0,rsv_vol_28_50_18_180=0,rsv_vol_37_50_18_180=0.414202,rsv_vol_63_50_18_180=7.26547,rsv_vol_65_50_18_180=-50.4547,rsv_vol_67_50_18_180=2041.26,sddp_alpha_0_17=1000
o,17,1,sddp_ecut_0_17_93_33,2.42099e+08,,rsv_vol_1_50_17_170=0,rsv_vol_6_50_17_170=0.412814,rsv_vol_21_50_17_170=0,rsv_vol_28_50_17_170=0,rsv_vol_37_50_17_170=0.503725,rsv_vol_63_50_17_170=7.26547,rsv_vol_65_50_17_170=-33.6364,rsv_vol_67_50_17_170=1572.26,sddp_alpha_0_16=1000
o,16,1,sddp_ecut_0_16_93_34,2.42624e+08,,rsv_vol_1_50_16_160=0,rsv_vol_6_50_16_160=0.418494,rsv_vol_21_50_16_160=0,rsv_vol_28_50_16_160=0,rsv_vol_37_50_16_160=0.488897,rsv_vol_63_50_16_160=6.66001,rsv_vol_65_50_16_160=0,rsv_vol_67_50_16_160=3249.37,sddp_alpha_0_15=1000
o,15,1,sddp_ecut_0_15_93_35,2.12073e+08,,rsv_vol_1_50_15_150=0,rsv_vol_6_50_15_150=0.375323,rsv_vol_21_50_15_150=0,rsv_vol_28_50_15_150=0,rsv_vol_37_50_15_150=0.336979,rsv_vol_63_50_15_150=4.23819,rsv_vol_65_50_15_150=-16.8182,rsv_vol_67_50_15_150=772.609,sddp_alpha_0_14=1000
o,14,1,sddp_ecut_0_14_93_36,2.51893e+08,,rsv_vol_1_50_14_140=0,rsv_vol_6_50_14_140=0.486347,rsv_vol_21_50_14_140=0,rsv_vol_28_50_14_140=0,rsv_vol_37_50_14_140=0.585543,rsv_vol_63_50_14_140=4.88227,rsv_vol_65_50_14_140=-16.9523,rsv_vol_67_50_14_140=5388.82,sddp_alpha_0_13=1000
o,13,1,sddp_ecut_0_13_93_37,2.17886e+08,,rsv_vol_1_50_13_130=0,rsv_vol_6_50_13_130=0.381142,rsv_vol_21_50_13_130=0,rsv_vol_28_50_13_130=0,rsv_vol_37_50_13_130=0.384669,rsv_vol_63_50_13_130=3.05447,rsv_vol_65_50_13_130=-16.9523,rsv_vol_67_50_13_130=1364.34,sddp_alpha_0_12=1000
o,12,1,sddp_ecut_0_12_93_38,2.49692e+08,,rsv_vol_1_50_12_120=0,rsv_vol_6_50_12_120=0.463542,rsv_vol_21_50_12_120=0,rsv_vol_28_50_12_120=0,rsv_vol_37_50_12_120=0.569366,rsv_vol_63_50_12_120=3.66341,rsv_vol_65_50_12_120=-33.9046,rsv_vol_67_50_12_120=4862.43,sddp_alpha_0_11=1000
o,11,1,sddp_ecut_0_11_93_39,2.19629e+08,,rsv_vol_1_50_11_110=0,rsv_vol_6_50_11_110=0.422289,rsv_vol_21_50_11_110=0,rsv_vol_28_50_11_110=0,rsv_vol_37_50_11_110=0.549519,rsv_vol_63_50_11_110=1.22057,rsv_vol_65_50_11_110=0,rsv_vol_67_50_11_110=1867.99,sddp_alpha_0_10=1000
o,10,1,sddp_ecut_0_10_93_40,2.60918e+08,,rsv_vol_1_50_10_100=0,rsv_vol_6_50_10_100=0.460434,rsv_vol_21_50_10_100=0,rsv_vol_28_50_10_100=0,rsv_vol_37_50_10_100=0.520056,rsv_vol_63_50_10_100=1.2303,rsv_vol_65_50_10_100=-34.175,rsv_vol_67_50_10_100=2725.03,sddp_alpha_0_9=1000
o,9,1,sddp_ecut_0_9_93_41,2.6257e+08,,rsv_vol_1_50_9_90=0,rsv_vol_6_50_9_90=0.471838,rsv_vol_21_50_9_90=0,rsv_vol_28_50_9_90=0,rsv_vol_37_50_9_90=0.533764,rsv_vol_63_50_9_90=0,rsv_vol_65_50_9_90=-17.0875,rsv_vol_67_50_9_90=2030.46,sddp_alpha_0_8=1000
o,8,1,sddp_ecut_0_8_93_42,2.63448e+08,,rsv_vol_1_50_8_80=0,rsv_vol_6_50_8_80=0.479546,rsv_vol_21_50_8_80=0,rsv_vol_28_50_8_80=0,rsv_vol_37_50_8_80=0.774691,rsv_vol_63_50_8_80=0.00579216,rsv_vol_65_50_8_80=-17.0875,rsv_vol_67_50_8_80=4295.42,sddp_alpha_0_7=1000
o,7,1,sddp_ecut_0_7_93_43,2.31658e+08,,rsv_vol_1_50_7_70=0,rsv_vol_6_50_7_70=0.434487,rsv_vol_21_50_7_70=0,rsv_vol_28_50_7_70=0,rsv_vol_37_50_7_70=0.680909,rsv_vol_63_50_7_70=0.00517157,rsv_vol_65_50_7_70=-17.0875,rsv_vol_67_50_7_70=3123.81,sddp_alpha_0_6=1000
o,6,1,sddp_ecut_0_6_93_44,2.81814e+08,,rsv_vol_1_50_6_60=0,rsv_vol_6_50_6_60=0.528607,rsv_vol_21_50_6_60=0,rsv_vol_28_50_6_60=0,rsv_vol_37_50_6_60=0.936707,rsv_vol_63_50_6_60=0.00757618,rsv_vol_65_50_6_60=0,rsv_vol_67_50_6_60=5943.57,sddp_alpha_0_5=1000
o,5,1,sddp_ecut_0_5_93_45,2.81885e+08,,rsv_vol_1_50_5_50=0,rsv_vol_6_50_5_50=0.554327,rsv_vol_21_50_5_50=0,rsv_vol_28_50_5_50=0,rsv_vol_37_50_5_50=0.73746,rsv_vol_63_50_5_50=0.00649041,rsv_vol_65_50_5_50=0,rsv_vol_67_50_5_50=4823.92,sddp_alpha_0_4=1000
o,4,1,sddp_ecut_0_4_93_46,2.83267e+08,,rsv_vol_1_50_4_40=0,rsv_vol_6_50_4_40=0.554263,rsv_vol_21_50_4_40=0,rsv_vol_28_50_4_40=0,rsv_vol_37_50_4_40=0.812836,rsv_vol_63_50_4_40=0,rsv_vol_65_50_4_40=0,rsv_vol_67_50_4_40=2573.44,sddp_alpha_0_3=1000
o,3,1,sddp_ecut_0_3_93_47,2.50811e+08,,rsv_vol_1_50_3_30=0,rsv_vol_6_50_3_30=0.545396,rsv_vol_21_50_3_30=0,rsv_vol_28_50_3_30=0,rsv_vol_37_50_3_30=0.744395,rsv_vol_63_50_3_30=0,rsv_vol_65_50_3_30=-34.4475,rsv_vol_67_50_3_30=2830.48,sddp_alpha_0_2=1000
o,2,1,sddp_ecut_0_2_93_48,2.25338e+08,,rsv_vol_1_50_2_20=0,rsv_vol_6_50_2_20=0.707866,rsv_vol_21_50_2_20=0,rsv_vol_28_50_2_20=0,rsv_vol_37_50_2_20=0.488828,rsv_vol_63_50_2_20=0,rsv_vol_65_50_2_20=-69.4444,rsv_vol_67_50_2_20=6213.54,sddp_alpha_0_1=1000
o,1,1,sddp_ecut_0_1_93_49,2.65508e+08,,rsv_vol_1_50_1_10=0,rsv_vol_6_50_1_10=0.843154,rsv_vol_21_50_1_10=0,rsv_vol_28_50_1_10=0,rsv_vol_37_50_1_10=0.507562,rsv_vol_63_50_1_10=0,rsv_vol_65_50_1_10=-17.3611,rsv_vol_67_50_1_10=9920.79,sddp_alpha_0_0=1000
o,50,1,sddp_ecut_0_50_94_0,7.4197e+08,,rsv_vol_1_50_50_500=0,rsv_vol_6_50_50_500=1.94792,rsv_vol_21_50_50_500=0,rsv_vol_28_50_50_500=0,rsv_vol_37_50_50_500=2.90475,rsv_vol_63_50_50_500=9343.02,rsv_vol_65_50_50_500=35009.8,rsv_vol_67_50_50_500=15127.2,sddp_alpha_0_49=1000
o,49,1,sddp_ecut_0_49_94_1,5.94245e+08,,rsv_vol_1_50_49_490=0,rsv_vol_6_50_49_490=-12.3816,rsv_vol_21_50_49_490=0,rsv_vol_28_50_49_490=0,rsv_vol_37_50_49_490=1.87958,rsv_vol_63_50_49_490=8418.64,rsv_vol_65_50_49_490=0,rsv_vol_67_50_49_490=14416.9,sddp_alpha_0_48=1000
o,48,1,sddp_ecut_0_48_94_2,6.5112e+08,,rsv_vol_1_50_48_480=0,rsv_vol_6_50_48_480=-26.4146,rsv_vol_21_50_48_480=0,rsv_vol_28_50_48_480=0,rsv_vol_37_50_48_480=2.43005,rsv_vol_63_50_48_480=7621.99,rsv_vol_65_50_48_480=0,rsv_vol_67_50_48_480=13639.3,sddp_alpha_0_47=1000
o,47,1,sddp_ecut_0_47_94_3,6.4186e+08,,rsv_vol_1_50_47_470=0,rsv_vol_6_50_47_470=-95.2668,rsv_vol_21_50_47_470=0,rsv_vol_28_50_47_470=0,rsv_vol_37_50_47_470=1.45394,rsv_vol_63_50_47_470=7678.17,rsv_vol_65_50_47_470=0,rsv_vol_67_50_47_470=9022.1,sddp_alpha_0_46=1000
o,46,1,sddp_ecut_0_46_94_4,6.21959e+08,,rsv_vol_1_50_46_460=0,rsv_vol_6_50_46_460=-123.55,rsv_vol_21_50_46_460=0,rsv_vol_28_50_46_460=0,rsv_vol_37_50_46_460=1.76338,rsv_vol_63_50_46_460=7622.2,rsv_vol_65_50_46_460=0,rsv_vol_67_50_46_460=6941.93,sddp_alpha_0_45=1000
o,45,1,sddp_ecut_0_45_94_5,6.87401e+08,,rsv_vol_1_50_45_450=0,rsv_vol_6_50_45_450=0.839902,rsv_vol_21_50_45_450=0,rsv_vol_28_50_45_450=0,rsv_vol_37_50_45_450=2.51234,rsv_vol_63_50_45_450=7123.3,rsv_vol_65_50_45_450=0,rsv_vol_67_50_45_450=11127.6,sddp_alpha_0_44=1000
o,44,1,sddp_ecut_0_44_94_6,6.90026e+08,,rsv_vol_1_50_44_440=0,rsv_vol_6_50_44_440=1.09349,rsv_vol_21_50_44_440=0,rsv_vol_28_50_44_440=0,rsv_vol_37_50_44_440=2.27898,rsv_vol_63_50_44_440=7545.16,rsv_vol_65_50_44_440=-28.0204,rsv_vol_67_50_44_440=10508.2,sddp_alpha_0_43=1000
o,43,1,sddp_ecut_0_43_94_7,7.71882e+08,,rsv_vol_1_50_43_430=0,rsv_vol_6_50_43_430=1.45338,rsv_vol_21_50_43_430=0,rsv_vol_28_50_43_430=0,rsv_vol_37_50_43_430=2.45561,rsv_vol_63_50_43_430=6525.85,rsv_vol_65_50_43_430=-28.2438,rsv_vol_67_50_43_430=12635.8,sddp_alpha_0_42=1000
o,42,1,sddp_ecut_0_42_94_8,8.26884e+08,,rsv_vol_1_50_42_420=0,rsv_vol_6_50_42_420=2.01369,rsv_vol_21_50_42_420=0,rsv_vol_28_50_42_420=0,rsv_vol_37_50_42_420=3.00551,rsv_vol_63_50_42_420=8883.06,rsv_vol_65_50_42_420=-14.2345,rsv_vol_67_50_42_420=14733.5,sddp_alpha_0_41=1000
o,41,1,sddp_ecut_0_41_94_9,8.32332e+08,,rsv_vol_1_50_41_410=0,rsv_vol_6_50_41_410=1.89132,rsv_vol_21_50_41_410=0,rsv_vol_28_50_41_410=0,rsv_vol_37_50_41_410=2.95122,rsv_vol_63_50_41_410=6677.09,rsv_vol_65_50_41_410=4962.15,rsv_vol_67_50_41_410=11700.4,sddp_alpha_0_40=1000
o,40,1,sddp_ecut_0_40_94_10,8.47719e+08,,rsv_vol_1_50_40_400=0,rsv_vol_6_50_40_400=2.03587,rsv_vol_21_50_40_400=0,rsv_vol_28_50_40_400=0,rsv_vol_37_50_40_400=4.35808,rsv_vol_63_50_40_400=8532.25,rsv_vol_65_50_40_400=4695.37,rsv_vol_67_50_40_400=14517.1,sddp_alpha_0_39=1000
o,39,1,sddp_ecut_0_39_94_11,7.73673e+08,,rsv_vol_1_50_39_390=0,rsv_vol_6_50_39_390=1.80547,rsv_vol_21_50_39_390=0,rsv_vol_28_50_39_390=0,rsv_vol_37_50_39_390=3.81567,rsv_vol_63_50_39_390=8647.2,rsv_vol_65_50_39_390=4663.56,rsv_vol_67_50_39_390=15042.9,sddp_alpha_0_38=1000
o,38,1,sddp_ecut_0_38_94_12,7.79346e+08,,rsv_vol_1_50_38_380=0,rsv_vol_6_50_38_380=-12.7532,rsv_vol_21_50_38_380=0,rsv_vol_28_50_38_380=0,rsv_vol_37_50_38_380=2.83015,rsv_vol_63_50_38_380=9549.15,rsv_vol_65_50_38_380=12661.7,rsv_vol_67_50_38_380=-235.104,sddp_alpha_0_37=1000
o,37,1,sddp_ecut_0_37_94_13,6.45813e+08,,rsv_vol_1_50_37_370=0,rsv_vol_6_50_37_370=-13.6252,rsv_vol_21_50_37_370=0,rsv_vol_28_50_37_370=0,rsv_vol_37_50_37_370=2.23528,rsv_vol_63_50_37_370=9443.88,rsv_vol_65_50_37_370=0,rsv_vol_67_50_37_370=15930,sddp_alpha_0_36=1000
o,36,1,sddp_ecut_0_36_94_14,7.0939e+08,,rsv_vol_1_50_36_360=0,rsv_vol_6_50_36_360=-29.2047,rsv_vol_21_50_36_360=0,rsv_vol_28_50_36_360=0,rsv_vol_37_50_36_360=2.77566,rsv_vol_63_50_36_360=9090.91,rsv_vol_65_50_36_360=0,rsv_vol_67_50_36_360=15229.1,sddp_alpha_0_35=1000
o,35,1,sddp_ecut_0_35_94_15,7.38236e+08,,rsv_vol_1_50_35_350=0,rsv_vol_6_50_35_350=-105.102,rsv_vol_21_50_35_350=0,rsv_vol_28_50_35_350=0,rsv_vol_37_50_35_350=0.693072,rsv_vol_63_50_35_350=8573.34,rsv_vol_65_50_35_350=0,rsv_vol_67_50_35_350=3253.05,sddp_alpha_0_34=1000
o,34,1,sddp_ecut_0_34_94_16,7.15841e+08,,rsv_vol_1_50_34_340=0,rsv_vol_6_50_34_340=-29.8209,rsv_vol_21_50_34_340=0,rsv_vol_28_50_34_340=0,rsv_vol_37_50_34_340=1.1029,rsv_vol_63_50_34_340=9189.82,rsv_vol_65_50_34_340=0,rsv_vol_67_50_34_340=1639.13,sddp_alpha_0_33=1000
o,33,1,sddp_ecut_0_33_94_17,7.85711e+08,,rsv_vol_1_50_33_330=0,rsv_vol_6_50_33_330=1.41522,rsv_vol_21_50_33_330=0,rsv_vol_28_50_33_330=0,rsv_vol_37_50_33_330=2.15555,rsv_vol_63_50_33_330=7432.22,rsv_vol_65_50_33_330=0,rsv_vol_67_50_33_330=7990.96,sddp_alpha_0_32=1000
o,32,1,sddp_ecut_0_32_94_18,7.86227e+08,,rsv_vol_1_50_32_320=0,rsv_vol_6_50_32_320=1.50884,rsv_vol_21_50_32_320=0,rsv_vol_28_50_32_320=0,rsv_vol_37_50_32_320=1.93903,rsv_vol_63_50_32_320=4402.97,rsv_vol_65_50_32_320=0,rsv_vol_67_50_32_320=8573.67,sddp_alpha_0_31=1000
o,31,1,sddp_ecut_0_31_94_19,8.80882e+08,,rsv_vol_1_50_31_310=0,rsv_vol_6_50_31_310=1.86777,rsv_vol_21_50_31_310=0,rsv_vol_28_50_31_310=0,rsv_vol_37_50_31_310=2.48662,rsv_vol_63_50_31_310=1807.29,rsv_vol_65_50_31_310=-15.5341,rsv_vol_67_50_31_310=12724.6,sddp_alpha_0_30=1000
o,30,1,sddp_ecut_0_30_94_20,9.50338e+08,,rsv_vol_1_50_30_300=0,rsv_vol_6_50_30_300=2.42933,rsv_vol_21_50_30_300=0,rsv_vol_28_50_30_300=0,rsv_vol_37_50_30_300=3.57529,rsv_vol_63_50_30_300=8717.49,rsv_vol_65_50_30_300=-31.3159,rsv_vol_67_50_30_300=16476.2,sddp_alpha_0_29=1000
o,29,1,sddp_ecut_0_29_94_21,9.75418e+08,,rsv_vol_1_50_29_290=0,rsv_vol_6_50_29_290=3.07721,rsv_vol_21_50_29_290=0,rsv_vol_28_50_29_290=0,rsv_vol_37_50_29_290=2.22383,rsv_vol_63_50_29_290=8648.77,rsv_vol_65_50_29_290=15585.7,rsv_vol_67_50_29_290=3619.72,sddp_alpha_0_28=1000
o,28,1,sddp_ecut_0_28_94_22,1.03339e+09,,rsv_vol_1_50_28_280=0,rsv_vol_6_50_28_280=3.41761,rsv_vol_21_50_28_280=0,rsv_vol_28_50_28_280=0,rsv_vol_37_50_28_280=6.63199,rsv_vol_63_50_28_280=10199,rsv_vol_65_50_28_280=23688.4,rsv_vol_67_50_28_280=1852.15,sddp_alpha_0_27=1000
o,27,1,sddp_ecut_0_27_94_23,9.23448e+08,,rsv_vol_1_50_27_270=0,rsv_vol_6_50_27_270=-30.9372,rsv_vol_21_50_27_270=0,rsv_vol_28_50_27_270=0,rsv_vol_37_50_27_270=1.23183,rsv_vol_63_50_27_270=9289.17,rsv_vol_65_50_27_270=4392.88,rsv_vol_67_50_27_270=-256.569,sddp_alpha_0_26=1000
o,26,1,sddp_ecut_0_26_94_24,9.38607e+08,,rsv_vol_1_50_26_260=0,rsv_vol_6_50_26_260=-47.1974,rsv_vol_21_50_26_260=0,rsv_vol_28_50_26_260=0,rsv_vol_37_50_26_260=5.18722,rsv_vol_63_50_26_260=10361.7,rsv_vol_65_50_26_260=0,rsv_vol_67_50_26_260=17207.8,sddp_alpha_0_25=1000
o,25,1,sddp_ecut_0_25_94_25,8.2928e+08,,rsv_vol_1_50_25_250=0,rsv_vol_6_50_25_250=-63.968,rsv_vol_21_50_25_250=0,rsv_vol_28_50_25_250=0,rsv_vol_37_50_25_250=4.78176,rsv_vol_63_50_25_250=11019,rsv_vol_65_50_25_250=0,rsv_vol_67_50_25_250=18631.8,sddp_alpha_0_24=1000
o,24,1,sddp_ecut_0_24_94_26,9.00769e+08,,rsv_vol_1_50_24_240=0,rsv_vol_6_50_24_240=-146.75,rsv_vol_21_50_24_240=0,rsv_vol_28_50_24_240=0,rsv_vol_37_50_24_240=3.85428,rsv_vol_63_50_24_240=10337,rsv_vol_65_50_24_240=0,rsv_vol_67_50_24_240=17158.7,sddp_alpha_0_23=1000
o,23,1,sddp_ecut_0_23_94_27,8.7139e+08,,rsv_vol_1_50_23_230=0,rsv_vol_6_50_23_230=-115.323,rsv_vol_21_50_23_230=0,rsv_vol_28_50_23_230=0,rsv_vol_37_50_23_230=1.29822,rsv_vol_63_50_23_230=8882.42,rsv_vol_65_50_23_230=0,rsv_vol_67_50_23_230=6594.82,sddp_alpha_0_22=1000
o,22,1,sddp_ecut_0_22_94_28,2.25306e+08,,rsv_vol_1_50_22_220=0,rsv_vol_6_50_22_220=0.3573,rsv_vol_21_50_22_220=0,rsv_vol_28_50_22_220=0,rsv_vol_37_50_22_220=0.483474,rsv_vol_63_50_22_220=7.80866,rsv_vol_65_50_22_220=-16.6852,rsv_vol_67_50_22_220=2751.78,sddp_alpha_0_21=1000
o,21,1,sddp_ecut_0_21_94_29,1.97243e+08,,rsv_vol_1_50_21_210=0,rsv_vol_6_50_21_210=0.327868,rsv_vol_21_50_21_210=0,rsv_vol_28_50_21_210=0,rsv_vol_37_50_21_210=0.353737,rsv_vol_63_50_21_210=7.20799,rsv_vol_65_50_21_210=-16.6852,rsv_vol_67_50_21_210=1323.9,sddp_alpha_0_20=1000
o,20,1,sddp_ecut_0_20_94_30,2.24944e+08,,rsv_vol_1_50_20_200=0,rsv_vol_6_50_20_200=0.396313,rsv_vol_21_50_20_200=0,rsv_vol_28_50_20_200=0,rsv_vol_37_50_20_200=0.345962,rsv_vol_63_50_20_200=6.00666,rsv_vol_65_50_20_200=-50.0555,rsv_vol_67_50_20_200=1140.36,sddp_alpha_0_19=1000
o,19,1,sddp_ecut_0_19_94_31,1.9615e+08,,rsv_vol_1_50_19_190=0,rsv_vol_6_50_19_190=0.358616,rsv_vol_21_50_19_190=0,rsv_vol_28_50_19_190=0,rsv_vol_37_50_19_190=0.248175,rsv_vol_63_50_19_190=7.20799,rsv_vol_65_50_19_190=-50.0555,rsv_vol_67_50_19_190=392.776,sddp_alpha_0_18=1000
o,18,1,sddp_ecut_0_18_94_32,2.4088e+08,,rsv_vol_1_50_18_180=0,rsv_vol_6_50_18_180=0.402678,rsv_vol_21_50_18_180=0,rsv_vol_28_50_18_180=0,rsv_vol_37_50_18_180=0.414202,rsv_vol_63_50_18_180=7.26547,rsv_vol_65_50_18_180=-50.4547,rsv_vol_67_50_18_180=2041.26,sddp_alpha_0_17=1000
o,17,1,sddp_ecut_0_17_94_33,2.42099e+08,,rsv_vol_1_50_17_170=0,rsv_vol_6_50_17_170=0.412814,rsv_vol_21_50_17_170=0,rsv_vol_28_50_17_170=0,rsv_vol_37_50_17_170=0.503725,rsv_vol_63_50_17_170=7.26547,rsv_vol_65_50_17_170=-33.6364,rsv_vol_67_50_17_170=1572.26,sddp_alpha_0_16=1000
o,16,1,sddp_ecut_0_16_94_34,2.42624e+08,,rsv_vol_1_50_16_160=0,rsv_vol_6_50_16_160=0.418494,rsv_vol_21_50_16_160=0,rsv_vol_28_50_16_160=0,rsv_vol_37_50_16_160=0.488897,rsv_vol_63_50_16_160=6.66001,rsv_vol_65_50_16_160=0,rsv_vol_67_50_16_160=3249.37,sddp_alpha_0_15=1000
o,15,1,sddp_ecut_0_15_94_35,2.12073e+08,,rsv_vol_1_50_15_150=0,rsv_vol_6_50_15_150=0.375323,rsv_vol_21_50_15_150=0,rsv_vol_28_50_15_150=0,rsv_vol_37_50_15_150=0.336979,rsv_vol_63_50_15_150=4.23819,rsv_vol_65_50_15_150=-16.8182,rsv_vol_67_50_15_150=772.609,sddp_alpha_0_14=1000
o,14,1,sddp_ecut_0_14_94_36,2.51893e+08,,rsv_vol_1_50_14_140=0,rsv_vol_6_50_14_140=0.486347,rsv_vol_21_50_14_140=0,rsv_vol_28_50_14_140=0,rsv_vol_37_50_14_140=0.585543,rsv_vol_63_50_14_140=4.88227,rsv_vol_65_50_14_140=-16.9523,rsv_vol_67_50_14_140=5388.82,sddp_alpha_0_13=1000
o,13,1,sddp_ecut_0_13_94_37,2.17886e+08,,rsv_vol_1_50_13_130=0,rsv_vol_6_50_13_130=0.381142,rsv_vol_21_50_13_130=0,rsv_vol_28_50_13_130=0,rsv_vol_37_50_13_130=0.384669,rsv_vol_63_50_13_130=3.05443,rsv_vol_65_50_13_130=-16.9523,rsv_vol_67_50_13_130=1364.34,sddp_alpha_0_12=1000
o,12,1,sddp_ecut_0_12_94_38,2.49692e+08,,rsv_vol_1_50_12_120=0,rsv_vol_6_50_12_120=0.463542,rsv_vol_21_50_12_120=0,rsv_vol_28_50_12_120=0,rsv_vol_37_50_12_120=0.569366,rsv_vol_63_50_12_120=3.66341,rsv_vol_65_50_12_120=-33.9046,rsv_vol_67_50_12_120=4862.43,sddp_alpha_0_11=1000
o,11,1,sddp_ecut_0_11_94_39,2.19629e+08,,rsv_vol_1_50_11_110=0,rsv_vol_6_50_11_110=0.422289,rsv_vol_21_50_11_110=0,rsv_vol_28_50_11_110=0,rsv_vol_37_50_11_110=0.549519,rsv_vol_63_50_11_110=1.22057,rsv_vol_65_50_11_110=0,rsv_vol_67_50_11_110=1867.99,sddp_alpha_0_10=1000
o,10,1,sddp_ecut_0_10_94_40,2.60918e+08,,rsv_vol_1_50_10_100=0,rsv_vol_6_50_10_100=0.460434,rsv_vol_21_50_10_100=0,rsv_vol_28_50_10_100=0,rsv_vol_37_50_10_100=0.520056,rsv_vol_63_50_10_100=1.2303,rsv_vol_65_50_10_100=-34.175,rsv_vol_67_50_10_100=2725.03,sddp_alpha_0_9=1000
o,9,1,sddp_ecut_0_9_94_41,2.6257e+08,,rsv_vol_1_50_9_90=0,rsv_vol_6_50_9_90=0.471838,rsv_vol_21_50_9_90=0,rsv_vol_28_50_9_90=0,rsv_vol_37_50_9_90=0.533764,rsv_vol_63_50_9_90=0,rsv_vol_65_50_9_90=-17.0875,rsv_vol_67_50_9_90=2030.46,sddp_alpha_0_8=1000
o,8,1,sddp_ecut_0_8_94_42,2.63448e+08,,rsv_vol_1_50_8_80=0,rsv_vol_6_50_8_80=0.479546,rsv_vol_21_50_8_80=0,rsv_vol_28_50_8_80=0,rsv_vol_37_50_8_80=0.774691,rsv_vol_63_50_8_80=0.00579216,rsv_vol_65_50_8_80=-17.0875,rsv_vol_67_50_8_80=4295.42,sddp_alpha_0_7=1000
o,7,1,sddp_ecut_0_7_94_43,2.31658e+08,,rsv_vol_1_50_7_70=0,rsv_vol_6_50_7_70=0.434487,rsv_vol_21_50_7_70=0,rsv_vol_28_50_7_70=0,rsv_vol_37_50_7_70=0.680909,rsv_vol_63_50_7_70=0.00517157,rsv_vol_65_50_7_70=-17.0875,rsv_vol_67_50_7_70=3123.81,sddp_alpha_0_6=1000
o,6,1,sddp_ecut_0_6_94_44,2.81814e+08,,rsv_vol_1_50_6_60=0,rsv_vol_6_50_6_60=0.528607,rsv_vol_21_50_6_60=0,rsv_vol_28_50_6_60=0,rsv_vol_37_50_6_60=0.936707,rsv_vol_63_50_6_60=0.00757856,rsv_vol_65_50_6_60=0,rsv_vol_67_50_6_60=5943.57,sddp_alpha_0_5=1000
o,5,1,sddp_ecut_0_5_94_45,2.81885e+08,,rsv_vol_1_50_5_50=0,rsv_vol_6_50_5_50=0.554327,rsv_vol_21_50_5_50=0,rsv_vol_28_50_5_50=0,rsv_vol_37_50_5_50=0.73746,rsv_vol_63_50_5_50=0.00649041,rsv_vol_65_50_5_50=0,rsv_vol_67_50_5_50=4823.92,sddp_alpha_0_4=1000
o,4,1,sddp_ecut_0_4_94_46,2.83267e+08,,rsv_vol_1_50_4_40=0,rsv_vol_6_50_4_40=0.554263,rsv_vol_21_50_4_40=0,rsv_vol_28_50_4_40=0,rsv_vol_37_50_4_40=0.812836,rsv_vol_63_50_4_40=0,rsv_vol_65_50_4_40=0,rsv_vol_67_50_4_40=2573.44,sddp_alpha_0_3=1000
o,3,1,sddp_ecut_0_3_94_47,2.50811e+08,,rsv_vol_1_50_3_30=0,rsv_vol_6_50_3_30=0.545396,rsv_vol_21_50_3_30=0,rsv_vol_28_50_3_30=0,rsv_vol_37_50_3_30=0.744395,rsv_vol_63_50_3_30=0,rsv_vol_65_50_3_30=-34.4475,rsv_vol_67_50_3_30=2830.48,sddp_alpha_0_2=1000
o,2,1,sddp_ecut_0_2_94_48,2.25338e+08,,rsv_vol_1_50_2_20=0,rsv_vol_6_50_2_20=0.707866,rsv_vol_21_50_2_20=0,rsv_vol_28_50_2_20=0,rsv_vol_37_50_2_20=0.488828,rsv_vol_63_50_2_20=0,rsv_vol_65_50_2_20=-69.4444,rsv_vol_67_50_2_20=6213.54,sddp_alpha_0_1=1000
o,1,1,sddp_ecut_0_1_94_49,2.65508e+08,,rsv_vol_1_50_1_10=0,rsv_vol_6_50_1_10=0.843154,rsv_vol_21_50_1_10=0,rsv_vol_28_50_1_10=0,rsv_vol_37_50_1_10=0.507562,rsv_vol_63_50_1_10=0,rsv_vol_65_50_1_10=-17.3611,rsv_vol_67_50_1_10=9920.79,sddp_alpha_0_0=1000
o,50,1,sddp_ecut_0_50_95_0,7.4197e+08,,rsv_vol_1_50_50_500=0,rsv_vol_6_50_50_500=1.94792,rsv_vol_21_50_50_500=0,rsv_vol_28_50_50_500=0,rsv_vol_37_50_50_500=2.90475,rsv_vol_63_50_50_500=9343.02,rsv_vol_65_50_50_500=35009.8,rsv_vol_67_50_50_500=15127.2,sddp_alpha_0_49=1000
o,49,1,sddp_ecut_0_49_95_1,5.94245e+08,,rsv_vol_1_50_49_490=0,rsv_vol_6_50_49_490=-12.3816,rsv_vol_21_50_49_490=0,rsv_vol_28_50_49_490=0,rsv_vol_37_50_49_490=1.87958,rsv_vol_63_50_49_490=8418.64,rsv_vol_65_50_49_490=0,rsv_vol_67_50_49_490=14416.9,sddp_alpha_0_48=1000
o,48,1,sddp_ecut_0_48_95_2,6.5112e+08,,rsv_vol_1_50_48_480=0,rsv_vol_6_50_48_480=-26.4146,rsv_vol_21_50_48_480=0,rsv_vol_28_50_48_480=0,rsv_vol_37_50_48_480=2.43005,rsv_vol_63_50_48_480=7621.99,rsv_vol_65_50_48_480=0,rsv_vol_67_50_48_480=13639.3,sddp_alpha_0_47=1000
o,47,1,sddp_ecut_0_47_95_3,6.4186e+08,,rsv_vol_1_50_47_470=0,rsv_vol_6_50_47_470=-95.2668,rsv_vol_21_50_47_470=0,rsv_vol_28_50_47_470=0,rsv_vol_37_50_47_470=1.45394,rsv_vol_63_50_47_470=7678.17,rsv_vol_65_50_47_470=0,rsv_vol_67_50_47_470=9022.1,sddp_alpha_0_46=1000
o,46,1,sddp_ecut_0_46_95_4,6.21959e+08,,rsv_vol_1_50_46_460=0,rsv_vol_6_50_46_460=-123.55,rsv_vol_21_50_46_460=0,rsv_vol_28_50_46_460=0,rsv_vol_37_50_46_460=1.76338,rsv_vol_63_50_46_460=7622.2,rsv_vol_65_50_46_460=0,rsv_vol_67_50_46_460=6941.93,sddp_alpha_0_45=1000
o,45,1,sddp_ecut_0_45_95_5,6.87401e+08,,rsv_vol_1_50_45_450=0,rsv_vol_6_50_45_450=0.839902,rsv_vol_21_50_45_450=0,rsv_vol_28_50_45_450=0,rsv_vol_37_50_45_450=2.51234,rsv_vol_63_50_45_450=7123.3,rsv_vol_65_50_45_450=0,rsv_vol_67_50_45_450=11127.6,sddp_alpha_0_44=1000
o,44,1,sddp_ecut_0_44_95_6,6.90026e+08,,rsv_vol_1_50_44_440=0,rsv_vol_6_50_44_440=1.09349,rsv_vol_21_50_44_440=0,rsv_vol_28_50_44_440=0,rsv_vol_37_50_44_440=2.27898,rsv_vol_63_50_44_440=7545.16,rsv_vol_65_50_44_440=-28.0204,rsv_vol_67_50_44_440=10508.2,sddp_alpha_0_43=1000
o,43,1,sddp_ecut_0_43_95_7,7.71882e+08,,rsv_vol_1_50_43_430=0,rsv_vol_6_50_43_430=1.45338,rsv_vol_21_50_43_430=0,rsv_vol_28_50_43_430=0,rsv_vol_37_50_43_430=2.45561,rsv_vol_63_50_43_430=6525.85,rsv_vol_65_50_43_430=-28.2438,rsv_vol_67_50_43_430=12635.8,sddp_alpha_0_42=1000
o,42,1,sddp_ecut_0_42_95_8,8.26884e+08,,rsv_vol_1_50_42_420=0,rsv_vol_6_50_42_420=2.01369,rsv_vol_21_50_42_420=0,rsv_vol_28_50_42_420=0,rsv_vol_37_50_42_420=3.00551,rsv_vol_63_50_42_420=8883.06,rsv_vol_65_50_42_420=-14.2345,rsv_vol_67_50_42_420=14733.5,sddp_alpha_0_41=1000
o,41,1,sddp_ecut_0_41_95_9,8.32332e+08,,rsv_vol_1_50_41_410=0,rsv_vol_6_50_41_410=1.89132,rsv_vol_21_50_41_410=0,rsv_vol_28_50_41_410=0,rsv_vol_37_50_41_410=2.95122,rsv_vol_63_50_41_410=6677.09,rsv_vol_65_50_41_410=4962.15,rsv_vol_67_50_41_410=11700.4,sddp_alpha_0_40=1000
o,40,1,sddp_ecut_0_40_95_10,8.47719e+08,,rsv_vol_1_50_40_400=0,rsv_vol_6_50_40_400=2.03587,rsv_vol_21_50_40_400=0,rsv_vol_28_50_40_400=0,rsv_vol_37_50_40_400=4.35808,rsv_vol_63_50_40_400=8532.25,rsv_vol_65_50_40_400=4695.37,rsv_vol_67_50_40_400=14517.1,sddp_alpha_0_39=1000
o,39,1,sddp_ecut_0_39_95_11,7.73673e+08,,rsv_vol_1_50_39_390=0,rsv_vol_6_50_39_390=1.80547,rsv_vol_21_50_39_390=0,rsv_vol_28_50_39_390=0,rsv_vol_37_50_39_390=3.81567,rsv_vol_63_50_39_390=8647.2,rsv_vol_65_50_39_390=4663.56,rsv_vol_67_50_39_390=15042.9,sddp_alpha_0_38=1000
o,38,1,sddp_ecut_0_38_95_12,7.79346e+08,,rsv_vol_1_50_38_380=0,rsv_vol_6_50_38_380=-12.7532,rsv_vol_21_50_38_380=0,rsv_vol_28_50_38_380=0,rsv_vol_37_50_38_380=2.83015,rsv_vol_63_50_38_380=9549.15,rsv_vol_65_50_38_380=12661.7,rsv_vol_67_50_38_380=-235.104,sddp_alpha_0_37=1000
o,37,1,sddp_ecut_0_37_95_13,6.45813e+08,,rsv_vol_1_50_37_370=0,rsv_vol_6_50_37_370=-13.6252,rsv_vol_21_50_37_370=0,rsv_vol_28_50_37_370=0,rsv_vol_37_50_37_370=2.23528,rsv_vol_63_50_37_370=9443.88,rsv_vol_65_50_37_370=0,rsv_vol_67_50_37_370=15930,sddp_alpha_0_36=1000
o,36,1,sddp_ecut_0_36_95_14,7.0939e+08,,rsv_vol_1_50_36_360=0,rsv_vol_6_50_36_360=-29.2047,rsv_vol_21_50_36_360=0,rsv_vol_28_50_36_360=0,rsv_vol_37_50_36_360=2.77566,rsv_vol_63_50_36_360=9090.91,rsv_vol_65_50_36_360=0,rsv_vol_67_50_36_360=15229.1,sddp_alpha_0_35=1000
o,35,1,sddp_ecut_0_35_95_15,7.38236e+08,,rsv_vol_1_50_35_350=0,rsv_vol_6_50_35_350=-105.102,rsv_vol_21_50_35_350=0,rsv_vol_28_50_35_350=0,rsv_vol_37_50_35_350=0.693072,rsv_vol_63_50_35_350=8573.34,rsv_vol_65_50_35_350=0,rsv_vol_67_50_35_350=3253.05,sddp_alpha_0_34=1000
o,34,1,sddp_ecut_0_34_95_16,7.15841e+08,,rsv_vol_1_50_34_340=0,rsv_vol_6_50_34_340=-29.8209,rsv_vol_21_50_34_340=0,rsv_vol_28_50_34_340=0,rsv_vol_37_50_34_340=1.1029,rsv_vol_63_50_34_340=9189.82,rsv_vol_65_50_34_340=0,rsv_vol_67_50_34_340=1639.13,sddp_alpha_0_33=1000
o,33,1,sddp_ecut_0_33_95_17,7.85711e+08,,rsv_vol_1_50_33_330=0,rsv_vol_6_50_33_330=1.41522,rsv_vol_21_50_33_330=0,rsv_vol_28_50_33_330=0,rsv_vol_37_50_33_330=2.15555,rsv_vol_63_50_33_330=7432.22,rsv_vol_65_50_33_330=0,rsv_vol_67_50_33_330=7990.96,sddp_alpha_0_32=1000
o,32,1,sddp_ecut_0_32_95_18,7.86227e+08,,rsv_vol_1_50_32_320=0,rsv_vol_6_50_32_320=1.50884,rsv_vol_21_50_32_320=0,rsv_vol_28_50_32_320=0,rsv_vol_37_50_32_320=1.93903,rsv_vol_63_50_32_320=4402.97,rsv_vol_65_50_32_320=0,rsv_vol_67_50_32_320=8573.67,sddp_alpha_0_31=1000
o,31,1,sddp_ecut_0_31_95_19,8.80882e+08,,rsv_vol_1_50_31_310=0,rsv_vol_6_50_31_310=1.86777,rsv_vol_21_50_31_310=0,rsv_vol_28_50_31_310=0,rsv_vol_37_50_31_310=2.48662,rsv_vol_63_50_31_310=1807.29,rsv_vol_65_50_31_310=-15.5341,rsv_vol_67_50_31_310=12724.6,sddp_alpha_0_30=1000
o,30,1,sddp_ecut_0_30_95_20,9.50338e+08,,rsv_vol_1_50_30_300=0,rsv_vol_6_50_30_300=2.42933,rsv_vol_21_50_30_300=0,rsv_vol_28_50_30_300=0,rsv_vol_37_50_30_300=3.57529,rsv_vol_63_50_30_300=8717.49,rsv_vol_65_50_30_300=-31.3159,rsv_vol_67_50_30_300=16476.2,sddp_alpha_0_29=1000
o,29,1,sddp_ecut_0_29_95_21,9.75418e+08,,rsv_vol_1_50_29_290=0,rsv_vol_6_50_29_290=3.07721,rsv_vol_21_50_29_290=0,rsv_vol_28_50_29_290=0,rsv_vol_37_50_29_290=2.22383,rsv_vol_63_50_29_290=8648.77,rsv_vol_65_50_29_290=15585.7,rsv_vol_67_50_29_290=3619.72,sddp_alpha_0_28=1000
o,28,1,sddp_ecut_0_28_95_22,1.03339e+09,,rsv_vol_1_50_28_280=0,rsv_vol_6_50_28_280=3.41761,rsv_vol_21_50_28_280=0,rsv_vol_28_50_28_280=0,rsv_vol_37_50_28_280=6.63199,rsv_vol_63_50_28_280=10199,rsv_vol_65_50_28_280=23688.4,rsv_vol_67_50_28_280=1852.15,sddp_alpha_0_27=1000
o,27,1,sddp_ecut_0_27_95_23,9.23448e+08,,rsv_vol_1_50_27_270=0,rsv_vol_6_50_27_270=-30.9372,rsv_vol_21_50_27_270=0,rsv_vol_28_50_27_270=0,rsv_vol_37_50_27_270=1.23183,rsv_vol_63_50_27_270=9289.17,rsv_vol_65_50_27_270=4392.88,rsv_vol_67_50_27_270=-256.569,sddp_alpha_0_26=1000
o,26,1,sddp_ecut_0_26_95_24,9.38607e+08,,rsv_vol_1_50_26_260=0,rsv_vol_6_50_26_260=-47.1974,rsv_vol_21_50_26_260=0,rsv_vol_28_50_26_260=0,rsv_vol_37_50_26_260=5.18722,rsv_vol_63_50_26_260=10361.7,rsv_vol_65_50_26_260=0,rsv_vol_67_50_26_260=17207.8,sddp_alpha_0_25=1000
o,25,1,sddp_ecut_0_25_95_25,8.2928e+08,,rsv_vol_1_50_25_250=0,rsv_vol_6_50_25_250=-63.968,rsv_vol_21_50_25_250=0,rsv_vol_28_50_25_250=0,rsv_vol_37_50_25_250=4.78176,rsv_vol_63_50_25_250=11019,rsv_vol_65_50_25_250=0,rsv_vol_67_50_25_250=18631.8,sddp_alpha_0_24=1000
o,24,1,sddp_ecut_0_24_95_26,9.00769e+08,,rsv_vol_1_50_24_240=0,rsv_vol_6_50_24_240=-146.75,rsv_vol_21_50_24_240=0,rsv_vol_28_50_24_240=0,rsv_vol_37_50_24_240=3.85428,rsv_vol_63_50_24_240=10337,rsv_vol_65_50_24_240=0,rsv_vol_67_50_24_240=17158.7,sddp_alpha_0_23=1000
o,23,1,sddp_ecut_0_23_95_27,8.7139e+08,,rsv_vol_1_50_23_230=0,rsv_vol_6_50_23_230=-115.323,rsv_vol_21_50_23_230=0,rsv_vol_28_50_23_230=0,rsv_vol_37_50_23_230=1.29822,rsv_vol_63_50_23_230=8882.42,rsv_vol_65_50_23_230=0,rsv_vol_67_50_23_230=6594.82,sddp_alpha_0_22=1000
o,22,1,sddp_ecut_0_22_95_28,2.25306e+08,,rsv_vol_1_50_22_220=0,rsv_vol_6_50_22_220=0.3573,rsv_vol_21_50_22_220=0,rsv_vol_28_50_22_220=0,rsv_vol_37_50_22_220=0.483474,rsv_vol_63_50_22_220=7.80866,rsv_vol_65_50_22_220=-16.6852,rsv_vol_67_50_22_220=2751.78,sddp_alpha_0_21=1000
o,21,1,sddp_ecut_0_21_95_29,1.97243e+08,,rsv_vol_1_50_21_210=0,rsv_vol_6_50_21_210=0.327868,rsv_vol_21_50_21_210=0,rsv_vol_28_50_21_210=0,rsv_vol_37_50_21_210=0.353737,rsv_vol_63_50_21_210=7.20799,rsv_vol_65_50_21_210=-16.6852,rsv_vol_67_50_21_210=1323.9,sddp_alpha_0_20=1000
o,20,1,sddp_ecut_0_20_95_30,2.24944e+08,,rsv_vol_1_50_20_200=0,rsv_vol_6_50_20_200=0.396313,rsv_vol_21_50_20_200=0,rsv_vol_28_50_20_200=0,rsv_vol_37_50_20_200=0.345962,rsv_vol_63_50_20_200=6.00666,rsv_vol_65_50_20_200=-50.0555,rsv_vol_67_50_20_200=1140.36,sddp_alpha_0_19=1000
o,19,1,sddp_ecut_0_19_95_31,1.9615e+08,,rsv_vol_1_50_19_190=0,rsv_vol_6_50_19_190=0.358616,rsv_vol_21_50_19_190=0,rsv_vol_28_50_19_190=0,rsv_vol_37_50_19_190=0.248175,rsv_vol_63_50_19_190=7.20799,rsv_vol_65_50_19_190=-50.0555,rsv_vol_67_50_19_190=392.776,sddp_alpha_0_18=1000
o,18,1,sddp_ecut_0_18_95_32,2.4088e+08,,rsv_vol_1_50_18_180=0,rsv_vol_6_50_18_180=0.402678,rsv_vol_21_50_18_180=0,rsv_vol_28_50_18_180=0,rsv_vol_37_50_18_180=0.414202,rsv_vol_63_50_18_180=7.26547,rsv_vol_65_50_18_180=-50.4547,rsv_vol_67_50_18_180=2041.26,sddp_alpha_0_17=1000
o,17,1,sddp_ecut_0_17_95_33,2.42099e+08,,rsv_vol_1_50_17_170=0,rsv_vol_6_50_17_170=0.412814,rsv_vol_21_50_17_170=0,rsv_vol_28_50_17_170=0,rsv_vol_37_50_17_170=0.503725,rsv_vol_63_50_17_170=7.26547,rsv_vol_65_50_17_170=-33.6364,rsv_vol_67_50_17_170=1572.26,sddp_alpha_0_16=1000
o,16,1,sddp_ecut_0_16_95_34,2.42624e+08,,rsv_vol_1_50_16_160=0,rsv_vol_6_50_16_160=0.418494,rsv_vol_21_50_16_160=0,rsv_vol_28_50_16_160=0,rsv_vol_37_50_16_160=0.488897,rsv_vol_63_50_16_160=6.66001,rsv_vol_65_50_16_160=0,rsv_vol_67_50_16_160=3249.37,sddp_alpha_0_15=1000
o,15,1,sddp_ecut_0_15_95_35,2.12073e+08,,rsv_vol_1_50_15_150=0,rsv_vol_6_50_15_150=0.375323,rsv_vol_21_50_15_150=0,rsv_vol_28_50_15_150=0,rsv_vol_37_50_15_150=0.336979,rsv_vol_63_50_15_150=4.23819,rsv_vol_65_50_15_150=-16.8182,rsv_vol_67_50_15_150=772.609,sddp_alpha_0_14=1000
o,14,1,sddp_ecut_0_14_95_36,2.51893e+08,,rsv_vol_1_50_14_140=0,rsv_vol_6_50_14_140=0.486347,rsv_vol_21_50_14_140=0,rsv_vol_28_50_14_140=0,rsv_vol_37_50_14_140=0.585543,rsv_vol_63_50_14_140=4.88227,rsv_vol_65_50_14_140=-16.9523,rsv_vol_67_50_14_140=5388.82,sddp_alpha_0_13=1000
o,13,1,sddp_ecut_0_13_95_37,2.17886e+08,,rsv_vol_1_50_13_130=0,rsv_vol_6_50_13_130=0.381142,rsv_vol_21_50_13_130=0,rsv_vol_28_50_13_130=0,rsv_vol_37_50_13_130=0.384669,rsv_vol_63_50_13_130=3.0545,rsv_vol_65_50_13_130=-16.9523,rsv_vol_67_50_13_130=1364.34,sddp_alpha_0_12=1000
o,12,1,sddp_ecut_0_12_95_38,2.49692e+08,,rsv_vol_1_50_12_120=0,rsv_vol_6_50_12_120=0.463542,rsv_vol_21_50_12_120=0,rsv_vol_28_50_12_120=0,rsv_vol_37_50_12_120=0.569366,rsv_vol_63_50_12_120=3.66341,rsv_vol_65_50_12_120=-33.9046,rsv_vol_67_50_12_120=4862.43,sddp_alpha_0_11=1000
o,11,1,sddp_ecut_0_11_95_39,2.19629e+08,,rsv_vol_1_50_11_110=0,rsv_vol_6_50_11_110=0.422289,rsv_vol_21_50_11_110=0,rsv_vol_28_50_11_110=0,rsv_vol_37_50_11_110=0.549519,rsv_vol_63_50_11_110=1.22057,rsv_vol_65_50_11_110=0,rsv_vol_67_50_11_110=1867.99,sddp_alpha_0_10=1000
o,10,1,sddp_ecut_0_10_95_40,2.60918e+08,,rsv_vol_1_50_10_100=0,rsv_vol_6_50_10_100=0.460434,rsv_vol_21_50_10_100=0,rsv_vol_28_50_10_100=0,rsv_vol_37_50_10_100=0.520056,rsv_vol_63_50_10_100=1.2303,rsv_vol_65_50_10_100=-34.175,rsv_vol_67_50_10_100=2725.03,sddp_alpha_0_9=1000
o,9,1,sddp_ecut_0_9_95_41,2.6257e+08,,rsv_vol_1_50_9_90=0,rsv_vol_6_50_9_90=0.471838,rsv_vol_21_50_9_90=0,rsv_vol_28_50_9_90=0,rsv_vol_37_50_9_90=0.533764,rsv_vol_63_50_9_90=0,rsv_vol_65_50_9_90=-17.0875,rsv_vol_67_50_9_90=2030.46,sddp_alpha_0_8=1000
o,8,1,sddp_ecut_0_8_95_42,2.63448e+08,,rsv_vol_1_50_8_80=0,rsv_vol_6_50_8_80=0.479546,rsv_vol_21_50_8_80=0,rsv_vol_28_50_8_80=0,rsv_vol_37_50_8_80=0.774691,rsv_vol_63_50_8_80=0.00579216,rsv_vol_65_50_8_80=-17.0875,rsv_vol_67_50_8_80=4295.42,sddp_alpha_0_7=1000
o,7,1,sddp_ecut_0_7_95_43,2.31658e+08,,rsv_vol_1_50_7_70=0,rsv_vol_6_50_7_70=0.434487,rsv_vol_21_50_7_70=0,rsv_vol_28_50_7_70=0,rsv_vol_37_50_7_70=0.680909,rsv_vol_63_50_7_70=0.00517157,rsv_vol_65_50_7_70=-17.0875,rsv_vol_67_50_7_70=3123.81,sddp_alpha_0_6=1000
o,6,1,sddp_ecut_0_6_95_44,2.81814e+08,,rsv_vol_1_50_6_60=0,rsv_vol_6_50_6_60=0.528607,rsv_vol_21_50_6_60=0,rsv_vol_28_50_6_60=0,rsv_vol_37_50_6_60=0.936707,rsv_vol_63_50_6_60=0.00756722,rsv_vol_65_50_6_60=0,rsv_vol_67_50_6_60=5943.57,sddp_alpha_0_5=1000
o,5,1,sddp_ecut_0_5_95_45,2.81885e+08,,rsv_vol_1_50_5_50=0,rsv_vol_6_50_5_50=0.554327,rsv_vol_21_50_5_50=0,rsv_vol_28_50_5_50=0,rsv_vol_37_50_5_50=0.73746,rsv_vol_63_50_5_50=0.00649041,rsv_vol_65_50_5_50=0,rsv_vol_67_50_5_50=4823.92,sddp_alpha_0_4=1000
o,4,1,sddp_ecut_0_4_95_46,2.83267e+08,,rsv_vol_1_50_4_40=0,rsv_vol_6_50_4_40=0.554263,rsv_vol_21_50_4_40=0,rsv_vol_28_50_4_40=0,rsv_vol_37_50_4_40=0.812836,rsv_vol_63_50_4_40=0,rsv_vol_65_50_4_40=0,rsv_vol_67_50_4_40=2573.44,sddp_alpha_0_3=1000
o,3,1,sddp_ecut_0_3_95_47,2.50811e+08,,rsv_vol_1_50_3_30=0,rsv_vol_6_50_3_30=0.545396,rsv_vol_21_50_3_30=0,rsv_vol_28_50_3_30=0,rsv_vol_37_50_3_30=0.744395,rsv_vol_63_50_3_30=0,rsv_vol_65_50_3_30=-34.4475,rsv_vol_67_50_3_30=2830.48,sddp_alpha_0_2=1000
o,2,1,sddp_ecut_0_2_95_48,2.25338e+08,,rsv_vol_1_50_2_20=0,rsv_vol_6_50_2_20=0.707866,rsv_vol_21_50_2_20=0,rsv_vol_28_50_2_20=0,rsv_vol_37_50_2_20=0.488828,rsv_vol_63_50_2_20=0,rsv_vol_65_50_2_20=-69.4444,rsv_vol_67_50_2_20=6213.54,sddp_alpha_0_1=1000
o,1,1,sddp_ecut_0_1_95_49,2.65508e+08,,rsv_vol_1_50_1_10=0,rsv_vol_6_50_1_10=0.843154,rsv_vol_21_50_1_10=0,rsv_vol_28_50_1_10=0,rsv_vol_37_50_1_10=0.507562,rsv_vol_63_50_1_10=0,rsv_vol_65_50_1_10=-17.3611,rsv_vol_67_50_1_10=9920.79,sddp_alpha_0_0=1000
o,50,1,sddp_ecut_0_50_96_0,7.4197e+08,,rsv_vol_1_50_50_500=0,rsv_vol_6_50_50_500=1.94792,rsv_vol_21_50_50_500=0,rsv_vol_28_50_50_500=0,rsv_vol_37_50_50_500=2.90475,rsv_vol_63_50_50_500=9343.02,rsv_vol_65_50_50_500=35009.8,rsv_vol_67_50_50_500=15127.2,sddp_alpha_0_49=1000
o,49,1,sddp_ecut_0_49_96_1,5.94245e+08,,rsv_vol_1_50_49_490=0,rsv_vol_6_50_49_490=-12.3816,rsv_vol_21_50_49_490=0,rsv_vol_28_50_49_490=0,rsv_vol_37_50_49_490=1.87958,rsv_vol_63_50_49_490=8418.64,rsv_vol_65_50_49_490=0,rsv_vol_67_50_49_490=14416.9,sddp_alpha_0_48=1000
o,48,1,sddp_ecut_0_48_96_2,6.5112e+08,,rsv_vol_1_50_48_480=0,rsv_vol_6_50_48_480=-26.4146,rsv_vol_21_50_48_480=0,rsv_vol_28_50_48_480=0,rsv_vol_37_50_48_480=2.43005,rsv_vol_63_50_48_480=7621.99,rsv_vol_65_50_48_480=0,rsv_vol_67_50_48_480=13639.3,sddp_alpha_0_47=1000
o,47,1,sddp_ecut_0_47_96_3,6.4186e+08,,rsv_vol_1_50_47_470=0,rsv_vol_6_50_47_470=-95.2668,rsv_vol_21_50_47_470=0,rsv_vol_28_50_47_470=0,rsv_vol_37_50_47_470=1.45394,rsv_vol_63_50_47_470=7678.17,rsv_vol_65_50_47_470=0,rsv_vol_67_50_47_470=9022.1,sddp_alpha_0_46=1000
o,46,1,sddp_ecut_0_46_96_4,6.21959e+08,,rsv_vol_1_50_46_460=0,rsv_vol_6_50_46_460=-123.55,rsv_vol_21_50_46_460=0,rsv_vol_28_50_46_460=0,rsv_vol_37_50_46_460=1.76338,rsv_vol_63_50_46_460=7622.2,rsv_vol_65_50_46_460=0,rsv_vol_67_50_46_460=6941.93,sddp_alpha_0_45=1000
o,45,1,sddp_ecut_0_45_96_5,6.87401e+08,,rsv_vol_1_50_45_450=0,rsv_vol_6_50_45_450=0.839902,rsv_vol_21_50_45_450=0,rsv_vol_28_50_45_450=0,rsv_vol_37_50_45_450=2.51234,rsv_vol_63_50_45_450=7123.3,rsv_vol_65_50_45_450=0,rsv_vol_67_50_45_450=11127.6,sddp_alpha_0_44=1000
o,44,1,sddp_ecut_0_44_96_6,6.90026e+08,,rsv_vol_1_50_44_440=0,rsv_vol_6_50_44_440=1.09349,rsv_vol_21_50_44_440=0,rsv_vol_28_50_44_440=0,rsv_vol_37_50_44_440=2.27898,rsv_vol_63_50_44_440=7545.16,rsv_vol_65_50_44_440=-28.0204,rsv_vol_67_50_44_440=10508.2,sddp_alpha_0_43=1000
o,43,1,sddp_ecut_0_43_96_7,7.71882e+08,,rsv_vol_1_50_43_430=0,rsv_vol_6_50_43_430=1.45338,rsv_vol_21_50_43_430=0,rsv_vol_28_50_43_430=0,rsv_vol_37_50_43_430=2.45561,rsv_vol_63_50_43_430=6525.85,rsv_vol_65_50_43_430=-28.2438,rsv_vol_67_50_43_430=12635.8,sddp_alpha_0_42=1000
o,42,1,sddp_ecut_0_42_96_8,8.26884e+08,,rsv_vol_1_50_42_420=0,rsv_vol_6_50_42_420=2.01369,rsv_vol_21_50_42_420=0,rsv_vol_28_50_42_420=0,rsv_vol_37_50_42_420=3.00551,rsv_vol_63_50_42_420=8883.06,rsv_vol_65_50_42_420=-14.2345,rsv_vol_67_50_42_420=14733.5,sddp_alpha_0_41=1000
o,41,1,sddp_ecut_0_41_96_9,8.32332e+08,,rsv_vol_1_50_41_410=0,rsv_vol_6_50_41_410=1.89132,rsv_vol_21_50_41_410=0,rsv_vol_28_50_41_410=0,rsv_vol_37_50_41_410=2.95122,rsv_vol_63_50_41_410=6677.09,rsv_vol_65_50_41_410=4962.15,rsv_vol_67_50_41_410=11700.4,sddp_alpha_0_40=1000
o,40,1,sddp_ecut_0_40_96_10,8.47719e+08,,rsv_vol_1_50_40_400=0,rsv_vol_6_50_40_400=2.03587,rsv_vol_21_50_40_400=0,rsv_vol_28_50_40_400=0,rsv_vol_37_50_40_400=4.35808,rsv_vol_63_50_40_400=8532.25,rsv_vol_65_50_40_400=4695.37,rsv_vol_67_50_40_400=14517.1,sddp_alpha_0_39=1000
o,39,1,sddp_ecut_0_39_96_11,7.73673e+08,,rsv_vol_1_50_39_390=0,rsv_vol_6_50_39_390=1.80547,rsv_vol_21_50_39_390=0,rsv_vol_28_50_39_390=0,rsv_vol_37_50_39_390=3.81567,rsv_vol_63_50_39_390=8647.2,rsv_vol_65_50_39_390=4663.56,rsv_vol_67_50_39_390=15042.9,sddp_alpha_0_38=1000
o,38,1,sddp_ecut_0_38_96_12,7.79346e+08,,rsv_vol_1_50_38_380=0,rsv_vol_6_50_38_380=-12.7532,rsv_vol_21_50_38_380=0,rsv_vol_28_50_38_380=0,rsv_vol_37_50_38_380=2.83015,rsv_vol_63_50_38_380=9549.15,rsv_vol_65_50_38_380=12661.7,rsv_vol_67_50_38_380=-235.104,sddp_alpha_0_37=1000
o,37,1,sddp_ecut_0_37_96_13,6.45813e+08,,rsv_vol_1_50_37_370=0,rsv_vol_6_50_37_370=-13.6252,rsv_vol_21_50_37_370=0,rsv_vol_28_50_37_370=0,rsv_vol_37_50_37_370=2.23528,rsv_vol_63_50_37_370=9443.88,rsv_vol_65_50_37_370=0,rsv_vol_67_50_37_370=15930,sddp_alpha_0_36=1000
o,36,1,sddp_ecut_0_36_96_14,7.0939e+08,,rsv_vol_1_50_36_360=0,rsv_vol_6_50_36_360=-29.2047,rsv_vol_21_50_36_360=0,rsv_vol_28_50_36_360=0,rsv_vol_37_50_36_360=2.77566,rsv_vol_63_50_36_360=9090.91,rsv_vol_65_50_36_360=0,rsv_vol_67_50_36_360=15229.1,sddp_alpha_0_35=1000
o,35,1,sddp_ecut_0_35_96_15,7.38236e+08,,rsv_vol_1_50_35_350=0,rsv_vol_6_50_35_350=-105.102,rsv_vol_21_50_35_350=0,rsv_vol_28_50_35_350=0,rsv_vol_37_50_35_350=0.693072,rsv_vol_63_50_35_350=8573.34,rsv_vol_65_50_35_350=0,rsv_vol_67_50_35_350=3253.05,sddp_alpha_0_34=1000
o,34,1,sddp_ecut_0_34_96_16,7.15841e+08,,rsv_vol_1_50_34_340=0,rsv_vol_6_50_34_340=-29.8209,rsv_vol_21_50_34_340=0,rsv_vol_28_50_34_340=0,rsv_vol_37_50_34_340=1.1029,rsv_vol_63_50_34_340=9189.82,rsv_vol_65_50_34_340=0,rsv_vol_67_50_34_340=1639.13,sddp_alpha_0_33=1000
o,33,1,sddp_ecut_0_33_96_17,7.85711e+08,,rsv_vol_1_50_33_330=0,rsv_vol_6_50_33_330=1.41522,rsv_vol_21_50_33_330=0,rsv_vol_28_50_33_330=0,rsv_vol_37_50_33_330=2.15555,rsv_vol_63_50_33_330=7432.22,rsv_vol_65_50_33_330=0,rsv_vol_67_50_33_330=7990.96,sddp_alpha_0_32=1000
o,32,1,sddp_ecut_0_32_96_18,7.86227e+08,,rsv_vol_1_50_32_320=0,rsv_vol_6_50_32_320=1.50884,rsv_vol_21_50_32_320=0,rsv_vol_28_50_32_320=0,rsv_vol_37_50_32_320=1.93903,rsv_vol_63_50_32_320=4402.97,rsv_vol_65_50_32_320=0,rsv_vol_67_50_32_320=8573.67,sddp_alpha_0_31=1000
o,31,1,sddp_ecut_0_31_96_19,8.80882e+08,,rsv_vol_1_50_31_310=0,rsv_vol_6_50_31_310=1.86777,rsv_vol_21_50_31_310=0,rsv_vol_28_50_31_310=0,rsv_vol_37_50_31_310=2.48662,rsv_vol_63_50_31_310=1807.29,rsv_vol_65_50_31_310=-15.5341,rsv_vol_67_50_31_310=12724.6,sddp_alpha_0_30=1000
o,30,1,sddp_ecut_0_30_96_20,9.50338e+08,,rsv_vol_1_50_30_300=0,rsv_vol_6_50_30_300=2.42933,rsv_vol_21_50_30_300=0,rsv_vol_28_50_30_300=0,rsv_vol_37_50_30_300=3.57529,rsv_vol_63_50_30_300=8717.49,rsv_vol_65_50_30_300=-31.3159,rsv_vol_67_50_30_300=16476.2,sddp_alpha_0_29=1000
o,29,1,sddp_ecut_0_29_96_21,9.75418e+08,,rsv_vol_1_50_29_290=0,rsv_vol_6_50_29_290=3.07721,rsv_vol_21_50_29_290=0,rsv_vol_28_50_29_290=0,rsv_vol_37_50_29_290=2.22383,rsv_vol_63_50_29_290=8648.77,rsv_vol_65_50_29_290=15585.7,rsv_vol_67_50_29_290=3619.72,sddp_alpha_0_28=1000
o,28,1,sddp_ecut_0_28_96_22,1.03339e+09,,rsv_vol_1_50_28_280=0,rsv_vol_6_50_28_280=3.41761,rsv_vol_21_50_28_280=0,rsv_vol_28_50_28_280=0,rsv_vol_37_50_28_280=6.63199,rsv_vol_63_50_28_280=10199,rsv_vol_65_50_28_280=23688.4,rsv_vol_67_50_28_280=1852.15,sddp_alpha_0_27=1000
o,27,1,sddp_ecut_0_27_96_23,9.23448e+08,,rsv_vol_1_50_27_270=0,rsv_vol_6_50_27_270=-30.9372,rsv_vol_21_50_27_270=0,rsv_vol_28_50_27_270=0,rsv_vol_37_50_27_270=1.23183,rsv_vol_63_50_27_270=9289.17,rsv_vol_65_50_27_270=4392.88,rsv_vol_67_50_27_270=-256.569,sddp_alpha_0_26=1000
o,26,1,sddp_ecut_0_26_96_24,9.38607e+08,,rsv_vol_1_50_26_260=0,rsv_vol_6_50_26_260=-47.1974,rsv_vol_21_50_26_260=0,rsv_vol_28_50_26_260=0,rsv_vol_37_50_26_260=5.18722,rsv_vol_63_50_26_260=10361.7,rsv_vol_65_50_26_260=0,rsv_vol_67_50_26_260=17207.8,sddp_alpha_0_25=1000
o,25,1,sddp_ecut_0_25_96_25,8.2928e+08,,rsv_vol_1_50_25_250=0,rsv_vol_6_50_25_250=-63.968,rsv_vol_21_50_25_250=0,rsv_vol_28_50_25_250=0,rsv_vol_37_50_25_250=4.78176,rsv_vol_63_50_25_250=11019,rsv_vol_65_50_25_250=0,rsv_vol_67_50_25_250=18631.8,sddp_alpha_0_24=1000
o,24,1,sddp_ecut_0_24_96_26,9.00769e+08,,rsv_vol_1_50_24_240=0,rsv_vol_6_50_24_240=-146.75,rsv_vol_21_50_24_240=0,rsv_vol_28_50_24_240=0,rsv_vol_37_50_24_240=3.85428,rsv_vol_63_50_24_240=10337,rsv_vol_65_50_24_240=0,rsv_vol_67_50_24_240=17158.7,sddp_alpha_0_23=1000
o,23,1,sddp_ecut_0_23_96_27,8.7139e+08,,rsv_vol_1_50_23_230=0,rsv_vol_6_50_23_230=-115.323,rsv_vol_21_50_23_230=0,rsv_vol_28_50_23_230=0,rsv_vol_37_50_23_230=1.29822,rsv_vol_63_50_23_230=8882.42,rsv_vol_65_50_23_230=0,rsv_vol_67_50_23_230=6594.82,sddp_alpha_0_22=1000
o,22,1,sddp_ecut_0_22_96_28,2.25306e+08,,rsv_vol_1_50_22_220=0,rsv_vol_6_50_22_220=0.3573,rsv_vol_21_50_22_220=0,rsv_vol_28_50_22_220=0,rsv_vol_37_50_22_220=0.483474,rsv_vol_63_50_22_220=7.80866,rsv_vol_65_50_22_220=-16.6852,rsv_vol_67_50_22_220=2751.78,sddp_alpha_0_21=1000
o,21,1,sddp_ecut_0_21_96_29,1.97243e+08,,rsv_vol_1_50_21_210=0,rsv_vol_6_50_21_210=0.327868,rsv_vol_21_50_21_210=0,rsv_vol_28_50_21_210=0,rsv_vol_37_50_21_210=0.353737,rsv_vol_63_50_21_210=7.20799,rsv_vol_65_50_21_210=-16.6852,rsv_vol_67_50_21_210=1323.9,sddp_alpha_0_20=1000
o,20,1,sddp_ecut_0_20_96_30,2.24944e+08,,rsv_vol_1_50_20_200=0,rsv_vol_6_50_20_200=0.396313,rsv_vol_21_50_20_200=0,rsv_vol_28_50_20_200=0,rsv_vol_37_50_20_200=0.345962,rsv_vol_63_50_20_200=6.00666,rsv_vol_65_50_20_200=-50.0555,rsv_vol_67_50_20_200=1140.36,sddp_alpha_0_19=1000
o,19,1,sddp_ecut_0_19_96_31,1.9615e+08,,rsv_vol_1_50_19_190=0,rsv_vol_6_50_19_190=0.358616,rsv_vol_21_50_19_190=0,rsv_vol_28_50_19_190=0,rsv_vol_37_50_19_190=0.248175,rsv_vol_63_50_19_190=7.20799,rsv_vol_65_50_19_190=-50.0555,rsv_vol_67_50_19_190=392.776,sddp_alpha_0_18=1000
o,18,1,sddp_ecut_0_18_96_32,2.4088e+08,,rsv_vol_1_50_18_180=0,rsv_vol_6_50_18_180=0.402678,rsv_vol_21_50_18_180=0,rsv_vol_28_50_18_180=0,rsv_vol_37_50_18_180=0.414202,rsv_vol_63_50_18_180=7.26547,rsv_vol_65_50_18_180=-50.4547,rsv_vol_67_50_18_180=2041.26,sddp_alpha_0_17=1000
o,17,1,sddp_ecut_0_17_96_33,2.42099e+08,,rsv_vol_1_50_17_170=0,rsv_vol_6_50_17_170=0.412814,rsv_vol_21_50_17_170=0,rsv_vol_28_50_17_170=0,rsv_vol_37_50_17_170=0.503725,rsv_vol_63_50_17_170=7.26547,rsv_vol_65_50_17_170=-33.6364,rsv_vol_67_50_17_170=1572.26,sddp_alpha_0_16=1000
o,16,1,sddp_ecut_0_16_96_34,2.42624e+08,,rsv_vol_1_50_16_160=0,rsv_vol_6_50_16_160=0.418494,rsv_vol_21_50_16_160=0,rsv_vol_28_50_16_160=0,rsv_vol_37_50_16_160=0.488897,rsv_vol_63_50_16_160=6.66001,rsv_vol_65_50_16_160=0,rsv_vol_67_50_16_160=3249.37,sddp_alpha_0_15=1000
o,15,1,sddp_ecut_0_15_96_35,2.12073e+08,,rsv_vol_1_50_15_150=0,rsv_vol_6_50_15_150=0.375323,rsv_vol_21_50_15_150=0,rsv_vol_28_50_15_150=0,rsv_vol_37_50_15_150=0.336979,rsv_vol_63_50_15_150=4.23819,rsv_vol_65_50_15_150=-16.8182,rsv_vol_67_50_15_150=772.609,sddp_alpha_0_14=1000
o,14,1,sddp_ecut_0_14_96_36,2.51893e+08,,rsv_vol_1_50_14_140=0,rsv_vol_6_50_14_140=0.486347,rsv_vol_21_50_14_140=0,rsv_vol_28_50_14_140=0,rsv_vol_37_50_14_140=0.585543,rsv_vol_63_50_14_140=4.88227,rsv_vol_65_50_14_140=-16.9523,rsv_vol_67_50_14_140=5388.82,sddp_alpha_0_13=1000
o,13,1,sddp_ecut_0_13_96_37,2.17886e+08,,rsv_vol_1_50_13_130=0,rsv_vol_6_50_13_130=0.381142,rsv_vol_21_50_13_130=0,rsv_vol_28_50_13_130=0,rsv_vol_37_50_13_130=0.384669,rsv_vol_63_50_13_130=3.05445,rsv_vol_65_50_13_130=-16.9523,rsv_vol_67_50_13_130=1364.34,sddp_alpha_0_12=1000
o,12,1,sddp_ecut_0_12_96_38,2.49692e+08,,rsv_vol_1_50_12_120=0,rsv_vol_6_50_12_120=0.463542,rsv_vol_21_50_12_120=0,rsv_vol_28_50_12_120=0,rsv_vol_37_50_12_120=0.569366,rsv_vol_63_50_12_120=3.66341,rsv_vol_65_50_12_120=-33.9046,rsv_vol_67_50_12_120=4862.43,sddp_alpha_0_11=1000
o,11,1,sddp_ecut_0_11_96_39,2.19629e+08,,rsv_vol_1_50_11_110=0,rsv_vol_6_50_11_110=0.422289,rsv_vol_21_50_11_110=0,rsv_vol_28_50_11_110=0,rsv_vol_37_50_11_110=0.549519,rsv_vol_63_50_11_110=1.22057,rsv_vol_65_50_11_110=0,rsv_vol_67_50_11_110=1867.99,sddp_alpha_0_10=1000
o,10,1,sddp_ecut_0_10_96_40,2.60918e+08,,rsv_vol_1_50_10_100=0,rsv_vol_6_50_10_100=0.460434,rsv_vol_21_50_10_100=0,rsv_vol_28_50_10_100=0,rsv_vol_37_50_10_100=0.520056,rsv_vol_63_50_10_100=1.2303,rsv_vol_65_50_10_100=-34.175,rsv_vol_67_50_10_100=2725.03,sddp_alpha_0_9=1000
o,9,1,sddp_ecut_0_9_96_41,2.6257e+08,,rsv_vol_1_50_9_90=0,rsv_vol_6_50_9_90=0.471838,rsv_vol_21_50_9_90=0,rsv_vol_28_50_9_90=0,rsv_vol_37_50_9_90=0.533764,rsv_vol_63_50_9_90=0,rsv_vol_65_50_9_90=-17.0875,rsv_vol_67_50_9_90=2030.46,sddp_alpha_0_8=1000
o,8,1,sddp_ecut_0_8_96_42,2.63448e+08,,rsv_vol_1_50_8_80=0,rsv_vol_6_50_8_80=0.479546,rsv_vol_21_50_8_80=0,rsv_vol_28_50_8_80=0,rsv_vol_37_50_8_80=0.774691,rsv_vol_63_50_8_80=0.00579216,rsv_vol_65_50_8_80=-17.0875,rsv_vol_67_50_8_80=4295.42,sddp_alpha_0_7=1000
o,7,1,sddp_ecut_0_7_96_43,2.31658e+08,,rsv_vol_1_50_7_70=0,rsv_vol_6_50_7_70=0.434487,rsv_vol_21_50_7_70=0,rsv_vol_28_50_7_70=0,rsv_vol_37_50_7_70=0.680909,rsv_vol_63_50_7_70=0.00517157,rsv_vol_65_50_7_70=-17.0875,rsv_vol_67_50_7_70=3123.81,sddp_alpha_0_6=1000
o,6,1,sddp_ecut_0_6_96_44,2.81814e+08,,rsv_vol_1_50_6_60=0,rsv_vol_6_50_6_60=0.528607,rsv_vol_21_50_6_60=0,rsv_vol_28_50_6_60=0,rsv_vol_37_50_6_60=0.936707,rsv_vol_63_50_6_60=0.00756727,rsv_vol_65_50_6_60=0,rsv_vol_67_50_6_60=5943.57,sddp_alpha_0_5=1000
o,5,1,sddp_ecut_0_5_96_45,2.81885e+08,,rsv_vol_1_50_5_50=0,rsv_vol_6_50_5_50=0.554327,rsv_vol_21_50_5_50=0,rsv_vol_28_50_5_50=0,rsv_vol_37_50_5_50=0.73746,rsv_vol_63_50_5_50=0.00649041,rsv_vol_65_50_5_50=0,rsv_vol_67_50_5_50=4823.92,sddp_alpha_0_4=1000
o,4,1,sddp_ecut_0_4_96_46,2.83267e+08,,rsv_vol_1_50_4_40=0,rsv_vol_6_50_4_40=0.554263,rsv_vol_21_50_4_40=0,rsv_vol_28_50_4_40=0,rsv_vol_37_50_4_40=0.812836,rsv_vol_63_50_4_40=0,rsv_vol_65_50_4_40=0,rsv_vol_67_50_4_40=2573.44,sddp_alpha_0_3=1000
o,3,1,sddp_ecut_0_3_96_47,2.50811e+08,,rsv_vol_1_50_3_30=0,rsv_vol_6_50_3_30=0.545396,rsv_vol_21_50_3_30=0,rsv_vol_28_50_3_30=0,rsv_vol_37_50_3_30=0.744395,rsv_vol_63_50_3_30=0,rsv_vol_65_50_3_30=-34.4475,rsv_vol_67_50_3_30=2830.48,sddp_alpha_0_2=1000
o,2,1,sddp_ecut_0_2_96_48,2.25338e+08,,rsv_vol_1_50_2_20=0,rsv_vol_6_50_2_20=0.707866,rsv_vol_21_50_2_20=0,rsv_vol_28_50_2_20=0,rsv_vol_37_50_2_20=0.488828,rsv_vol_63_50_2_20=0,rsv_vol_65_50_2_20=-69.4444,rsv_vol_67_50_2_20=6213.54,sddp_alpha_0_1=1000
o,1,1,sddp_ecut_0_1_96_49,2.65508e+08,,rsv_vol_1_50_1_10=0,rsv_vol_6_50_1_10=0.843154,rsv_vol_21_50_1_10=0,rsv_vol_28_50_1_10=0,rsv_vol_37_50_1_10=0.507562,rsv_vol_63_50_1_10=0,rsv_vol_65_50_1_10=-17.3611,rsv_vol_67_50_1_10=9920.79,sddp_alpha_0_0=1000
o,50,1,sddp_ecut_0_50_97_0,7.4197e+08,,rsv_vol_1_50_50_500=0,rsv_vol_6_50_50_500=1.94792,rsv_vol_21_50_50_500=0,rsv_vol_28_50_50_500=0,rsv_vol_37_50_50_500=2.90475,rsv_vol_63_50_50_500=9343.02,rsv_vol_65_50_50_500=35009.8,rsv_vol_67_50_50_500=15127.2,sddp_alpha_0_49=1000
o,49,1,sddp_ecut_0_49_97_1,5.94245e+08,,rsv_vol_1_50_49_490=0,rsv_vol_6_50_49_490=-12.3816,rsv_vol_21_50_49_490=0,rsv_vol_28_50_49_490=0,rsv_vol_37_50_49_490=1.87958,rsv_vol_63_50_49_490=8418.64,rsv_vol_65_50_49_490=0,rsv_vol_67_50_49_490=14416.9,sddp_alpha_0_48=1000
o,48,1,sddp_ecut_0_48_97_2,6.5112e+08,,rsv_vol_1_50_48_480=0,rsv_vol_6_50_48_480=-26.4146,rsv_vol_21_50_48_480=0,rsv_vol_28_50_48_480=0,rsv_vol_37_50_48_480=2.43005,rsv_vol_63_50_48_480=7621.99,rsv_vol_65_50_48_480=0,rsv_vol_67_50_48_480=13639.3,sddp_alpha_0_47=1000
o,47,1,sddp_ecut_0_47_97_3,6.4186e+08,,rsv_vol_1_50_47_470=0,rsv_vol_6_50_47_470=-95.2668,rsv_vol_21_50_47_470=0,rsv_vol_28_50_47_470=0,rsv_vol_37_50_47_470=1.45394,rsv_vol_63_50_47_470=7678.17,rsv_vol_65_50_47_470=0,rsv_vol_67_50_47_470=9022.1,sddp_alpha_0_46=1000
o,46,1,sddp_ecut_0_46_97_4,6.21959e+08,,rsv_vol_1_50_46_460=0,rsv_vol_6_50_46_460=-123.55,rsv_vol_21_50_46_460=0,rsv_vol_28_50_46_460=0,rsv_vol_37_50_46_460=1.76338,rsv_vol_63_50_46_460=7622.2,rsv_vol_65_50_46_460=0,rsv_vol_67_50_46_460=6941.93,sddp_alpha_0_45=1000
o,45,1,sddp_ecut_0_45_97_5,6.87401e+08,,rsv_vol_1_50_45_450=0,rsv_vol_6_50_45_450=0.839902,rsv_vol_21_50_45_450=0,rsv_vol_28_50_45_450=0,rsv_vol_37_50_45_450=2.51234,rsv_vol_63_50_45_450=7123.3,rsv_vol_65_50_45_450=0,rsv_vol_67_50_45_450=11127.6,sddp_alpha_0_44=1000
o,44,1,sddp_ecut_0_44_97_6,6.90026e+08,,rsv_vol_1_50_44_440=0,rsv_vol_6_50_44_440=1.09349,rsv_vol_21_50_44_440=0,rsv_vol_28_50_44_440=0,rsv_vol_37_50_44_440=2.27898,rsv_vol_63_50_44_440=7545.16,rsv_vol_65_50_44_440=-28.0204,rsv_vol_67_50_44_440=10508.2,sddp_alpha_0_43=1000
o,43,1,sddp_ecut_0_43_97_7,7.71882e+08,,rsv_vol_1_50_43_430=0,rsv_vol_6_50_43_430=1.45338,rsv_vol_21_50_43_430=0,rsv_vol_28_50_43_430=0,rsv_vol_37_50_43_430=2.45561,rsv_vol_63_50_43_430=6525.85,rsv_vol_65_50_43_430=-28.2438,rsv_vol_67_50_43_430=12635.8,sddp_alpha_0_42=1000
o,42,1,sddp_ecut_0_42_97_8,8.26884e+08,,rsv_vol_1_50_42_420=0,rsv_vol_6_50_42_420=2.01369,rsv_vol_21_50_42_420=0,rsv_vol_28_50_42_420=0,rsv_vol_37_50_42_420=3.00551,rsv_vol_63_50_42_420=8883.06,rsv_vol_65_50_42_420=-14.2345,rsv_vol_67_50_42_420=14733.5,sddp_alpha_0_41=1000
o,41,1,sddp_ecut_0_41_97_9,8.32332e+08,,rsv_vol_1_50_41_410=0,rsv_vol_6_50_41_410=1.89132,rsv_vol_21_50_41_410=0,rsv_vol_28_50_41_410=0,rsv_vol_37_50_41_410=2.95122,rsv_vol_63_50_41_410=6677.09,rsv_vol_65_50_41_410=4962.15,rsv_vol_67_50_41_410=11700.4,sddp_alpha_0_40=1000
o,40,1,sddp_ecut_0_40_97_10,8.47719e+08,,rsv_vol_1_50_40_400=0,rsv_vol_6_50_40_400=2.03587,rsv_vol_21_50_40_400=0,rsv_vol_28_50_40_400=0,rsv_vol_37_50_40_400=4.35808,rsv_vol_63_50_40_400=8532.25,rsv_vol_65_50_40_400=4695.37,rsv_vol_67_50_40_400=14517.1,sddp_alpha_0_39=1000
o,39,1,sddp_ecut_0_39_97_11,7.73673e+08,,rsv_vol_1_50_39_390=0,rsv_vol_6_50_39_390=1.80547,rsv_vol_21_50_39_390=0,rsv_vol_28_50_39_390=0,rsv_vol_37_50_39_390=3.81567,rsv_vol_63_50_39_390=8647.2,rsv_vol_65_50_39_390=4663.56,rsv_vol_67_50_39_390=15042.9,sddp_alpha_0_38=1000
o,38,1,sddp_ecut_0_38_97_12,7.79346e+08,,rsv_vol_1_50_38_380=0,rsv_vol_6_50_38_380=-12.7532,rsv_vol_21_50_38_380=0,rsv_vol_28_50_38_380=0,rsv_vol_37_50_38_380=2.83015,rsv_vol_63_50_38_380=9549.15,rsv_vol_65_50_38_380=12661.7,rsv_vol_67_50_38_380=-235.104,sddp_alpha_0_37=1000
o,37,1,sddp_ecut_0_37_97_13,6.45813e+08,,rsv_vol_1_50_37_370=0,rsv_vol_6_50_37_370=-13.6252,rsv_vol_21_50_37_370=0,rsv_vol_28_50_37_370=0,rsv_vol_37_50_37_370=2.23528,rsv_vol_63_50_37_370=9443.88,rsv_vol_65_50_37_370=0,rsv_vol_67_50_37_370=15930,sddp_alpha_0_36=1000
o,36,1,sddp_ecut_0_36_97_14,7.0939e+08,,rsv_vol_1_50_36_360=0,rsv_vol_6_50_36_360=-29.2047,rsv_vol_21_50_36_360=0,rsv_vol_28_50_36_360=0,rsv_vol_37_50_36_360=2.77566,rsv_vol_63_50_36_360=9090.91,rsv_vol_65_50_36_360=0,rsv_vol_67_50_36_360=15229.1,sddp_alpha_0_35=1000
o,35,1,sddp_ecut_0_35_97_15,7.38236e+08,,rsv_vol_1_50_35_350=0,rsv_vol_6_50_35_350=-105.102,rsv_vol_21_50_35_350=0,rsv_vol_28_50_35_350=0,rsv_vol_37_50_35_350=0.693072,rsv_vol_63_50_35_350=8573.34,rsv_vol_65_50_35_350=0,rsv_vol_67_50_35_350=3253.05,sddp_alpha_0_34=1000
o,34,1,sddp_ecut_0_34_97_16,7.15841e+08,,rsv_vol_1_50_34_340=0,rsv_vol_6_50_34_340=-29.8209,rsv_vol_21_50_34_340=0,rsv_vol_28_50_34_340=0,rsv_vol_37_50_34_340=1.1029,rsv_vol_63_50_34_340=9189.82,rsv_vol_65_50_34_340=0,rsv_vol_67_50_34_340=1639.13,sddp_alpha_0_33=1000
o,33,1,sddp_ecut_0_33_97_17,7.85711e+08,,rsv_vol_1_50_33_330=0,rsv_vol_6_50_33_330=1.41522,rsv_vol_21_50_33_330=0,rsv_vol_28_50_33_330=0,rsv_vol_37_50_33_330=2.15555,rsv_vol_63_50_33_330=7432.22,rsv_vol_65_50_33_330=0,rsv_vol_67_50_33_330=7990.96,sddp_alpha_0_32=1000
o,32,1,sddp_ecut_0_32_97_18,7.86227e+08,,rsv_vol_1_50_32_320=0,rsv_vol_6_50_32_320=1.50884,rsv_vol_21_50_32_320=0,rsv_vol_28_50_32_320=0,rsv_vol_37_50_32_320=1.93903,rsv_vol_63_50_32_320=4402.97,rsv_vol_65_50_32_320=0,rsv_vol_67_50_32_320=8573.67,sddp_alpha_0_31=1000
o,31,1,sddp_ecut_0_31_97_19,8.80882e+08,,rsv_vol_1_50_31_310=0,rsv_vol_6_50_31_310=1.86777,rsv_vol_21_50_31_310=0,rsv_vol_28_50_31_310=0,rsv_vol_37_50_31_310=2.48662,rsv_vol_63_50_31_310=1807.29,rsv_vol_65_50_31_310=-15.5341,rsv_vol_67_50_31_310=12724.6,sddp_alpha_0_30=1000
o,30,1,sddp_ecut_0_30_97_20,9.50338e+08,,rsv_vol_1_50_30_300=0,rsv_vol_6_50_30_300=2.42933,rsv_vol_21_50_30_300=0,rsv_vol_28_50_30_300=0,rsv_vol_37_50_30_300=3.57529,rsv_vol_63_50_30_300=8717.49,rsv_vol_65_50_30_300=-31.3159,rsv_vol_67_50_30_300=16476.2,sddp_alpha_0_29=1000
o,29,1,sddp_ecut_0_29_97_21,9.75418e+08,,rsv_vol_1_50_29_290=0,rsv_vol_6_50_29_290=3.07721,rsv_vol_21_50_29_290=0,rsv_vol_28_50_29_290=0,rsv_vol_37_50_29_290=2.22383,rsv_vol_63_50_29_290=8648.77,rsv_vol_65_50_29_290=15585.7,rsv_vol_67_50_29_290=3619.72,sddp_alpha_0_28=1000
o,28,1,sddp_ecut_0_28_97_22,1.03339e+09,,rsv_vol_1_50_28_280=0,rsv_vol_6_50_28_280=3.41761,rsv_vol_21_50_28_280=0,rsv_vol_28_50_28_280=0,rsv_vol_37_50_28_280=6.63199,rsv_vol_63_50_28_280=10199,rsv_vol_65_50_28_280=23688.4,rsv_vol_67_50_28_280=1852.15,sddp_alpha_0_27=1000
o,27,1,sddp_ecut_0_27_97_23,9.23448e+08,,rsv_vol_1_50_27_270=0,rsv_vol_6_50_27_270=-30.9372,rsv_vol_21_50_27_270=0,rsv_vol_28_50_27_270=0,rsv_vol_37_50_27_270=1.23183,rsv_vol_63_50_27_270=9289.17,rsv_vol_65_50_27_270=4392.88,rsv_vol_67_50_27_270=-256.569,sddp_alpha_0_26=1000
o,26,1,sddp_ecut_0_26_97_24,9.38607e+08,,rsv_vol_1_50_26_260=0,rsv_vol_6_50_26_260=-47.1974,rsv_vol_21_50_26_260=0,rsv_vol_28_50_26_260=0,rsv_vol_37_50_26_260=5.18722,rsv_vol_63_50_26_260=10361.7,rsv_vol_65_50_26_260=0,rsv_vol_67_50_26_260=17207.8,sddp_alpha_0_25=1000
o,25,1,sddp_ecut_0_25_97_25,8.2928e+08,,rsv_vol_1_50_25_250=0,rsv_vol_6_50_25_250=-63.968,rsv_vol_21_50_25_250=0,rsv_vol_28_50_25_250=0,rsv_vol_37_50_25_250=4.78176,rsv_vol_63_50_25_250=11019,rsv_vol_65_50_25_250=0,rsv_vol_67_50_25_250=18631.8,sddp_alpha_0_24=1000
o,24,1,sddp_ecut_0_24_97_26,9.00769e+08,,rsv_vol_1_50_24_240=0,rsv_vol_6_50_24_240=-146.75,rsv_vol_21_50_24_240=0,rsv_vol_28_50_24_240=0,rsv_vol_37_50_24_240=3.85428,rsv_vol_63_50_24_240=10337,rsv_vol_65_50_24_240=0,rsv_vol_67_50_24_240=17158.7,sddp_alpha_0_23=1000
o,23,1,sddp_ecut_0_23_97_27,8.7139e+08,,rsv_vol_1_50_23_230=0,rsv_vol_6_50_23_230=-115.323,rsv_vol_21_50_23_230=0,rsv_vol_28_50_23_230=0,rsv_vol_37_50_23_230=1.29822,rsv_vol_63_50_23_230=8882.42,rsv_vol_65_50_23_230=0,rsv_vol_67_50_23_230=6594.82,sddp_alpha_0_22=1000
o,22,1,sddp_ecut_0_22_97_28,2.25306e+08,,rsv_vol_1_50_22_220=0,rsv_vol_6_50_22_220=0.3573,rsv_vol_21_50_22_220=0,rsv_vol_28_50_22_220=0,rsv_vol_37_50_22_220=0.483474,rsv_vol_63_50_22_220=7.80866,rsv_vol_65_50_22_220=-16.6852,rsv_vol_67_50_22_220=2751.78,sddp_alpha_0_21=1000
o,21,1,sddp_ecut_0_21_97_29,1.97243e+08,,rsv_vol_1_50_21_210=0,rsv_vol_6_50_21_210=0.327868,rsv_vol_21_50_21_210=0,rsv_vol_28_50_21_210=0,rsv_vol_37_50_21_210=0.353737,rsv_vol_63_50_21_210=7.20799,rsv_vol_65_50_21_210=-16.6852,rsv_vol_67_50_21_210=1323.9,sddp_alpha_0_20=1000
o,20,1,sddp_ecut_0_20_97_30,2.24944e+08,,rsv_vol_1_50_20_200=0,rsv_vol_6_50_20_200=0.396313,rsv_vol_21_50_20_200=0,rsv_vol_28_50_20_200=0,rsv_vol_37_50_20_200=0.345962,rsv_vol_63_50_20_200=6.00666,rsv_vol_65_50_20_200=-50.0555,rsv_vol_67_50_20_200=1140.36,sddp_alpha_0_19=1000
o,19,1,sddp_ecut_0_19_97_31,1.9615e+08,,rsv_vol_1_50_19_190=0,rsv_vol_6_50_19_190=0.358616,rsv_vol_21_50_19_190=0,rsv_vol_28_50_19_190=0,rsv_vol_37_50_19_190=0.248175,rsv_vol_63_50_19_190=7.20799,rsv_vol_65_50_19_190=-50.0555,rsv_vol_67_50_19_190=392.776,sddp_alpha_0_18=1000
o,18,1,sddp_ecut_0_18_97_32,2.4088e+08,,rsv_vol_1_50_18_180=0,rsv_vol_6_50_18_180=0.402678,rsv_vol_21_50_18_180=0,rsv_vol_28_50_18_180=0,rsv_vol_37_50_18_180=0.414202,rsv_vol_63_50_18_180=7.26547,rsv_vol_65_50_18_180=-50.4547,rsv_vol_67_50_18_180=2041.26,sddp_alpha_0_17=1000
o,17,1,sddp_ecut_0_17_97_33,2.42099e+08,,rsv_vol_1_50_17_170=0,rsv_vol_6_50_17_170=0.412814,rsv_vol_21_50_17_170=0,rsv_vol_28_50_17_170=0,rsv_vol_37_50_17_170=0.503725,rsv_vol_63_50_17_170=7.26547,rsv_vol_65_50_17_170=-33.6364,rsv_vol_67_50_17_170=1572.26,sddp_alpha_0_16=1000
o,16,1,sddp_ecut_0_16_97_34,2.42624e+08,,rsv_vol_1_50_16_160=0,rsv_vol_6_50_16_160=0.418494,rsv_vol_21_50_16_160=0,rsv_vol_28_50_16_160=0,rsv_vol_37_50_16_160=0.488897,rsv_vol_63_50_16_160=6.66001,rsv_vol_65_50_16_160=0,rsv_vol_67_50_16_160=3249.37,sddp_alpha_0_15=1000
o,15,1,sddp_ecut_0_15_97_35,2.12073e+08,,rsv_vol_1_50_15_150=0,rsv_vol_6_50_15_150=0.375323,rsv_vol_21_50_15_150=0,rsv_vol_28_50_15_150=0,rsv_vol_37_50_15_150=0.336979,rsv_vol_63_50_15_150=4.23819,rsv_vol_65_50_15_150=-16.8182,rsv_vol_67_50_15_150=772.609,sddp_alpha_0_14=1000
o,14,1,sddp_ecut_0_14_97_36,2.51893e+08,,rsv_vol_1_50_14_140=0,rsv_vol_6_50_14_140=0.486347,rsv_vol_21_50_14_140=0,rsv_vol_28_50_14_140=0,rsv_vol_37_50_14_140=0.585543,rsv_vol_63_50_14_140=4.88227,rsv_vol_65_50_14_140=-16.9523,rsv_vol_67_50_14_140=5388.82,sddp_alpha_0_13=1000
o,13,1,sddp_ecut_0_13_97_37,2.17886e+08,,rsv_vol_1_50_13_130=0,rsv_vol_6_50_13_130=0.381142,rsv_vol_21_50_13_130=0,rsv_vol_28_50_13_130=0,rsv_vol_37_50_13_130=0.384669,rsv_vol_63_50_13_130=3.05443,rsv_vol_65_50_13_130=-16.9523,rsv_vol_67_50_13_130=1364.34,sddp_alpha_0_12=1000
o,12,1,sddp_ecut_0_12_97_38,2.49692e+08,,rsv_vol_1_50_12_120=0,rsv_vol_6_50_12_120=0.463542,rsv_vol_21_50_12_120=0,rsv_vol_28_50_12_120=0,rsv_vol_37_50_12_120=0.569366,rsv_vol_63_50_12_120=3.66341,rsv_vol_65_50_12_120=-33.9046,rsv_vol_67_50_12_120=4862.43,sddp_alpha_0_11=1000
o,11,1,sddp_ecut_0_11_97_39,2.19629e+08,,rsv_vol_1_50_11_110=0,rsv_vol_6_50_11_110=0.422289,rsv_vol_21_50_11_110=0,rsv_vol_28_50_11_110=0,rsv_vol_37_50_11_110=0.549519,rsv_vol_63_50_11_110=1.22057,rsv_vol_65_50_11_110=0,rsv_vol_67_50_11_110=1867.99,sddp_alpha_0_10=1000
o,10,1,sddp_ecut_0_10_97_40,2.60918e+08,,rsv_vol_1_50_10_100=0,rsv_vol_6_50_10_100=0.460434,rsv_vol_21_50_10_100=0,rsv_vol_28_50_10_100=0,rsv_vol_37_50_10_100=0.520056,rsv_vol_63_50_10_100=1.2303,rsv_vol_65_50_10_100=-34.175,rsv_vol_67_50_10_100=2725.03,sddp_alpha_0_9=1000
o,9,1,sddp_ecut_0_9_97_41,2.6257e+08,,rsv_vol_1_50_9_90=0,rsv_vol_6_50_9_90=0.471838,rsv_vol_21_50_9_90=0,rsv_vol_28_50_9_90=0,rsv_vol_37_50_9_90=0.533764,rsv_vol_63_50_9_90=0,rsv_vol_65_50_9_90=-17.0875,rsv_vol_67_50_9_90=2030.46,sddp_alpha_0_8=1000
o,8,1,sddp_ecut_0_8_97_42,2.63448e+08,,rsv_vol_1_50_8_80=0,rsv_vol_6_50_8_80=0.479546,rsv_vol_21_50_8_80=0,rsv_vol_28_50_8_80=0,rsv_vol_37_50_8_80=0.774691,rsv_vol_63_50_8_80=0.00579216,rsv_vol_65_50_8_80=-17.0875,rsv_vol_67_50_8_80=4295.42,sddp_alpha_0_7=1000
o,7,1,sddp_ecut_0_7_97_43,2.31658e+08,,rsv_vol_1_50_7_70=0,rsv_vol_6_50_7_70=0.434487,rsv_vol_21_50_7_70=0,rsv_vol_28_50_7_70=0,rsv_vol_37_50_7_70=0.680909,rsv_vol_63_50_7_70=0.00517157,rsv_vol_65_50_7_70=-17.0875,rsv_vol_67_50_7_70=3123.81,sddp_alpha_0_6=1000
o,6,1,sddp_ecut_0_6_97_44,2.81814e+08,,rsv_vol_1_50_6_60=0,rsv_vol_6_50_6_60=0.528607,rsv_vol_21_50_6_60=0,rsv_vol_28_50_6_60=0,rsv_vol_37_50_6_60=0.936707,rsv_vol_63_50_6_60=0.00757317,rsv_vol_65_50_6_60=0,rsv_vol_67_50_6_60=5943.57,sddp_alpha_0_5=1000
o,5,1,sddp_ecut_0_5_97_45,2.81885e+08,,rsv_vol_1_50_5_50=0,rsv_vol_6_50_5_50=0.554327,rsv_vol_21_50_5_50=0,rsv_vol_28_50_5_50=0,rsv_vol_37_50_5_50=0.73746,rsv_vol_63_50_5_50=0.00649041,rsv_vol_65_50_5_50=0,rsv_vol_67_50_5_50=4823.92,sddp_alpha_0_4=1000
o,4,1,sddp_ecut_0_4_97_46,2.83267e+08,,rsv_vol_1_50_4_40=0,rsv_vol_6_50_4_40=0.554263,rsv_vol_21_50_4_40=0,rsv_vol_28_50_4_40=0,rsv_vol_37_50_4_40=0.812836,rsv_vol_63_50_4_40=0,rsv_vol_65_50_4_40=0,rsv_vol_67_50_4_40=2573.44,sddp_alpha_0_3=1000
o,3,1,sddp_ecut_0_3_97_47,2.50811e+08,,rsv_vol_1_50_3_30=0,rsv_vol_6_50_3_30=0.545396,rsv_vol_21_50_3_30=0,rsv_vol_28_50_3_30=0,rsv_vol_37_50_3_30=0.744395,rsv_vol_63_50_3_30=0,rsv_vol_65_50_3_30=-34.4475,rsv_vol_67_50_3_30=2830.48,sddp_alpha_0_2=1000
o,2,1,sddp_ecut_0_2_97_48,2.25338e+08,,rsv_vol_1_50_2_20=0,rsv_vol_6_50_2_20=0.707866,rsv_vol_21_50_2_20=0,rsv_vol_28_50_2_20=0,rsv_vol_37_50_2_20=0.488828,rsv_vol_63_50_2_20=0,rsv_vol_65_50_2_20=-69.4444,rsv_vol_67_50_2_20=6213.54,sddp_alpha_0_1=1000
o,1,1,sddp_ecut_0_1_97_49,2.65508e+08,,rsv_vol_1_50_1_10=0,rsv_vol_6_50_1_10=0.843154,rsv_vol_21_50_1_10=0,rsv_vol_28_50_1_10=0,rsv_vol_37_50_1_10=0.507562,rsv_vol_63_50_1_10=0,rsv_vol_65_50_1_10=-17.3611,rsv_vol_67_50_1_10=9920.79,sddp_alpha_0_0=1000
o,50,1,sddp_ecut_0_50_98_0,7.4197e+08,,rsv_vol_1_50_50_500=0,rsv_vol_6_50_50_500=1.94792,rsv_vol_21_50_50_500=0,rsv_vol_28_50_50_500=0,rsv_vol_37_50_50_500=2.90475,rsv_vol_63_50_50_500=9343.02,rsv_vol_65_50_50_500=35009.8,rsv_vol_67_50_50_500=15127.2,sddp_alpha_0_49=1000
o,49,1,sddp_ecut_0_49_98_1,5.94245e+08,,rsv_vol_1_50_49_490=0,rsv_vol_6_50_49_490=-12.3816,rsv_vol_21_50_49_490=0,rsv_vol_28_50_49_490=0,rsv_vol_37_50_49_490=1.87958,rsv_vol_63_50_49_490=8418.64,rsv_vol_65_50_49_490=0,rsv_vol_67_50_49_490=14416.9,sddp_alpha_0_48=1000
o,48,1,sddp_ecut_0_48_98_2,6.5112e+08,,rsv_vol_1_50_48_480=0,rsv_vol_6_50_48_480=-26.4146,rsv_vol_21_50_48_480=0,rsv_vol_28_50_48_480=0,rsv_vol_37_50_48_480=2.43005,rsv_vol_63_50_48_480=7621.99,rsv_vol_65_50_48_480=0,rsv_vol_67_50_48_480=13639.3,sddp_alpha_0_47=1000
o,47,1,sddp_ecut_0_47_98_3,6.4186e+08,,rsv_vol_1_50_47_470=0,rsv_vol_6_50_47_470=-95.2668,rsv_vol_21_50_47_470=0,rsv_vol_28_50_47_470=0,rsv_vol_37_50_47_470=1.45394,rsv_vol_63_50_47_470=7678.17,rsv_vol_65_50_47_470=0,rsv_vol_67_50_47_470=9022.1,sddp_alpha_0_46=1000
o,46,1,sddp_ecut_0_46_98_4,6.21959e+08,,rsv_vol_1_50_46_460=0,rsv_vol_6_50_46_460=-123.55,rsv_vol_21_50_46_460=0,rsv_vol_28_50_46_460=0,rsv_vol_37_50_46_460=1.76338,rsv_vol_63_50_46_460=7622.2,rsv_vol_65_50_46_460=0,rsv_vol_67_50_46_460=6941.93,sddp_alpha_0_45=1000
o,45,1,sddp_ecut_0_45_98_5,6.87401e+08,,rsv_vol_1_50_45_450=0,rsv_vol_6_50_45_450=0.839902,rsv_vol_21_50_45_450=0,rsv_vol_28_50_45_450=0,rsv_vol_37_50_45_450=2.51234,rsv_vol_63_50_45_450=7123.3,rsv_vol_65_50_45_450=0,rsv_vol_67_50_45_450=11127.6,sddp_alpha_0_44=1000
o,44,1,sddp_ecut_0_44_98_6,6.90026e+08,,rsv_vol_1_50_44_440=0,rsv_vol_6_50_44_440=1.09349,rsv_vol_21_50_44_440=0,rsv_vol_28_50_44_440=0,rsv_vol_37_50_44_440=2.27898,rsv_vol_63_50_44_440=7545.16,rsv_vol_65_50_44_440=-28.0204,rsv_vol_67_50_44_440=10508.2,sddp_alpha_0_43=1000
o,43,1,sddp_ecut_0_43_98_7,7.71882e+08,,rsv_vol_1_50_43_430=0,rsv_vol_6_50_43_430=1.45338,rsv_vol_21_50_43_430=0,rsv_vol_28_50_43_430=0,rsv_vol_37_50_43_430=2.45561,rsv_vol_63_50_43_430=6525.85,rsv_vol_65_50_43_430=-28.2438,rsv_vol_67_50_43_430=12635.8,sddp_alpha_0_42=1000
o,42,1,sddp_ecut_0_42_98_8,8.26884e+08,,rsv_vol_1_50_42_420=0,rsv_vol_6_50_42_420=2.01369,rsv_vol_21_50_42_420=0,rsv_vol_28_50_42_420=0,rsv_vol_37_50_42_420=3.00551,rsv_vol_63_50_42_420=8883.06,rsv_vol_65_50_42_420=-14.2345,rsv_vol_67_50_42_420=14733.5,sddp_alpha_0_41=1000
o,41,1,sddp_ecut_0_41_98_9,8.32332e+08,,rsv_vol_1_50_41_410=0,rsv_vol_6_50_41_410=1.89132,rsv_vol_21_50_41_410=0,rsv_vol_28_50_41_410=0,rsv_vol_37_50_41_410=2.95122,rsv_vol_63_50_41_410=6677.09,rsv_vol_65_50_41_410=4962.15,rsv_vol_67_50_41_410=11700.4,sddp_alpha_0_40=1000
o,40,1,sddp_ecut_0_40_98_10,8.47719e+08,,rsv_vol_1_50_40_400=0,rsv_vol_6_50_40_400=2.03587,rsv_vol_21_50_40_400=0,rsv_vol_28_50_40_400=0,rsv_vol_37_50_40_400=4.35808,rsv_vol_63_50_40_400=8532.25,rsv_vol_65_50_40_400=4695.37,rsv_vol_67_50_40_400=14517.1,sddp_alpha_0_39=1000
o,39,1,sddp_ecut_0_39_98_11,7.73673e+08,,rsv_vol_1_50_39_390=0,rsv_vol_6_50_39_390=1.80547,rsv_vol_21_50_39_390=0,rsv_vol_28_50_39_390=0,rsv_vol_37_50_39_390=3.81567,rsv_vol_63_50_39_390=8647.2,rsv_vol_65_50_39_390=4663.56,rsv_vol_67_50_39_390=15042.9,sddp_alpha_0_38=1000
o,38,1,sddp_ecut_0_38_98_12,7.79346e+08,,rsv_vol_1_50_38_380=0,rsv_vol_6_50_38_380=-12.7532,rsv_vol_21_50_38_380=0,rsv_vol_28_50_38_380=0,rsv_vol_37_50_38_380=2.83015,rsv_vol_63_50_38_380=9549.15,rsv_vol_65_50_38_380=12661.7,rsv_vol_67_50_38_380=-235.104,sddp_alpha_0_37=1000
o,37,1,sddp_ecut_0_37_98_13,6.45813e+08,,rsv_vol_1_50_37_370=0,rsv_vol_6_50_37_370=-13.6252,rsv_vol_21_50_37_370=0,rsv_vol_28_50_37_370=0,rsv_vol_37_50_37_370=2.23528,rsv_vol_63_50_37_370=9443.88,rsv_vol_65_50_37_370=0,rsv_vol_67_50_37_370=15930,sddp_alpha_0_36=1000
o,36,1,sddp_ecut_0_36_98_14,7.0939e+08,,rsv_vol_1_50_36_360=0,rsv_vol_6_50_36_360=-29.2047,rsv_vol_21_50_36_360=0,rsv_vol_28_50_36_360=0,rsv_vol_37_50_36_360=2.77566,rsv_vol_63_50_36_360=9090.91,rsv_vol_65_50_36_360=0,rsv_vol_67_50_36_360=15229.1,sddp_alpha_0_35=1000
o,35,1,sddp_ecut_0_35_98_15,7.38236e+08,,rsv_vol_1_50_35_350=0,rsv_vol_6_50_35_350=-105.102,rsv_vol_21_50_35_350=0,rsv_vol_28_50_35_350=0,rsv_vol_37_50_35_350=0.693072,rsv_vol_63_50_35_350=8573.34,rsv_vol_65_50_35_350=0,rsv_vol_67_50_35_350=3253.05,sddp_alpha_0_34=1000
o,34,1,sddp_ecut_0_34_98_16,7.15841e+08,,rsv_vol_1_50_34_340=0,rsv_vol_6_50_34_340=-29.8209,rsv_vol_21_50_34_340=0,rsv_vol_28_50_34_340=0,rsv_vol_37_50_34_340=1.1029,rsv_vol_63_50_34_340=9189.82,rsv_vol_65_50_34_340=0,rsv_vol_67_50_34_340=1639.13,sddp_alpha_0_33=1000
o,33,1,sddp_ecut_0_33_98_17,7.85711e+08,,rsv_vol_1_50_33_330=0,rsv_vol_6_50_33_330=1.41522,rsv_vol_21_50_33_330=0,rsv_vol_28_50_33_330=0,rsv_vol_37_50_33_330=2.15555,rsv_vol_63_50_33_330=7432.22,rsv_vol_65_50_33_330=0,rsv_vol_67_50_33_330=7990.96,sddp_alpha_0_32=1000
o,32,1,sddp_ecut_0_32_98_18,7.86227e+08,,rsv_vol_1_50_32_320=0,rsv_vol_6_50_32_320=1.50884,rsv_vol_21_50_32_320=0,rsv_vol_28_50_32_320=0,rsv_vol_37_50_32_320=1.93903,rsv_vol_63_50_32_320=4402.97,rsv_vol_65_50_32_320=0,rsv_vol_67_50_32_320=8573.67,sddp_alpha_0_31=1000
o,31,1,sddp_ecut_0_31_98_19,8.80882e+08,,rsv_vol_1_50_31_310=0,rsv_vol_6_50_31_310=1.86777,rsv_vol_21_50_31_310=0,rsv_vol_28_50_31_310=0,rsv_vol_37_50_31_310=2.48662,rsv_vol_63_50_31_310=1807.29,rsv_vol_65_50_31_310=-15.5341,rsv_vol_67_50_31_310=12724.6,sddp_alpha_0_30=1000
o,30,1,sddp_ecut_0_30_98_20,9.50338e+08,,rsv_vol_1_50_30_300=0,rsv_vol_6_50_30_300=2.42933,rsv_vol_21_50_30_300=0,rsv_vol_28_50_30_300=0,rsv_vol_37_50_30_300=3.57529,rsv_vol_63_50_30_300=8717.49,rsv_vol_65_50_30_300=-31.3159,rsv_vol_67_50_30_300=16476.2,sddp_alpha_0_29=1000
o,29,1,sddp_ecut_0_29_98_21,9.75418e+08,,rsv_vol_1_50_29_290=0,rsv_vol_6_50_29_290=3.07721,rsv_vol_21_50_29_290=0,rsv_vol_28_50_29_290=0,rsv_vol_37_50_29_290=2.22383,rsv_vol_63_50_29_290=8648.77,rsv_vol_65_50_29_290=15585.7,rsv_vol_67_50_29_290=3619.72,sddp_alpha_0_28=1000
o,28,1,sddp_ecut_0_28_98_22,1.03339e+09,,rsv_vol_1_50_28_280=0,rsv_vol_6_50_28_280=3.41761,rsv_vol_21_50_28_280=0,rsv_vol_28_50_28_280=0,rsv_vol_37_50_28_280=6.63199,rsv_vol_63_50_28_280=10199,rsv_vol_65_50_28_280=23688.4,rsv_vol_67_50_28_280=1852.15,sddp_alpha_0_27=1000
o,27,1,sddp_ecut_0_27_98_23,9.23448e+08,,rsv_vol_1_50_27_270=0,rsv_vol_6_50_27_270=-30.9372,rsv_vol_21_50_27_270=0,rsv_vol_28_50_27_270=0,rsv_vol_37_50_27_270=1.23183,rsv_vol_63_50_27_270=9289.17,rsv_vol_65_50_27_270=4392.88,rsv_vol_67_50_27_270=-256.569,sddp_alpha_0_26=1000
o,26,1,sddp_ecut_0_26_98_24,9.38607e+08,,rsv_vol_1_50_26_260=0,rsv_vol_6_50_26_260=-47.1974,rsv_vol_21_50_26_260=0,rsv_vol_28_50_26_260=0,rsv_vol_37_50_26_260=5.18722,rsv_vol_63_50_26_260=10361.7,rsv_vol_65_50_26_260=0,rsv_vol_67_50_26_260=17207.8,sddp_alpha_0_25=1000
o,25,1,sddp_ecut_0_25_98_25,8.2928e+08,,rsv_vol_1_50_25_250=0,rsv_vol_6_50_25_250=-63.968,rsv_vol_21_50_25_250=0,rsv_vol_28_50_25_250=0,rsv_vol_37_50_25_250=4.78176,rsv_vol_63_50_25_250=11019,rsv_vol_65_50_25_250=0,rsv_vol_67_50_25_250=18631.8,sddp_alpha_0_24=1000
o,24,1,sddp_ecut_0_24_98_26,9.00769e+08,,rsv_vol_1_50_24_240=0,rsv_vol_6_50_24_240=-146.75,rsv_vol_21_50_24_240=0,rsv_vol_28_50_24_240=0,rsv_vol_37_50_24_240=3.85428,rsv_vol_63_50_24_240=10337,rsv_vol_65_50_24_240=0,rsv_vol_67_50_24_240=17158.7,sddp_alpha_0_23=1000
o,23,1,sddp_ecut_0_23_98_27,8.7139e+08,,rsv_vol_1_50_23_230=0,rsv_vol_6_50_23_230=-115.323,rsv_vol_21_50_23_230=0,rsv_vol_28_50_23_230=0,rsv_vol_37_50_23_230=1.29822,rsv_vol_63_50_23_230=8882.42,rsv_vol_65_50_23_230=0,rsv_vol_67_50_23_230=6594.82,sddp_alpha_0_22=1000
o,22,1,sddp_ecut_0_22_98_28,2.25306e+08,,rsv_vol_1_50_22_220=0,rsv_vol_6_50_22_220=0.3573,rsv_vol_21_50_22_220=0,rsv_vol_28_50_22_220=0,rsv_vol_37_50_22_220=0.483474,rsv_vol_63_50_22_220=7.80866,rsv_vol_65_50_22_220=-16.6852,rsv_vol_67_50_22_220=2751.78,sddp_alpha_0_21=1000
o,21,1,sddp_ecut_0_21_98_29,1.97243e+08,,rsv_vol_1_50_21_210=0,rsv_vol_6_50_21_210=0.327868,rsv_vol_21_50_21_210=0,rsv_vol_28_50_21_210=0,rsv_vol_37_50_21_210=0.353737,rsv_vol_63_50_21_210=7.20799,rsv_vol_65_50_21_210=-16.6852,rsv_vol_67_50_21_210=1323.9,sddp_alpha_0_20=1000
o,20,1,sddp_ecut_0_20_98_30,2.24944e+08,,rsv_vol_1_50_20_200=0,rsv_vol_6_50_20_200=0.396313,rsv_vol_21_50_20_200=0,rsv_vol_28_50_20_200=0,rsv_vol_37_50_20_200=0.345962,rsv_vol_63_50_20_200=6.00666,rsv_vol_65_50_20_200=-50.0555,rsv_vol_67_50_20_200=1140.36,sddp_alpha_0_19=1000
o,19,1,sddp_ecut_0_19_98_31,1.9615e+08,,rsv_vol_1_50_19_190=0,rsv_vol_6_50_19_190=0.358616,rsv_vol_21_50_19_190=0,rsv_vol_28_50_19_190=0,rsv_vol_37_50_19_190=0.248175,rsv_vol_63_50_19_190=7.20799,rsv_vol_65_50_19_190=-50.0555,rsv_vol_67_50_19_190=392.776,sddp_alpha_0_18=1000
o,18,1,sddp_ecut_0_18_98_32,2.4088e+08,,rsv_vol_1_50_18_180=0,rsv_vol_6_50_18_180=0.402678,rsv_vol_21_50_18_180=0,rsv_vol_28_50_18_180=0,rsv_vol_37_50_18_180=0.414202,rsv_vol_63_50_18_180=7.26547,rsv_vol_65_50_18_180=-50.4547,rsv_vol_67_50_18_180=2041.26,sddp_alpha_0_17=1000
o,17,1,sddp_ecut_0_17_98_33,2.42099e+08,,rsv_vol_1_50_17_170=0,rsv_vol_6_50_17_170=0.412814,rsv_vol_21_50_17_170=0,rsv_vol_28_50_17_170=0,rsv_vol_37_50_17_170=0.503725,rsv_vol_63_50_17_170=7.26547,rsv_vol_65_50_17_170=-33.6364,rsv_vol_67_50_17_170=1572.26,sddp_alpha_0_16=1000
o,16,1,sddp_ecut_0_16_98_34,2.42624e+08,,rsv_vol_1_50_16_160=0,rsv_vol_6_50_16_160=0.418494,rsv_vol_21_50_16_160=0,rsv_vol_28_50_16_160=0,rsv_vol_37_50_16_160=0.488897,rsv_vol_63_50_16_160=6.66001,rsv_vol_65_50_16_160=0,rsv_vol_67_50_16_160=3249.37,sddp_alpha_0_15=1000
o,15,1,sddp_ecut_0_15_98_35,2.12073e+08,,rsv_vol_1_50_15_150=0,rsv_vol_6_50_15_150=0.375323,rsv_vol_21_50_15_150=0,rsv_vol_28_50_15_150=0,rsv_vol_37_50_15_150=0.336979,rsv_vol_63_50_15_150=4.23819,rsv_vol_65_50_15_150=-16.8182,rsv_vol_67_50_15_150=772.609,sddp_alpha_0_14=1000
o,14,1,sddp_ecut_0_14_98_36,2.51893e+08,,rsv_vol_1_50_14_140=0,rsv_vol_6_50_14_140=0.486347,rsv_vol_21_50_14_140=0,rsv_vol_28_50_14_140=0,rsv_vol_37_50_14_140=0.585543,rsv_vol_63_50_14_140=4.88227,rsv_vol_65_50_14_140=-16.9523,rsv_vol_67_50_14_140=5388.82,sddp_alpha_0_13=1000
o,13,1,sddp_ecut_0_13_98_37,2.17886e+08,,rsv_vol_1_50_13_130=0,rsv_vol_6_50_13_130=0.381142,rsv_vol_21_50_13_130=0,rsv_vol_28_50_13_130=0,rsv_vol_37_50_13_130=0.384669,rsv_vol_63_50_13_130=3.05446,rsv_vol_65_50_13_130=-16.9523,rsv_vol_67_50_13_130=1364.34,sddp_alpha_0_12=1000
o,12,1,sddp_ecut_0_12_98_38,2.49692e+08,,rsv_vol_1_50_12_120=0,rsv_vol_6_50_12_120=0.463542,rsv_vol_21_50_12_120=0,rsv_vol_28_50_12_120=0,rsv_vol_37_50_12_120=0.569366,rsv_vol_63_50_12_120=3.66341,rsv_vol_65_50_12_120=-33.9046,rsv_vol_67_50_12_120=4862.43,sddp_alpha_0_11=1000
o,11,1,sddp_ecut_0_11_98_39,2.19629e+08,,rsv_vol_1_50_11_110=0,rsv_vol_6_50_11_110=0.422289,rsv_vol_21_50_11_110=0,rsv_vol_28_50_11_110=0,rsv_vol_37_50_11_110=0.549519,rsv_vol_63_50_11_110=1.22057,rsv_vol_65_50_11_110=0,rsv_vol_67_50_11_110=1867.99,sddp_alpha_0_10=1000
o,10,1,sddp_ecut_0_10_98_40,2.60918e+08,,rsv_vol_1_50_10_100=0,rsv_vol_6_50_10_100=0.460434,rsv_vol_21_50_10_100=0,rsv_vol_28_50_10_100=0,rsv_vol_37_50_10_100=0.520056,rsv_vol_63_50_10_100=1.2303,rsv_vol_65_50_10_100=-34.175,rsv_vol_67_50_10_100=2725.03,sddp_alpha_0_9=1000
o,9,1,sddp_ecut_0_9_98_41,2.6257e+08,,rsv_vol_1_50_9_90=0,rsv_vol_6_50_9_90=0.471838,rsv_vol_21_50_9_90=0,rsv_vol_28_50_9_90=0,rsv_vol_37_50_9_90=0.533764,rsv_vol_63_50_9_90=0,rsv_vol_65_50_9_90=-17.0875,rsv_vol_67_50_9_90=2030.46,sddp_alpha_0_8=1000
o,8,1,sddp_ecut_0_8_98_42,2.63448e+08,,rsv_vol_1_50_8_80=0,rsv_vol_6_50_8_80=0.479546,rsv_vol_21_50_8_80=0,rsv_vol_28_50_8_80=0,rsv_vol_37_50_8_80=0.774691,rsv_vol_63_50_8_80=0.00579216,rsv_vol_65_50_8_80=-17.0875,rsv_vol_67_50_8_80=4295.42,sddp_alpha_0_7=1000
o,7,1,sddp_ecut_0_7_98_43,2.31658e+08,,rsv_vol_1_50_7_70=0,rsv_vol_6_50_7_70=0.434487,rsv_vol_21_50_7_70=0,rsv_vol_28_50_7_70=0,rsv_vol_37_50_7_70=0.680909,rsv_vol_63_50_7_70=0.00517157,rsv_vol_65_50_7_70=-17.0875,rsv_vol_67_50_7_70=3123.81,sddp_alpha_0_6=1000
o,6,1,sddp_ecut_0_6_98_44,2.81814e+08,,rsv_vol_1_50_6_60=0,rsv_vol_6_50_6_60=0.528607,rsv_vol_21_50_6_60=0,rsv_vol_28_50_6_60=0,rsv_vol_37_50_6_60=0.936707,rsv_vol_63_50_6_60=0.00759307,rsv_vol_65_50_6_60=0,rsv_vol_67_50_6_60=5943.57,sddp_alpha_0_5=1000
o,5,1,sddp_ecut_0_5_98_45,2.81885e+08,,rsv_vol_1_50_5_50=0,rsv_vol_6_50_5_50=0.554327,rsv_vol_21_50_5_50=0,rsv_vol_28_50_5_50=0,rsv_vol_37_50_5_50=0.73746,rsv_vol_63_50_5_50=0.00649041,rsv_vol_65_50_5_50=0,rsv_vol_67_50_5_50=4823.92,sddp_alpha_0_4=1000
o,4,1,sddp_ecut_0_4_98_46,2.83267e+08,,rsv_vol_1_50_4_40=0,rsv_vol_6_50_4_40=0.554263,rsv_vol_21_50_4_40=0,rsv_vol_28_50_4_40=0,rsv_vol_37_50_4_40=0.812836,rsv_vol_63_50_4_40=0,rsv_vol_65_50_4_40=0,rsv_vol_67_50_4_40=2573.44,sddp_alpha_0_3=1000
o,3,1,sddp_ecut_0_3_98_47,2.50811e+08,,rsv_vol_1_50_3_30=0,rsv_vol_6_50_3_30=0.545396,rsv_vol_21_50_3_30=0,rsv_vol_28_50_3_30=0,rsv_vol_37_50_3_30=0.744395,rsv_vol_63_50_3_30=0,rsv_vol_65_50_3_30=-34.4475,rsv_vol_67_50_3_30=2830.48,sddp_alpha_0_2=1000
o,2,1,sddp_ecut_0_2_98_48,2.25338e+08,,rsv_vol_1_50_2_20=0,rsv_vol_6_50_2_20=0.707866,rsv_vol_21_50_2_20=0,rsv_vol_28_50_2_20=0,rsv_vol_37_50_2_20=0.488828,rsv_vol_63_50_2_20=0,rsv_vol_65_50_2_20=-69.4444,rsv_vol_67_50_2_20=6213.54,sddp_alpha_0_1=1000
o,1,1,sddp_ecut_0_1_98_49,2.65508e+08,,rsv_vol_1_50_1_10=0,rsv_vol_6_50_1_10=0.843154,rsv_vol_21_50_1_10=0,rsv_vol_28_50_1_10=0,rsv_vol_37_50_1_10=0.507562,rsv_vol_63_50_1_10=0,rsv_vol_65_50_1_10=-17.3611,rsv_vol_67_50_1_10=9920.79,sddp_alpha_0_0=1000
o,50,1,sddp_ecut_0_50_99_0,7.4197e+08,,rsv_vol_1_50_50_500=0,rsv_vol_6_50_50_500=1.94792,rsv_vol_21_50_50_500=0,rsv_vol_28_50_50_500=0,rsv_vol_37_50_50_500=2.90475,rsv_vol_63_50_50_500=9343.02,rsv_vol_65_50_50_500=35009.8,rsv_vol_67_50_50_500=15127.2,sddp_alpha_0_49=1000
o,49,1,sddp_ecut_0_49_99_1,5.94245e+08,,rsv_vol_1_50_49_490=0,rsv_vol_6_50_49_490=-12.3816,rsv_vol_21_50_49_490=0,rsv_vol_28_50_49_490=0,rsv_vol_37_50_49_490=1.87958,rsv_vol_63_50_49_490=8418.64,rsv_vol_65_50_49_490=0,rsv_vol_67_50_49_490=14416.9,sddp_alpha_0_48=1000
o,48,1,sddp_ecut_0_48_99_2,6.5112e+08,,rsv_vol_1_50_48_480=0,rsv_vol_6_50_48_480=-26.4146,rsv_vol_21_50_48_480=0,rsv_vol_28_50_48_480=0,rsv_vol_37_50_48_480=2.43005,rsv_vol_63_50_48_480=7621.99,rsv_vol_65_50_48_480=0,rsv_vol_67_50_48_480=13639.3,sddp_alpha_0_47=1000
o,47,1,sddp_ecut_0_47_99_3,6.4186e+08,,rsv_vol_1_50_47_470=0,rsv_vol_6_50_47_470=-95.2668,rsv_vol_21_50_47_470=0,rsv_vol_28_50_47_470=0,rsv_vol_37_50_47_470=1.45394,rsv_vol_63_50_47_470=7678.17,rsv_vol_65_50_47_470=0,rsv_vol_67_50_47_470=9022.1,sddp_alpha_0_46=1000
o,46,1,sddp_ecut_0_46_99_4,6.21959e+08,,rsv_vol_1_50_46_460=0,rsv_vol_6_50_46_460=-123.55,rsv_vol_21_50_46_460=0,rsv_vol_28_50_46_460=0,rsv_vol_37_50_46_460=1.76338,rsv_vol_63_50_46_460=7622.2,rsv_vol_65_50_46_460=0,rsv_vol_67_50_46_460=6941.93,sddp_alpha_0_45=1000
o,45,1,sddp_ecut_0_45_99_5,6.87401e+08,,rsv_vol_1_50_45_450=0,rsv_vol_6_50_45_450=0.839902,rsv_vol_21_50_45_450=0,rsv_vol_28_50_45_450=0,rsv_vol_37_50_45_450=2.51234,rsv_vol_63_50_45_450=7123.3,rsv_vol_65_50_45_450=0,rsv_vol_67_50_45_450=11127.6,sddp_alpha_0_44=1000
o,44,1,sddp_ecut_0_44_99_6,6.90026e+08,,rsv_vol_1_50_44_440=0,rsv_vol_6_50_44_440=1.09349,rsv_vol_21_50_44_440=0,rsv_vol_28_50_44_440=0,rsv_vol_37_50_44_440=2.27898,rsv_vol_63_50_44_440=7545.16,rsv_vol_65_50_44_440=-28.0204,rsv_vol_67_50_44_440=10508.2,sddp_alpha_0_43=1000
o,43,1,sddp_ecut_0_43_99_7,7.71882e+08,,rsv_vol_1_50_43_430=0,rsv_vol_6_50_43_430=1.45338,rsv_vol_21_50_43_430=0,rsv_vol_28_50_43_430=0,rsv_vol_37_50_43_430=2.45561,rsv_vol_63_50_43_430=6525.85,rsv_vol_65_50_43_430=-28.2438,rsv_vol_67_50_43_430=12635.8,sddp_alpha_0_42=1000
o,42,1,sddp_ecut_0_42_99_8,8.26884e+08,,rsv_vol_1_50_42_420=0,rsv_vol_6_50_42_420=2.01369,rsv_vol_21_50_42_420=0,rsv_vol_28_50_42_420=0,rsv_vol_37_50_42_420=3.00551,rsv_vol_63_50_42_420=8883.06,rsv_vol_65_50_42_420=-14.2345,rsv_vol_67_50_42_420=14733.5,sddp_alpha_0_41=1000
o,41,1,sddp_ecut_0_41_99_9,8.32332e+08,,rsv_vol_1_50_41_410=0,rsv_vol_6_50_41_410=1.89132,rsv_vol_21_50_41_410=0,rsv_vol_28_50_41_410=0,rsv_vol_37_50_41_410=2.95122,rsv_vol_63_50_41_410=6677.09,rsv_vol_65_50_41_410=4962.15,rsv_vol_67_50_41_410=11700.4,sddp_alpha_0_40=1000
o,40,1,sddp_ecut_0_40_99_10,8.47719e+08,,rsv_vol_1_50_40_400=0,rsv_vol_6_50_40_400=2.03587,rsv_vol_21_50_40_400=0,rsv_vol_28_50_40_400=0,rsv_vol_37_50_40_400=4.35808,rsv_vol_63_50_40_400=8532.25,rsv_vol_65_50_40_400=4695.37,rsv_vol_67_50_40_400=14517.1,sddp_alpha_0_39=1000
o,39,1,sddp_ecut_0_39_99_11,7.73673e+08,,rsv_vol_1_50_39_390=0,rsv_vol_6_50_39_390=1.80547,rsv_vol_21_50_39_390=0,rsv_vol_28_50_39_390=0,rsv_vol_37_50_39_390=3.81567,rsv_vol_63_50_39_390=8647.2,rsv_vol_65_50_39_390=4663.56,rsv_vol_67_50_39_390=15042.9,sddp_alpha_0_38=1000
o,38,1,sddp_ecut_0_38_99_12,7.79346e+08,,rsv_vol_1_50_38_380=0,rsv_vol_6_50_38_380=-12.7532,rsv_vol_21_50_38_380=0,rsv_vol_28_50_38_380=0,rsv_vol_37_50_38_380=2.83015,rsv_vol_63_50_38_380=9549.15,rsv_vol_65_50_38_380=12661.7,rsv_vol_67_50_38_380=-235.104,sddp_alpha_0_37=1000
o,37,1,sddp_ecut_0_37_99_13,6.45813e+08,,rsv_vol_1_50_37_370=0,rsv_vol_6_50_37_370=-13.6252,rsv_vol_21_50_37_370=0,rsv_vol_28_50_37_370=0,rsv_vol_37_50_37_370=2.23528,rsv_vol_63_50_37_370=9443.88,rsv_vol_65_50_37_370=0,rsv_vol_67_50_37_370=15930,sddp_alpha_0_36=1000
o,36,1,sddp_ecut_0_36_99_14,7.0939e+08,,rsv_vol_1_50_36_360=0,rsv_vol_6_50_36_360=-29.2047,rsv_vol_21_50_36_360=0,rsv_vol_28_50_36_360=0,rsv_vol_37_50_36_360=2.77566,rsv_vol_63_50_36_360=9090.91,rsv_vol_65_50_36_360=0,rsv_vol_67_50_36_360=15229.1,sddp_alpha_0_35=1000
o,35,1,sddp_ecut_0_35_99_15,7.38236e+08,,rsv_vol_1_50_35_350=0,rsv_vol_6_50_35_350=-105.102,rsv_vol_21_50_35_350=0,rsv_vol_28_50_35_350=0,rsv_vol_37_50_35_350=0.693072,rsv_vol_63_50_35_350=8573.34,rsv_vol_65_50_35_350=0,rsv_vol_67_50_35_350=3253.05,sddp_alpha_0_34=1000
o,34,1,sddp_ecut_0_34_99_16,7.15841e+08,,rsv_vol_1_50_34_340=0,rsv_vol_6_50_34_340=-29.8209,rsv_vol_21_50_34_340=0,rsv_vol_28_50_34_340=0,rsv_vol_37_50_34_340=1.1029,rsv_vol_63_50_34_340=9189.82,rsv_vol_65_50_34_340=0,rsv_vol_67_50_34_340=1639.13,sddp_alpha_0_33=1000
o,33,1,sddp_ecut_0_33_99_17,7.85711e+08,,rsv_vol_1_50_33_330=0,rsv_vol_6_50_33_330=1.41522,rsv_vol_21_50_33_330=0,rsv_vol_28_50_33_330=0,rsv_vol_37_50_33_330=2.15555,rsv_vol_63_50_33_330=7432.22,rsv_vol_65_50_33_330=0,rsv_vol_67_50_33_330=7990.96,sddp_alpha_0_32=1000
o,32,1,sddp_ecut_0_32_99_18,7.86227e+08,,rsv_vol_1_50_32_320=0,rsv_vol_6_50_32_320=1.50884,rsv_vol_21_50_32_320=0,rsv_vol_28_50_32_320=0,rsv_vol_37_50_32_320=1.93903,rsv_vol_63_50_32_320=4402.97,rsv_vol_65_50_32_320=0,rsv_vol_67_50_32_320=8573.67,sddp_alpha_0_31=1000
o,31,1,sddp_ecut_0_31_99_19,8.80882e+08,,rsv_vol_1_50_31_310=0,rsv_vol_6_50_31_310=1.86777,rsv_vol_21_50_31_310=0,rsv_vol_28_50_31_310=0,rsv_vol_37_50_31_310=2.48662,rsv_vol_63_50_31_310=1807.29,rsv_vol_65_50_31_310=-15.5341,rsv_vol_67_50_31_310=12724.6,sddp_alpha_0_30=1000
o,30,1,sddp_ecut_0_30_99_20,9.50338e+08,,rsv_vol_1_50_30_300=0,rsv_vol_6_50_30_300=2.42933,rsv_vol_21_50_30_300=0,rsv_vol_28_50_30_300=0,rsv_vol_37_50_30_300=3.57529,rsv_vol_63_50_30_300=8717.49,rsv_vol_65_50_30_300=-31.3159,rsv_vol_67_50_30_300=16476.2,sddp_alpha_0_29=1000
o,29,1,sddp_ecut_0_29_99_21,9.75418e+08,,rsv_vol_1_50_29_290=0,rsv_vol_6_50_29_290=3.07721,rsv_vol_21_50_29_290=0,rsv_vol_28_50_29_290=0,rsv_vol_37_50_29_290=2.22383,rsv_vol_63_50_29_290=8648.77,rsv_vol_65_50_29_290=15585.7,rsv_vol_67_50_29_290=3619.72,sddp_alpha_0_28=1000
o,28,1,sddp_ecut_0_28_99_22,1.03339e+09,,rsv_vol_1_50_28_280=0,rsv_vol_6_50_28_280=3.41761,rsv_vol_21_50_28_280=0,rsv_vol_28_50_28_280=0,rsv_vol_37_50_28_280=6.63199,rsv_vol_63_50_28_280=10199,rsv_vol_65_50_28_280=23688.4,rsv_vol_67_50_28_280=1852.15,sddp_alpha_0_27=1000
o,27,1,sddp_ecut_0_27_99_23,9.23448e+08,,rsv_vol_1_50_27_270=0,rsv_vol_6_50_27_270=-30.9372,rsv_vol_21_50_27_270=0,rsv_vol_28_50_27_270=0,rsv_vol_37_50_27_270=1.23183,rsv_vol_63_50_27_270=9289.17,rsv_vol_65_50_27_270=4392.88,rsv_vol_67_50_27_270=-256.569,sddp_alpha_0_26=1000
o,26,1,sddp_ecut_0_26_99_24,9.38607e+08,,rsv_vol_1_50_26_260=0,rsv_vol_6_50_26_260=-47.1974,rsv_vol_21_50_26_260=0,rsv_vol_28_50_26_260=0,rsv_vol_37_50_26_260=5.18722,rsv_vol_63_50_26_260=10361.7,rsv_vol_65_50_26_260=0,rsv_vol_67_50_26_260=17207.8,sddp_alpha_0_25=1000
o,25,1,sddp_ecut_0_25_99_25,8.2928e+08,,rsv_vol_1_50_25_250=0,rsv_vol_6_50_25_250=-63.968,rsv_vol_21_50_25_250=0,rsv_vol_28_50_25_250=0,rsv_vol_37_50_25_250=4.78176,rsv_vol_63_50_25_250=11019,rsv_vol_65_50_25_250=0,rsv_vol_67_50_25_250=18631.8,sddp_alpha_0_24=1000
o,24,1,sddp_ecut_0_24_99_26,9.00769e+08,,rsv_vol_1_50_24_240=0,rsv_vol_6_50_24_240=-146.75,rsv_vol_21_50_24_240=0,rsv_vol_28_50_24_240=0,rsv_vol_37_50_24_240=3.85428,rsv_vol_63_50_24_240=10337,rsv_vol_65_50_24_240=0,rsv_vol_67_50_24_240=17158.7,sddp_alpha_0_23=1000
o,23,1,sddp_ecut_0_23_99_27,8.7139e+08,,rsv_vol_1_50_23_230=0,rsv_vol_6_50_23_230=-115.323,rsv_vol_21_50_23_230=0,rsv_vol_28_50_23_230=0,rsv_vol_37_50_23_230=1.29822,rsv_vol_63_50_23_230=8882.42,rsv_vol_65_50_23_230=0,rsv_vol_67_50_23_230=6594.82,sddp_alpha_0_22=1000
o,22,1,sddp_ecut_0_22_99_28,2.25306e+08,,rsv_vol_1_50_22_220=0,rsv_vol_6_50_22_220=0.3573,rsv_vol_21_50_22_220=0,rsv_vol_28_50_22_220=0,rsv_vol_37_50_22_220=0.483474,rsv_vol_63_50_22_220=7.80866,rsv_vol_65_50_22_220=-16.6852,rsv_vol_67_50_22_220=2751.78,sddp_alpha_0_21=1000
o,21,1,sddp_ecut_0_21_99_29,1.97243e+08,,rsv_vol_1_50_21_210=0,rsv_vol_6_50_21_210=0.327868,rsv_vol_21_50_21_210=0,rsv_vol_28_50_21_210=0,rsv_vol_37_50_21_210=0.353737,rsv_vol_63_50_21_210=7.20799,rsv_vol_65_50_21_210=-16.6852,rsv_vol_67_50_21_210=1323.9,sddp_alpha_0_20=1000
o,20,1,sddp_ecut_0_20_99_30,2.24944e+08,,rsv_vol_1_50_20_200=0,rsv_vol_6_50_20_200=0.396313,rsv_vol_21_50_20_200=0,rsv_vol_28_50_20_200=0,rsv_vol_37_50_20_200=0.345962,rsv_vol_63_50_20_200=6.00666,rsv_vol_65_50_20_200=-50.0555,rsv_vol_67_50_20_200=1140.36,sddp_alpha_0_19=1000
o,19,1,sddp_ecut_0_19_99_31,1.9615e+08,,rsv_vol_1_50_19_190=0,rsv_vol_6_50_19_190=0.358616,rsv_vol_21_50_19_190=0,rsv_vol_28_50_19_190=0,rsv_vol_37_50_19_190=0.248175,rsv_vol_63_50_19_190=7.20799,rsv_vol_65_50_19_190=-50.0555,rsv_vol_67_50_19_190=392.776,sddp_alpha_0_18=1000
o,18,1,sddp_ecut_0_18_99_32,2.4088e+08,,rsv_vol_1_50_18_180=0,rsv_vol_6_50_18_180=0.402678,rsv_vol_21_50_18_180=0,rsv_vol_28_50_18_180=0,rsv_vol_37_50_18_180=0.414202,rsv_vol_63_50_18_180=7.26547,rsv_vol_65_50_18_180=-50.4547,rsv_vol_67_50_18_180=2041.26,sddp_alpha_0_17=1000
o,17,1,sddp_ecut_0_17_99_33,2.42099e+08,,rsv_vol_1_50_17_170=0,rsv_vol_6_50_17_170=0.412814,rsv_vol_21_50_17_170=0,rsv_vol_28_50_17_170=0,rsv_vol_37_50_17_170=0.503725,rsv_vol_63_50_17_170=7.26547,rsv_vol_65_50_17_170=-33.6364,rsv_vol_67_50_17_170=1572.26,sddp_alpha_0_16=1000
o,16,1,sddp_ecut_0_16_99_34,2.42624e+08,,rsv_vol_1_50_16_160=0,rsv_vol_6_50_16_160=0.418494,rsv_vol_21_50_16_160=0,rsv_vol_28_50_16_160=0,rsv_vol_37_50_16_160=0.488897,rsv_vol_63_50_16_160=6.66001,rsv_vol_65_50_16_160=0,rsv_vol_67_50_16_160=3249.37,sddp_alpha_0_15=1000
o,15,1,sddp_ecut_0_15_99_35,2.12073e+08,,rsv_vol_1_50_15_150=0,rsv_vol_6_50_15_150=0.375323,rsv_vol_21_50_15_150=0,rsv_vol_28_50_15_150=0,rsv_vol_37_50_15_150=0.336979,rsv_vol_63_50_15_150=4.23819,rsv_vol_65_50_15_150=-16.8182,rsv_vol_67_50_15_150=772.609,sddp_alpha_0_14=1000
o,14,1,sddp_ecut_0_14_99_36,2.51893e+08,,rsv_vol_1_50_14_140=0,rsv_vol_6_50_14_140=0.486347,rsv_vol_21_50_14_140=0,rsv_vol_28_50_14_140=0,rsv_vol_37_50_14_140=0.585543,rsv_vol_63_50_14_140=4.88227,rsv_vol_65_50_14_140=-16.9523,rsv_vol_67_50_14_140=5388.82,sddp_alpha_0_13=1000
o,13,1,sddp_ecut_0_13_99_37,2.17886e+08,,rsv_vol_1_50_13_130=0,rsv_vol_6_50_13_130=0.381142,rsv_vol_21_50_13_130=0,rsv_vol_28_50_13_130=0,rsv_vol_37_50_13_130=0.384669,rsv_vol_63_50_13_130=3.05443,rsv_vol_65_50_13_130=-16.9523,rsv_vol_67_50_13_130=1364.34,sddp_alpha_0_12=1000
o,12,1,sddp_ecut_0_12_99_38,2.49692e+08,,rsv_vol_1_50_12_120=0,rsv_vol_6_50_12_120=0.463542,rsv_vol_21_50_12_120=0,rsv_vol_28_50_12_120=0,rsv_vol_37_50_12_120=0.569366,rsv_vol_63_50_12_120=3.66341,rsv_vol_65_50_12_120=-33.9046,rsv_vol_67_50_12_120=4862.43,sddp_alpha_0_11=1000
o,11,1,sddp_ecut_0_11_99_39,2.19629e+08,,rsv_vol_1_50_11_110=0,rsv_vol_6_50_11_110=0.422289,rsv_vol_21_50_11_110=0,rsv_vol_28_50_11_110=0,rsv_vol_37_50_11_110=0.549519,rsv_vol_63_50_11_110=1.22057,rsv_vol_65_50_11_110=0,rsv_vol_67_50_11_110=1867.99,sddp_alpha_0_10=1000
o,10,1,sddp_ecut_0_10_99_40,2.60918e+08,,rsv_vol_1_50_10_100=0,rsv_vol_6_50_10_100=0.460434,rsv_vol_21_50_10_100=0,rsv_vol_28_50_10_100=0,rsv_vol_37_50_10_100=0.520056,rsv_vol_63_50_10_100=1.2303,rsv_vol_65_50_10_100=-34.175,rsv_vol_67_50_10_100=2725.03,sddp_alpha_0_9=1000
o,9,1,sddp_ecut_0_9_99_41,2.6257e+08,,rsv_vol_1_50_9_90=0,rsv_vol_6_50_9_90=0.471838,rsv_vol_21_50_9_90=0,rsv_vol_28_50_9_90=0,rsv_vol_37_50_9_90=0.533764,rsv_vol_63_50_9_90=0,rsv_vol_65_50_9_90=-17.0875,rsv_vol_67_50_9_90=2030.46,sddp_alpha_0_8=1000
o,8,1,sddp_ecut_0_8_99_42,2.63448e+08,,rsv_vol_1_50_8_80=0,rsv_vol_6_50_8_80=0.479546,rsv_vol_21_50_8_80=0,rsv_vol_28_50_8_80=0,rsv_vol_37_50_8_80=0.774691,rsv_vol_63_50_8_80=0.00579216,rsv_vol_65_50_8_80=-17.0875,rsv_vol_67_50_8_80=4295.42,sddp_alpha_0_7=1000
o,7,1,sddp_ecut_0_7_99_43,2.31658e+08,,rsv_vol_1_50_7_70=0,rsv_vol_6_50_7_70=0.434487,rsv_vol_21_50_7_70=0,rsv_vol_28_50_7_70=0,rsv_vol_37_50_7_70=0.680909,rsv_vol_63_50_7_70=0.00517157,rsv_vol_65_50_7_70=-17.0875,rsv_vol_67_50_7_70=3123.81,sddp_alpha_0_6=1000
o,6,1,sddp_ecut_0_6_99_44,2.81814e+08,,rsv_vol_1_50_6_60=0,rsv_vol_6_50_6_60=0.528607,rsv_vol_21_50_6_60=0,rsv_vol_28_50_6_60=0,rsv_vol_37_50_6_60=0.936707,rsv_vol_63_50_6_60=0.00758742,rsv_vol_65_50_6_60=0,rsv_vol_67_50_6_60=5943.57,sddp_alpha_0_5=1000
o,5,1,sddp_ecut_0_5_99_45,2.81885e+08,,rsv_vol_1_50_5_50=0,rsv_vol_6_50_5_50=0.554327,rsv_vol_21_50_5_50=0,rsv_vol_28_50_5_50=0,rsv_vol_37_50_5_50=0.73746,rsv_vol_63_50_5_50=0.00649041,rsv_vol_65_50_5_50=0,rsv_vol_67_50_5_50=4823.92,sddp_alpha_0_4=1000
o,4,1,sddp_ecut_0_4_99_46,2.83267e+08,,rsv_vol_1_50_4_40=0,rsv_vol_6_50_4_40=0.554263,rsv_vol_21_50_4_40=0,rsv_vol_28_50_4_40=0,rsv_vol_37_50_4_40=0.812836,rsv_vol_63_50_4_40=0,rsv_vol_65_50_4_40=0,rsv_vol_67_50_4_40=2573.44,sddp_alpha_0_3=1000
o,3,1,sddp_ecut_0_3_99_47,2.50811e+08,,rsv_vol_1_50_3_30=0,rsv_vol_6_50_3_30=0.545396,rsv_vol_21_50_3_30=0,rsv_vol_28_50_3_30=0,rsv_vol_37_50_3_30=0.744395,rsv_vol_63_50_3_30=0,rsv_vol_65_50_3_30=-34.4475,rsv_vol_67_50_3_30=2830.48,sddp_alpha_0_2=1000
o,2,1,sddp_ecut_0_2_99_48,2.25338e+08,,rsv_vol_1_50_2_20=0,rsv_vol_6_50_2_20=0.707866,rsv_vol_21_50_2_20=0,rsv_vol_28_50_2_20=0,rsv_vol_37_50_2_20=0.488828,rsv_vol_63_50_2_20=0,rsv_vol_65_50_2_20=-69.4444,rsv_vol_67_50_2_20=6213.54,sddp_alpha_0_1=1000
o,1,1,sddp_ecut_0_1_99_49,2.65508e+08,,rsv_vol_1_50_1_10=0,rsv_vol_6_50_1_10=0.843154,rsv_vol_21_50_1_10=0,rsv_vol_28_50_1_10=0,rsv_vol_37_50_1_10=0.507562,rsv_vol_63_50_1_10=0,rsv_vol_65_50_1_10=-17.3611,rsv_vol_67_50_1_10=9920.79,sddp_alpha_0_0=1000
o,50,1,sddp_ecut_0_50_100_0,7.4197e+08,,rsv_vol_1_50_50_500=0,rsv_vol_6_50_50_500=1.94792,rsv_vol_21_50_50_500=0,rsv_vol_28_50_50_500=0,rsv_vol_37_50_50_500=2.90475,rsv_vol_63_50_50_500=9343.02,rsv_vol_65_50_50_500=35009.8,rsv_vol_67_50_50_500=15127.2,sddp_alpha_0_49=1000
o,49,1,sddp_ecut_0_49_100_1,5.94245e+08,,rsv_vol_1_50_49_490=0,rsv_vol_6_50_49_490=-12.3816,rsv_vol_21_50_49_490=0,rsv_vol_28_50_49_490=0,rsv_vol_37_50_49_490=1.87958,rsv_vol_63_50_49_490=8418.64,rsv_vol_65_50_49_490=0,rsv_vol_67_50_49_490=14416.9,sddp_alpha_0_48=1000
o,48,1,sddp_ecut_0_48_100_2,6.5112e+08,,rsv_vol_1_50_48_480=0,rsv_vol_6_50_48_480=-26.4146,rsv_vol_21_50_48_480=0,rsv_vol_28_50_48_480=0,rsv_vol_37_50_48_480=2.43005,rsv_vol_63_50_48_480=7621.99,rsv_vol_65_50_48_480=0,rsv_vol_67_50_48_480=13639.3,sddp_alpha_0_47=1000
o,47,1,sddp_ecut_0_47_100_3,6.4186e+08,,rsv_vol_1_50_47_470=0,rsv_vol_6_50_47_470=-95.2668,rsv_vol_21_50_47_470=0,rsv_vol_28_50_47_470=0,rsv_vol_37_50_47_470=1.45394,rsv_vol_63_50_47_470=7678.17,rsv_vol_65_50_47_470=0,rsv_vol_67_50_47_470=9022.1,sddp_alpha_0_46=1000
o,46,1,sddp_ecut_0_46_100_4,6.21959e+08,,rsv_vol_1_50_46_460=0,rsv_vol_6_50_46_460=-123.55,rsv_vol_21_50_46_460=0,rsv_vol_28_50_46_460=0,rsv_vol_37_50_46_460=1.76338,rsv_vol_63_50_46_460=7622.2,rsv_vol_65_50_46_460=0,rsv_vol_67_50_46_460=6941.93,sddp_alpha_0_45=1000
o,45,1,sddp_ecut_0_45_100_5,6.87401e+08,,rsv_vol_1_50_45_450=0,rsv_vol_6_50_45_450=0.839902,rsv_vol_21_50_45_450=0,rsv_vol_28_50_45_450=0,rsv_vol_37_50_45_450=2.51234,rsv_vol_63_50_45_450=7123.3,rsv_vol_65_50_45_450=0,rsv_vol_67_50_45_450=11127.6,sddp_alpha_0_44=1000
o,44,1,sddp_ecut_0_44_100_6,6.90026e+08,,rsv_vol_1_50_44_440=0,rsv_vol_6_50_44_440=1.09349,rsv_vol_21_50_44_440=0,rsv_vol_28_50_44_440=0,rsv_vol_37_50_44_440=2.27898,rsv_vol_63_50_44_440=7545.16,rsv_vol_65_50_44_440=-28.0204,rsv_vol_67_50_44_440=10508.2,sddp_alpha_0_43=1000
o,43,1,sddp_ecut_0_43_100_7,7.71882e+08,,rsv_vol_1_50_43_430=0,rsv_vol_6_50_43_430=1.45338,rsv_vol_21_50_43_430=0,rsv_vol_28_50_43_430=0,rsv_vol_37_50_43_430=2.45561,rsv_vol_63_50_43_430=6525.85,rsv_vol_65_50_43_430=-28.2438,rsv_vol_67_50_43_430=12635.8,sddp_alpha_0_42=1000
o,42,1,sddp_ecut_0_42_100_8,8.26884e+08,,rsv_vol_1_50_42_420=0,rsv_vol_6_50_42_420=2.01369,rsv_vol_21_50_42_420=0,rsv_vol_28_50_42_420=0,rsv_vol_37_50_42_420=3.00551,rsv_vol_63_50_42_420=8883.06,rsv_vol_65_50_42_420=-14.2345,rsv_vol_67_50_42_420=14733.5,sddp_alpha_0_41=1000
o,41,1,sddp_ecut_0_41_100_9,8.32332e+08,,rsv_vol_1_50_41_410=0,rsv_vol_6_50_41_410=1.89132,rsv_vol_21_50_41_410=0,rsv_vol_28_50_41_410=0,rsv_vol_37_50_41_410=2.95122,rsv_vol_63_50_41_410=6677.09,rsv_vol_65_50_41_410=4962.15,rsv_vol_67_50_41_410=11700.4,sddp_alpha_0_40=1000
o,40,1,sddp_ecut_0_40_100_10,8.47719e+08,,rsv_vol_1_50_40_400=0,rsv_vol_6_50_40_400=2.03587,rsv_vol_21_50_40_400=0,rsv_vol_28_50_40_400=0,rsv_vol_37_50_40_400=4.35808,rsv_vol_63_50_40_400=8532.25,rsv_vol_65_50_40_400=4695.37,rsv_vol_67_50_40_400=14517.1,sddp_alpha_0_39=1000
o,39,1,sddp_ecut_0_39_100_11,7.73673e+08,,rsv_vol_1_50_39_390=0,rsv_vol_6_50_39_390=1.80547,rsv_vol_21_50_39_390=0,rsv_vol_28_50_39_390=0,rsv_vol_37_50_39_390=3.81567,rsv_vol_63_50_39_390=8647.2,rsv_vol_65_50_39_390=4663.56,rsv_vol_67_50_39_390=15042.9,sddp_alpha_0_38=1000
o,38,1,sddp_ecut_0_38_100_12,7.79346e+08,,rsv_vol_1_50_38_380=0,rsv_vol_6_50_38_380=-12.7532,rsv_vol_21_50_38_380=0,rsv_vol_28_50_38_380=0,rsv_vol_37_50_38_380=2.83015,rsv_vol_63_50_38_380=9549.15,rsv_vol_65_50_38_380=12661.7,rsv_vol_67_50_38_380=-235.104,sddp_alpha_0_37=1000
o,37,1,sddp_ecut_0_37_100_13,6.45813e+08,,rsv_vol_1_50_37_370=0,rsv_vol_6_50_37_370=-13.6252,rsv_vol_21_50_37_370=0,rsv_vol_28_50_37_370=0,rsv_vol_37_50_37_370=2.23528,rsv_vol_63_50_37_370=9443.88,rsv_vol_65_50_37_370=0,rsv_vol_67_50_37_370=15930,sddp_alpha_0_36=1000
o,36,1,sddp_ecut_0_36_100_14,7.0939e+08,,rsv_vol_1_50_36_360=0,rsv_vol_6_50_36_360=-29.2047,rsv_vol_21_50_36_360=0,rsv_vol_28_50_36_360=0,rsv_vol_37_50_36_360=2.77566,rsv_vol_63_50_36_360=9090.91,rsv_vol_65_50_36_360=0,rsv_vol_67_50_36_360=15229.1,sddp_alpha_0_35=1000
o,35,1,sddp_ecut_0_35_100_15,7.38236e+08,,rsv_vol_1_50_35_350=0,rsv_vol_6_50_35_350=-105.102,rsv_vol_21_50_35_350=0,rsv_vol_28_50_35_350=0,rsv_vol_37_50_35_350=0.693072,rsv_vol_63_50_35_350=8573.34,rsv_vol_65_50_35_350=0,rsv_vol_67_50_35_350=3253.05,sddp_alpha_0_34=1000
o,34,1,sddp_ecut_0_34_100_16,7.15841e+08,,rsv_vol_1_50_34_340=0,rsv_vol_6_50_34_340=-29.8209,rsv_vol_21_50_34_340=0,rsv_vol_28_50_34_340=0,rsv_vol_37_50_34_340=1.1029,rsv_vol_63_50_34_340=9189.82,rsv_vol_65_50_34_340=0,rsv_vol_67_50_34_340=1639.13,sddp_alpha_0_33=1000
o,33,1,sddp_ecut_0_33_100_17,7.85711e+08,,rsv_vol_1_50_33_330=0,rsv_vol_6_50_33_330=1.41522,rsv_vol_21_50_33_330=0,rsv_vol_28_50_33_330=0,rsv_vol_37_50_33_330=2.15555,rsv_vol_63_50_33_330=7432.22,rsv_vol_65_50_33_330=0,rsv_vol_67_50_33_330=7990.96,sddp_alpha_0_32=1000
o,32,1,sddp_ecut_0_32_100_18,7.86227e+08,,rsv_vol_1_50_32_320=0,rsv_vol_6_50_32_320=1.50884,rsv_vol_21_50_32_320=0,rsv_vol_28_50_32_320=0,rsv_vol_37_50_32_320=1.93903,rsv_vol_63_50_32_320=4402.97,rsv_vol_65_50_32_320=0,rsv_vol_67_50_32_320=8573.67,sddp_alpha_0_31=1000
o,31,1,sddp_ecut_0_31_100_19,8.80882e+08,,rsv_vol_1_50_31_310=0,rsv_vol_6_50_31_310=1.86777,rsv_vol_21_50_31_310=0,rsv_vol_28_50_31_310=0,rsv_vol_37_50_31_310=2.48662,rsv_vol_63_50_31_310=1807.29,rsv_vol_65_50_31_310=-15.5341,rsv_vol_67_50_31_310=12724.6,sddp_alpha_0_30=1000
o,30,1,sddp_ecut_0_30_100_20,9.50338e+08,,rsv_vol_1_50_30_300=0,rsv_vol_6_50_30_300=2.42933,rsv_vol_21_50_30_300=0,rsv_vol_28_50_30_300=0,rsv_vol_37_50_30_300=3.57529,rsv_vol_63_50_30_300=8717.49,rsv_vol_65_50_30_300=-31.3159,rsv_vol_67_50_30_300=16476.2,sddp_alpha_0_29=1000
o,29,1,sddp_ecut_0_29_100_21,9.75418e+08,,rsv_vol_1_50_29_290=0,rsv_vol_6_50_29_290=3.07721,rsv_vol_21_50_29_290=0,rsv_vol_28_50_29_290=0,rsv_vol_37_50_29_290=2.22383,rsv_vol_63_50_29_290=8648.77,rsv_vol_65_50_29_290=15585.7,rsv_vol_67_50_29_290=3619.72,sddp_alpha_0_28=1000
o,28,1,sddp_ecut_0_28_100_22,1.03339e+09,,rsv_vol_1_50_28_280=0,rsv_vol_6_50_28_280=3.41761,rsv_vol_21_50_28_280=0,rsv_vol_28_50_28_280=0,rsv_vol_37_50_28_280=6.63199,rsv_vol_63_50_28_280=10199,rsv_vol_65_50_28_280=23688.4,rsv_vol_67_50_28_280=1852.15,sddp_alpha_0_27=1000
o,27,1,sddp_ecut_0_27_100_23,9.23448e+08,,rsv_vol_1_50_27_270=0,rsv_vol_6_50_27_270=-30.9372,rsv_vol_21_50_27_270=0,rsv_vol_28_50_27_270=0,rsv_vol_37_50_27_270=1.23183,rsv_vol_63_50_27_270=9289.17,rsv_vol_65_50_27_270=4392.88,rsv_vol_67_50_27_270=-256.569,sddp_alpha_0_26=1000
o,26,1,sddp_ecut_0_26_100_24,9.38607e+08,,rsv_vol_1_50_26_260=0,rsv_vol_6_50_26_260=-47.1974,rsv_vol_21_50_26_260=0,rsv_vol_28_50_26_260=0,rsv_vol_37_50_26_260=5.18722,rsv_vol_63_50_26_260=10361.7,rsv_vol_65_50_26_260=0,rsv_vol_67_50_26_260=17207.8,sddp_alpha_0_25=1000
o,25,1,sddp_ecut_0_25_100_25,8.2928e+08,,rsv_vol_1_50_25_250=0,rsv_vol_6_50_25_250=-63.968,rsv_vol_21_50_25_250=0,rsv_vol_28_50_25_250=0,rsv_vol_37_50_25_250=4.78176,rsv_vol_63_50_25_250=11019,rsv_vol_65_50_25_250=0,rsv_vol_67_50_25_250=18631.8,sddp_alpha_0_24=1000
o,24,1,sddp_ecut_0_24_100_26,9.00769e+08,,rsv_vol_1_50_24_240=0,rsv_vol_6_50_24_240=-146.75,rsv_vol_21_50_24_240=0,rsv_vol_28_50_24_240=0,rsv_vol_37_50_24_240=3.85428,rsv_vol_63_50_24_240=10337,rsv_vol_65_50_24_240=0,rsv_vol_67_50_24_240=17158.7,sddp_alpha_0_23=1000
o,23,1,sddp_ecut_0_23_100_27,8.7139e+08,,rsv_vol_1_50_23_230=0,rsv_vol_6_50_23_230=-115.323,rsv_vol_21_50_23_230=0,rsv_vol_28_50_23_230=0,rsv_vol_37_50_23_230=1.29822,rsv_vol_63_50_23_230=8882.42,rsv_vol_65_50_23_230=0,rsv_vol_67_50_23_230=6594.82,sddp_alpha_0_22=1000
o,22,1,sddp_ecut_0_22_100_28,2.25306e+08,,rsv_vol_1_50_22_220=0,rsv_vol_6_50_22_220=0.3573,rsv_vol_21_50_22_220=0,rsv_vol_28_50_22_220=0,rsv_vol_37_50_22_220=0.483474,rsv_vol_63_50_22_220=7.80866,rsv_vol_65_50_22_220=-16.6852,rsv_vol_67_50_22_220=2751.78,sddp_alpha_0_21=1000
o,21,1,sddp_ecut_0_21_100_29,1.97243e+08,,rsv_vol_1_50_21_210=0,rsv_vol_6_50_21_210=0.327868,rsv_vol_21_50_21_210=0,rsv_vol_28_50_21_210=0,rsv_vol_37_50_21_210=0.353737,rsv_vol_63_50_21_210=7.20799,rsv_vol_65_50_21_210=-16.6852,rsv_vol_67_50_21_210=1323.9,sddp_alpha_0_20=1000
o,20,1,sddp_ecut_0_20_100_30,2.24944e+08,,rsv_vol_1_50_20_200=0,rsv_vol_6_50_20_200=0.396313,rsv_vol_21_50_20_200=0,rsv_vol_28_50_20_200=0,rsv_vol_37_50_20_200=0.345962,rsv_vol_63_50_20_200=6.00666,rsv_vol_65_50_20_200=-50.0555,rsv_vol_67_50_20_200=1140.36,sddp_alpha_0_19=1000
o,19,1,sddp_ecut_0_19_100_31,1.9615e+08,,rsv_vol_1_50_19_190=0,rsv_vol_6_50_19_190=0.358616,rsv_vol_21_50_19_190=0,rsv_vol_28_50_19_190=0,rsv_vol_37_50_19_190=0.248175,rsv_vol_63_50_19_190=7.20799,rsv_vol_65_50_19_190=-50.0555,rsv_vol_67_50_19_190=392.776,sddp_alpha_0_18=1000
o,18,1,sddp_ecut_0_18_100_32,2.4088e+08,,rsv_vol_1_50_18_180=0,rsv_vol_6_50_18_180=0.402678,rsv_vol_21_50_18_180=0,rsv_vol_28_50_18_180=0,rsv_vol_37_50_18_180=0.414202,rsv_vol_63_50_18_180=7.26547,rsv_vol_65_50_18_180=-50.4547,rsv_vol_67_50_18_180=2041.26,sddp_alpha_0_17=1000
o,17,1,sddp_ecut_0_17_100_33,2.42099e+08,,rsv_vol_1_50_17_170=0,rsv_vol_6_50_17_170=0.412814,rsv_vol_21_50_17_170=0,rsv_vol_28_50_17_170=0,rsv_vol_37_50_17_170=0.503725,rsv_vol_63_50_17_170=7.26547,rsv_vol_65_50_17_170=-33.6364,rsv_vol_67_50_17_170=1572.26,sddp_alpha_0_16=1000
o,16,1,sddp_ecut_0_16_100_34,2.42624e+08,,rsv_vol_1_50_16_160=0,rsv_vol_6_50_16_160=0.418494,rsv_vol_21_50_16_160=0,rsv_vol_28_50_16_160=0,rsv_vol_37_50_16_160=0.488897,rsv_vol_63_50_16_160=6.66001,rsv_vol_65_50_16_160=0,rsv_vol_67_50_16_160=3249.37,sddp_alpha_0_15=1000
o,15,1,sddp_ecut_0_15_100_35,2.12073e+08,,rsv_vol_1_50_15_150=0,rsv_vol_6_50_15_150=0.375323,rsv_vol_21_50_15_150=0,rsv_vol_28_50_15_150=0,rsv_vol_37_50_15_150=0.336979,rsv_vol_63_50_15_150=4.23819,rsv_vol_65_50_15_150=-16.8182,rsv_vol_67_50_15_150=772.609,sddp_alpha_0_14=1000
o,14,1,sddp_ecut_0_14_100_36,2.51893e+08,,rsv_vol_1_50_14_140=0,rsv_vol_6_50_14_140=0.486347,rsv_vol_21_50_14_140=0,rsv_vol_28_50_14_140=0,rsv_vol_37_50_14_140=0.585543,rsv_vol_63_50_14_140=4.88227,rsv_vol_65_50_14_140=-16.9523,rsv_vol_67_50_14_140=5388.82,sddp_alpha_0_13=1000
o,13,1,sddp_ecut_0_13_100_37,2.17886e+08,,rsv_vol_1_50_13_130=0,rsv_vol_6_50_13_130=0.381142,rsv_vol_21_50_13_130=0,rsv_vol_28_50_13_130=0,rsv_vol_37_50_13_130=0.384669,rsv_vol_63_50_13_130=3.05443,rsv_vol_65_50_13_130=-16.9523,rsv_vol_67_50_13_130=1364.34,sddp_alpha_0_12=1000
o,12,1,sddp_ecut_0_12_100_38,2.49692e+08,,rsv_vol_1_50_12_120=0,rsv_vol_6_50_12_120=0.463542,rsv_vol_21_50_12_120=0,rsv_vol_28_50_12_120=0,rsv_vol_37_50_12_120=0.569366,rsv_vol_63_50_12_120=3.66341,rsv_vol_65_50_12_120=-33.9046,rsv_vol_67_50_12_120=4862.43,sddp_alpha_0_11=1000
o,11,1,sddp_ecut_0_11_100_39,2.19629e+08,,rsv_vol_1_50_11_110=0,rsv_vol_6_50_11_110=0.422289,rsv_vol_21_50_11_110=0,rsv_vol_28_50_11_110=0,rsv_vol_37_50_11_110=0.549519,rsv_vol_63_50_11_110=1.22057,rsv_vol_65_50_11_110=0,rsv_vol_67_50_11_110=1867.99,sddp_alpha_0_10=1000
o,10,1,sddp_ecut_0_10_100_40,2.60918e+08,,rsv_vol_1_50_10_100=0,rsv_vol_6_50_10_100=0.460434,rsv_vol_21_50_10_100=0,rsv_vol_28_50_10_100=0,rsv_vol_37_50_10_100=0.520056,rsv_vol_63_50_10_100=1.2303,rsv_vol_65_50_10_100=-34.175,rsv_vol_67_50_10_100=2725.03,sddp_alpha_0_9=1000
o,9,1,sddp_ecut_0_9_100_41,2.6257e+08,,rsv_vol_1_50_9_90=0,rsv_vol_6_50_9_90=0.471838,rsv_vol_21_50_9_90=0,rsv_vol_28_50_9_90=0,rsv_vol_37_50_9_90=0.533764,rsv_vol_63_50_9_90=0,rsv_vol_65_50_9_90=-17.0875,rsv_vol_67_50_9_90=2030.46,sddp_alpha_0_8=1000
o,8,1,sddp_ecut_0_8_100_42,2.63448e+08,,rsv_vol_1_50_8_80=0,rsv_vol_6_50_8_80=0.479546,rsv_vol_21_50_8_80=0,rsv_vol_28_50_8_80=0,rsv_vol_37_50_8_80=0.774691,rsv_vol_63_50_8_80=0.00579216,rsv_vol_65_50_8_80=-17.0875,rsv_vol_67_50_8_80=4295.42,sddp_alpha_0_7=1000
o,7,1,sddp_ecut_0_7_100_43,2.31658e+08,,rsv_vol_1_50_7_70=0,rsv_vol_6_50_7_70=0.434487,rsv_vol_21_50_7_70=0,rsv_vol_28_50_7_70=0,rsv_vol_37_50_7_70=0.680909,rsv_vol_63_50_7_70=0.00517157,rsv_vol_65_50_7_70=-17.0875,rsv_vol_67_50_7_70=3123.81,sddp_alpha_0_6=1000
o,6,1,sddp_ecut_0_6_100_44,2.81814e+08,,rsv_vol_1_50_6_60=0,rsv_vol_6_50_6_60=0.528607,rsv_vol_21_50_6_60=0,rsv_vol_28_50_6_60=0,rsv_vol_37_50_6_60=0.936707,rsv_vol_63_50_6_60=0.00757844,rsv_vol_65_50_6_60=0,rsv_vol_67_50_6_60=5943.57,sddp_alpha_0_5=1000
o,5,1,sddp_ecut_0_5_100_45,2.81885e+08,,rsv_vol_1_50_5_50=0,rsv_vol_6_50_5_50=0.554327,rsv_vol_21_50_5_50=0,rsv_vol_28_50_5_50=0,rsv_vol_37_50_5_50=0.73746,rsv_vol_63_50_5_50=0.00649041,rsv_vol_65_50_5_50=0,rsv_vol_67_50_5_50=4823.92,sddp_alpha_0_4=1000
o,4,1,sddp_ecut_0_4_100_46,2.83267e+08,,rsv_vol_1_50_4_40=0,rsv_vol_6_50_4_40=0.554263,rsv_vol_21_50_4_40=0,rsv_vol_28_50_4_40=0,rsv_vol_37_50_4_40=0.812836,rsv_vol_63_50_4_40=0,rsv_vol_65_50_4_40=0,rsv_vol_67_50_4_40=2573.44,sddp_alpha_0_3=1000
o,3,1,sddp_ecut_0_3_100_47,2.50811e+08,,rsv_vol_1_50_3_30=0,rsv_vol_6_50_3_30=0.545396,rsv_vol_21_50_3_30=0,rsv_vol_28_50_3_30=0,rsv_vol_37_50_3_30=0.744395,rsv_vol_63_50_3_30=0,rsv_vol_65_50_3_30=-34.4475,rsv_vol_67_50_3_30=2830.48,sddp_alpha_0_2=1000
o,2,1,sddp_ecut_0_2_100_48,2.25338e+08,,rsv_vol_1_50_2_20=0,rsv_vol_6_50_2_20=0.707866,rsv_vol_21_50_2_20=0,rsv_vol_28_50_2_20=0,rsv_vol_37_50_2_20=0.488828,rsv_vol_63_50_2_20=0,rsv_vol_65_50_2_20=-69.4444,rsv_vol_67_50_2_20=6213.54,sddp_alpha_0_1=1000
o,1,1,sddp_ecut_0_1_100_49,2.65508e+08,,rsv_vol_1_50_1_10=0,rsv_vol_6_50_1_10=0.843154,rsv_vol_21_50_1_10=0,rsv_vol_28_50_1_10=0,rsv_vol_37_50_1_10=0.507562,rsv_vol_63_50_1_10=0,rsv_vol_65_50_1_10=-17.3611,rsv_vol_67_50_1_10=9920.79,sddp_alpha_0_0=1000
o,50,1,sddp_ecut_0_50_101_0,7.4197e+08,,rsv_vol_1_50_50_500=0,rsv_vol_6_50_50_500=1.94792,rsv_vol_21_50_50_500=0,rsv_vol_28_50_50_500=0,rsv_vol_37_50_50_500=2.90475,rsv_vol_63_50_50_500=9343.02,rsv_vol_65_50_50_500=35009.8,rsv_vol_67_50_50_500=15127.2,sddp_alpha_0_49=1000
o,49,1,sddp_ecut_0_49_101_1,5.94245e+08,,rsv_vol_1_50_49_490=0,rsv_vol_6_50_49_490=-12.3816,rsv_vol_21_50_49_490=0,rsv_vol_28_50_49_490=0,rsv_vol_37_50_49_490=1.87958,rsv_vol_63_50_49_490=8418.64,rsv_vol_65_50_49_490=0,rsv_vol_67_50_49_490=14416.9,sddp_alpha_0_48=1000
o,48,1,sddp_ecut_0_48_101_2,6.5112e+08,,rsv_vol_1_50_48_480=0,rsv_vol_6_50_48_480=-26.4146,rsv_vol_21_50_48_480=0,rsv_vol_28_50_48_480=0,rsv_vol_37_50_48_480=2.43005,rsv_vol_63_50_48_480=7621.99,rsv_vol_65_50_48_480=0,rsv_vol_67_50_48_480=13639.3,sddp_alpha_0_47=1000
o,47,1,sddp_ecut_0_47_101_3,6.4186e+08,,rsv_vol_1_50_47_470=0,rsv_vol_6_50_47_470=-95.2668,rsv_vol_21_50_47_470=0,rsv_vol_28_50_47_470=0,rsv_vol_37_50_47_470=1.45394,rsv_vol_63_50_47_470=7678.17,rsv_vol_65_50_47_470=0,rsv_vol_67_50_47_470=9022.1,sddp_alpha_0_46=1000
o,46,1,sddp_ecut_0_46_101_4,6.21959e+08,,rsv_vol_1_50_46_460=0,rsv_vol_6_50_46_460=-123.55,rsv_vol_21_50_46_460=0,rsv_vol_28_50_46_460=0,rsv_vol_37_50_46_460=1.76338,rsv_vol_63_50_46_460=7622.2,rsv_vol_65_50_46_460=0,rsv_vol_67_50_46_460=6941.93,sddp_alpha_0_45=1000
o,45,1,sddp_ecut_0_45_101_5,6.87401e+08,,rsv_vol_1_50_45_450=0,rsv_vol_6_50_45_450=0.839902,rsv_vol_21_50_45_450=0,rsv_vol_28_50_45_450=0,rsv_vol_37_50_45_450=2.51234,rsv_vol_63_50_45_450=7123.3,rsv_vol_65_50_45_450=0,rsv_vol_67_50_45_450=11127.6,sddp_alpha_0_44=1000
o,44,1,sddp_ecut_0_44_101_6,6.90026e+08,,rsv_vol_1_50_44_440=0,rsv_vol_6_50_44_440=1.09349,rsv_vol_21_50_44_440=0,rsv_vol_28_50_44_440=0,rsv_vol_37_50_44_440=2.27898,rsv_vol_63_50_44_440=7545.16,rsv_vol_65_50_44_440=-28.0204,rsv_vol_67_50_44_440=10508.2,sddp_alpha_0_43=1000
o,43,1,sddp_ecut_0_43_101_7,7.71882e+08,,rsv_vol_1_50_43_430=0,rsv_vol_6_50_43_430=1.45338,rsv_vol_21_50_43_430=0,rsv_vol_28_50_43_430=0,rsv_vol_37_50_43_430=2.45561,rsv_vol_63_50_43_430=6525.85,rsv_vol_65_50_43_430=-28.2438,rsv_vol_67_50_43_430=12635.8,sddp_alpha_0_42=1000
o,42,1,sddp_ecut_0_42_101_8,8.26884e+08,,rsv_vol_1_50_42_420=0,rsv_vol_6_50_42_420=2.01369,rsv_vol_21_50_42_420=0,rsv_vol_28_50_42_420=0,rsv_vol_37_50_42_420=3.00551,rsv_vol_63_50_42_420=8883.06,rsv_vol_65_50_42_420=-14.2345,rsv_vol_67_50_42_420=14733.5,sddp_alpha_0_41=1000
o,41,1,sddp_ecut_0_41_101_9,8.32332e+08,,rsv_vol_1_50_41_410=0,rsv_vol_6_50_41_410=1.89132,rsv_vol_21_50_41_410=0,rsv_vol_28_50_41_410=0,rsv_vol_37_50_41_410=2.95122,rsv_vol_63_50_41_410=6677.09,rsv_vol_65_50_41_410=4962.15,rsv_vol_67_50_41_410=11700.4,sddp_alpha_0_40=1000
o,40,1,sddp_ecut_0_40_101_10,8.47719e+08,,rsv_vol_1_50_40_400=0,rsv_vol_6_50_40_400=2.03587,rsv_vol_21_50_40_400=0,rsv_vol_28_50_40_400=0,rsv_vol_37_50_40_400=4.35808,rsv_vol_63_50_40_400=8532.25,rsv_vol_65_50_40_400=4695.37,rsv_vol_67_50_40_400=14517.1,sddp_alpha_0_39=1000
o,39,1,sddp_ecut_0_39_101_11,7.73673e+08,,rsv_vol_1_50_39_390=0,rsv_vol_6_50_39_390=1.80547,rsv_vol_21_50_39_390=0,rsv_vol_28_50_39_390=0,rsv_vol_37_50_39_390=3.81567,rsv_vol_63_50_39_390=8647.2,rsv_vol_65_50_39_390=4663.56,rsv_vol_67_50_39_390=15042.9,sddp_alpha_0_38=1000
o,38,1,sddp_ecut_0_38_101_12,7.79346e+08,,rsv_vol_1_50_38_380=0,rsv_vol_6_50_38_380=-12.7532,rsv_vol_21_50_38_380=0,rsv_vol_28_50_38_380=0,rsv_vol_37_50_38_380=2.83015,rsv_vol_63_50_38_380=9549.15,rsv_vol_65_50_38_380=12661.7,rsv_vol_67_50_38_380=-235.104,sddp_alpha_0_37=1000
o,37,1,sddp_ecut_0_37_101_13,6.45813e+08,,rsv_vol_1_50_37_370=0,rsv_vol_6_50_37_370=-13.6252,rsv_vol_21_50_37_370=0,rsv_vol_28_50_37_370=0,rsv_vol_37_50_37_370=2.23528,rsv_vol_63_50_37_370=9443.88,rsv_vol_65_50_37_370=0,rsv_vol_67_50_37_370=15930,sddp_alpha_0_36=1000
o,36,1,sddp_ecut_0_36_101_14,7.0939e+08,,rsv_vol_1_50_36_360=0,rsv_vol_6_50_36_360=-29.2047,rsv_vol_21_50_36_360=0,rsv_vol_28_50_36_360=0,rsv_vol_37_50_36_360=2.77566,rsv_vol_63_50_36_360=9090.91,rsv_vol_65_50_36_360=0,rsv_vol_67_50_36_360=15229.1,sddp_alpha_0_35=1000
o,35,1,sddp_ecut_0_35_101_15,7.38236e+08,,rsv_vol_1_50_35_350=0,rsv_vol_6_50_35_350=-105.102,rsv_vol_21_50_35_350=0,rsv_vol_28_50_35_350=0,rsv_vol_37_50_35_350=0.693072,rsv_vol_63_50_35_350=8573.34,rsv_vol_65_50_35_350=0,rsv_vol_67_50_35_350=3253.05,sddp_alpha_0_34=1000
o,34,1,sddp_ecut_0_34_101_16,7.15841e+08,,rsv_vol_1_50_34_340=0,rsv_vol_6_50_34_340=-29.8209,rsv_vol_21_50_34_340=0,rsv_vol_28_50_34_340=0,rsv_vol_37_50_34_340=1.1029,rsv_vol_63_50_34_340=9189.82,rsv_vol_65_50_34_340=0,rsv_vol_67_50_34_340=1639.13,sddp_alpha_0_33=1000
o,33,1,sddp_ecut_0_33_101_17,7.85711e+08,,rsv_vol_1_50_33_330=0,rsv_vol_6_50_33_330=1.41522,rsv_vol_21_50_33_330=0,rsv_vol_28_50_33_330=0,rsv_vol_37_50_33_330=2.15555,rsv_vol_63_50_33_330=7432.22,rsv_vol_65_50_33_330=0,rsv_vol_67_50_33_330=7990.96,sddp_alpha_0_32=1000
o,32,1,sddp_ecut_0_32_101_18,7.86227e+08,,rsv_vol_1_50_32_320=0,rsv_vol_6_50_32_320=1.50884,rsv_vol_21_50_32_320=0,rsv_vol_28_50_32_320=0,rsv_vol_37_50_32_320=1.93903,rsv_vol_63_50_32_320=4402.97,rsv_vol_65_50_32_320=0,rsv_vol_67_50_32_320=8573.67,sddp_alpha_0_31=1000
o,31,1,sddp_ecut_0_31_101_19,8.80882e+08,,rsv_vol_1_50_31_310=0,rsv_vol_6_50_31_310=1.86777,rsv_vol_21_50_31_310=0,rsv_vol_28_50_31_310=0,rsv_vol_37_50_31_310=2.48662,rsv_vol_63_50_31_310=1807.29,rsv_vol_65_50_31_310=-15.5341,rsv_vol_67_50_31_310=12724.6,sddp_alpha_0_30=1000
o,30,1,sddp_ecut_0_30_101_20,9.50338e+08,,rsv_vol_1_50_30_300=0,rsv_vol_6_50_30_300=2.42933,rsv_vol_21_50_30_300=0,rsv_vol_28_50_30_300=0,rsv_vol_37_50_30_300=3.57529,rsv_vol_63_50_30_300=8717.49,rsv_vol_65_50_30_300=-31.3159,rsv_vol_67_50_30_300=16476.2,sddp_alpha_0_29=1000
o,29,1,sddp_ecut_0_29_101_21,9.75418e+08,,rsv_vol_1_50_29_290=0,rsv_vol_6_50_29_290=3.07721,rsv_vol_21_50_29_290=0,rsv_vol_28_50_29_290=0,rsv_vol_37_50_29_290=2.22383,rsv_vol_63_50_29_290=8648.77,rsv_vol_65_50_29_290=15585.7,rsv_vol_67_50_29_290=3619.72,sddp_alpha_0_28=1000
o,28,1,sddp_ecut_0_28_101_22,1.03339e+09,,rsv_vol_1_50_28_280=0,rsv_vol_6_50_28_280=3.41761,rsv_vol_21_50_28_280=0,rsv_vol_28_50_28_280=0,rsv_vol_37_50_28_280=6.63199,rsv_vol_63_50_28_280=10199,rsv_vol_65_50_28_280=23688.4,rsv_vol_67_50_28_280=1852.15,sddp_alpha_0_27=1000
o,27,1,sddp_ecut_0_27_101_23,9.23448e+08,,rsv_vol_1_50_27_270=0,rsv_vol_6_50_27_270=-30.9372,rsv_vol_21_50_27_270=0,rsv_vol_28_50_27_270=0,rsv_vol_37_50_27_270=1.23183,rsv_vol_63_50_27_270=9289.17,rsv_vol_65_50_27_270=4392.88,rsv_vol_67_50_27_270=-256.569,sddp_alpha_0_26=1000
o,26,1,sddp_ecut_0_26_101_24,9.38607e+08,,rsv_vol_1_50_26_260=0,rsv_vol_6_50_26_260=-47.1974,rsv_vol_21_50_26_260=0,rsv_vol_28_50_26_260=0,rsv_vol_37_50_26_260=5.18722,rsv_vol_63_50_26_260=10361.7,rsv_vol_65_50_26_260=0,rsv_vol_67_50_26_260=17207.8,sddp_alpha_0_25=1000
o,25,1,sddp_ecut_0_25_101_25,8.2928e+08,,rsv_vol_1_50_25_250=0,rsv_vol_6_50_25_250=-63.968,rsv_vol_21_50_25_250=0,rsv_vol_28_50_25_250=0,rsv_vol_37_50_25_250=4.78176,rsv_vol_63_50_25_250=11019,rsv_vol_65_50_25_250=0,rsv_vol_67_50_25_250=18631.8,sddp_alpha_0_24=1000
o,24,1,sddp_ecut_0_24_101_26,9.00769e+08,,rsv_vol_1_50_24_240=0,rsv_vol_6_50_24_240=-146.75,rsv_vol_21_50_24_240=0,rsv_vol_28_50_24_240=0,rsv_vol_37_50_24_240=3.85428,rsv_vol_63_50_24_240=10337,rsv_vol_65_50_24_240=0,rsv_vol_67_50_24_240=17158.7,sddp_alpha_0_23=1000
o,23,1,sddp_ecut_0_23_101_27,8.7139e+08,,rsv_vol_1_50_23_230=0,rsv_vol_6_50_23_230=-115.323,rsv_vol_21_50_23_230=0,rsv_vol_28_50_23_230=0,rsv_vol_37_50_23_230=1.29822,rsv_vol_63_50_23_230=8882.42,rsv_vol_65_50_23_230=0,rsv_vol_67_50_23_230=6594.82,sddp_alpha_0_22=1000
o,22,1,sddp_ecut_0_22_101_28,2.25306e+08,,rsv_vol_1_50_22_220=0,rsv_vol_6_50_22_220=0.3573,rsv_vol_21_50_22_220=0,rsv_vol_28_50_22_220=0,rsv_vol_37_50_22_220=0.483474,rsv_vol_63_50_22_220=7.80866,rsv_vol_65_50_22_220=-16.6852,rsv_vol_67_50_22_220=2751.78,sddp_alpha_0_21=1000
o,21,1,sddp_ecut_0_21_101_29,1.97243e+08,,rsv_vol_1_50_21_210=0,rsv_vol_6_50_21_210=0.327868,rsv_vol_21_50_21_210=0,rsv_vol_28_50_21_210=0,rsv_vol_37_50_21_210=0.353737,rsv_vol_63_50_21_210=7.20799,rsv_vol_65_50_21_210=-16.6852,rsv_vol_67_50_21_210=1323.9,sddp_alpha_0_20=1000
o,20,1,sddp_ecut_0_20_101_30,2.24944e+08,,rsv_vol_1_50_20_200=0,rsv_vol_6_50_20_200=0.396313,rsv_vol_21_50_20_200=0,rsv_vol_28_50_20_200=0,rsv_vol_37_50_20_200=0.345962,rsv_vol_63_50_20_200=6.00666,rsv_vol_65_50_20_200=-50.0555,rsv_vol_67_50_20_200=1140.36,sddp_alpha_0_19=1000
o,19,1,sddp_ecut_0_19_101_31,1.9615e+08,,rsv_vol_1_50_19_190=0,rsv_vol_6_50_19_190=0.358616,rsv_vol_21_50_19_190=0,rsv_vol_28_50_19_190=0,rsv_vol_37_50_19_190=0.248175,rsv_vol_63_50_19_190=7.20799,rsv_vol_65_50_19_190=-50.0555,rsv_vol_67_50_19_190=392.776,sddp_alpha_0_18=1000
o,18,1,sddp_ecut_0_18_101_32,2.4088e+08,,rsv_vol_1_50_18_180=0,rsv_vol_6_50_18_180=0.402678,rsv_vol_21_50_18_180=0,rsv_vol_28_50_18_180=0,rsv_vol_37_50_18_180=0.414202,rsv_vol_63_50_18_180=7.26547,rsv_vol_65_50_18_180=-50.4547,rsv_vol_67_50_18_180=2041.26,sddp_alpha_0_17=1000
o,17,1,sddp_ecut_0_17_101_33,2.42099e+08,,rsv_vol_1_50_17_170=0,rsv_vol_6_50_17_170=0.412814,rsv_vol_21_50_17_170=0,rsv_vol_28_50_17_170=0,rsv_vol_37_50_17_170=0.503725,rsv_vol_63_50_17_170=7.26547,rsv_vol_65_50_17_170=-33.6364,rsv_vol_67_50_17_170=1572.26,sddp_alpha_0_16=1000
o,16,1,sddp_ecut_0_16_101_34,2.42624e+08,,rsv_vol_1_50_16_160=0,rsv_vol_6_50_16_160=0.418494,rsv_vol_21_50_16_160=0,rsv_vol_28_50_16_160=0,rsv_vol_37_50_16_160=0.488897,rsv_vol_63_50_16_160=6.66001,rsv_vol_65_50_16_160=0,rsv_vol_67_50_16_160=3249.37,sddp_alpha_0_15=1000
o,15,1,sddp_ecut_0_15_101_35,2.12073e+08,,rsv_vol_1_50_15_150=0,rsv_vol_6_50_15_150=0.375323,rsv_vol_21_50_15_150=0,rsv_vol_28_50_15_150=0,rsv_vol_37_50_15_150=0.336979,rsv_vol_63_50_15_150=4.23819,rsv_vol_65_50_15_150=-16.8182,rsv_vol_67_50_15_150=772.609,sddp_alpha_0_14=1000
o,14,1,sddp_ecut_0_14_101_36,2.51893e+08,,rsv_vol_1_50_14_140=0,rsv_vol_6_50_14_140=0.486347,rsv_vol_21_50_14_140=0,rsv_vol_28_50_14_140=0,rsv_vol_37_50_14_140=0.585543,rsv_vol_63_50_14_140=4.88227,rsv_vol_65_50_14_140=-16.9523,rsv_vol_67_50_14_140=5388.82,sddp_alpha_0_13=1000
o,13,1,sddp_ecut_0_13_101_37,2.17886e+08,,rsv_vol_1_50_13_130=0,rsv_vol_6_50_13_130=0.381142,rsv_vol_21_50_13_130=0,rsv_vol_28_50_13_130=0,rsv_vol_37_50_13_130=0.384669,rsv_vol_63_50_13_130=3.05443,rsv_vol_65_50_13_130=-16.9523,rsv_vol_67_50_13_130=1364.34,sddp_alpha_0_12=1000
o,12,1,sddp_ecut_0_12_101_38,2.49692e+08,,rsv_vol_1_50_12_120=0,rsv_vol_6_50_12_120=0.463542,rsv_vol_21_50_12_120=0,rsv_vol_28_50_12_120=0,rsv_vol_37_50_12_120=0.569366,rsv_vol_63_50_12_120=3.66341,rsv_vol_65_50_12_120=-33.9046,rsv_vol_67_50_12_120=4862.43,sddp_alpha_0_11=1000
o,11,1,sddp_ecut_0_11_101_39,2.19629e+08,,rsv_vol_1_50_11_110=0,rsv_vol_6_50_11_110=0.422289,rsv_vol_21_50_11_110=0,rsv_vol_28_50_11_110=0,rsv_vol_37_50_11_110=0.549519,rsv_vol_63_50_11_110=1.22057,rsv_vol_65_50_11_110=0,rsv_vol_67_50_11_110=1867.99,sddp_alpha_0_10=1000
o,10,1,sddp_ecut_0_10_101_40,2.60918e+08,,rsv_vol_1_50_10_100=0,rsv_vol_6_50_10_100=0.460434,rsv_vol_21_50_10_100=0,rsv_vol_28_50_10_100=0,rsv_vol_37_50_10_100=0.520056,rsv_vol_63_50_10_100=1.2303,rsv_vol_65_50_10_100=-34.175,rsv_vol_67_50_10_100=2725.03,sddp_alpha_0_9=1000
o,9,1,sddp_ecut_0_9_101_41,2.6257e+08,,rsv_vol_1_50_9_90=0,rsv_vol_6_50_9_90=0.471838,rsv_vol_21_50_9_90=0,rsv_vol_28_50_9_90=0,rsv_vol_37_50_9_90=0.533764,rsv_vol_63_50_9_90=0,rsv_vol_65_50_9_90=-17.0875,rsv_vol_67_50_9_90=2030.46,sddp_alpha_0_8=1000
o,8,1,sddp_ecut_0_8_101_42,2.63448e+08,,rsv_vol_1_50_8_80=0,rsv_vol_6_50_8_80=0.479546,rsv_vol_21_50_8_80=0,rsv_vol_28_50_8_80=0,rsv_vol_37_50_8_80=0.774691,rsv_vol_63_50_8_80=0.00579216,rsv_vol_65_50_8_80=-17.0875,rsv_vol_67_50_8_80=4295.42,sddp_alpha_0_7=1000
o,7,1,sddp_ecut_0_7_101_43,2.31658e+08,,rsv_vol_1_50_7_70=0,rsv_vol_6_50_7_70=0.434487,rsv_vol_21_50_7_70=0,rsv_vol_28_50_7_70=0,rsv_vol_37_50_7_70=0.680909,rsv_vol_63_50_7_70=0.00517157,rsv_vol_65_50_7_70=-17.0875,rsv_vol_67_50_7_70=3123.81,sddp_alpha_0_6=1000
o,6,1,sddp_ecut_0_6_101_44,2.81814e+08,,rsv_vol_1_50_6_60=0,rsv_vol_6_50_6_60=0.528607,rsv_vol_21_50_6_60=0,rsv_vol_28_50_6_60=0,rsv_vol_37_50_6_60=0.936707,rsv_vol_63_50_6_60=0.00757714,rsv_vol_65_50_6_60=0,rsv_vol_67_50_6_60=5943.57,sddp_alpha_0_5=1000
o,5,1,sddp_ecut_0_5_101_45,2.81885e+08,,rsv_vol_1_50_5_50=0,rsv_vol_6_50_5_50=0.554327,rsv_vol_21_50_5_50=0,rsv_vol_28_50_5_50=0,rsv_vol_37_50_5_50=0.73746,rsv_vol_63_50_5_50=0.00649041,rsv_vol_65_50_5_50=0,rsv_vol_67_50_5_50=4823.92,sddp_alpha_0_4=1000
o,4,1,sddp_ecut_0_4_101_46,2.83267e+08,,rsv_vol_1_50_4_40=0,rsv_vol_6_50_4_40=0.554263,rsv_vol_21_50_4_40=0,rsv_vol_28_50_4_40=0,rsv_vol_37_50_4_40=0.812836,rsv_vol_63_50_4_40=0,rsv_vol_65_50_4_40=0,rsv_vol_67_50_4_40=2573.44,sddp_alpha_0_3=1000
o,3,1,sddp_ecut_0_3_101_47,2.50811e+08,,rsv_vol_1_50_3_30=0,rsv_vol_6_50_3_30=0.545396,rsv_vol_21_50_3_30=0,rsv_vol_28_50_3_30=0,rsv_vol_37_50_3_30=0.744395,rsv_vol_63_50_3_30=0,rsv_vol_65_50_3_30=-34.4475,rsv_vol_67_50_3_30=2830.48,sddp_alpha_0_2=1000
o,2,1,sddp_ecut_0_2_101_48,2.25338e+08,,rsv_vol_1_50_2_20=0,rsv_vol_6_50_2_20=0.707866,rsv_vol_21_50_2_20=0,rsv_vol_28_50_2_20=0,rsv_vol_37_50_2_20=0.488828,rsv_vol_63_50_2_20=0,rsv_vol_65_50_2_20=-69.4444,rsv_vol_67_50_2_20=6213.54,sddp_alpha_0_1=1000
o,1,1,sddp_ecut_0_1_101_49,2.65508e+08,,rsv_vol_1_50_1_10=0,rsv_vol_6_50_1_10=0.843154,rsv_vol_21_50_1_10=0,rsv_vol_28_50_1_10=0,rsv_vol_37_50_1_10=0.507562,rsv_vol_63_50_1_10=0,rsv_vol_65_50_1_10=-17.3611,rsv_vol_67_50_1_10=9920.79,sddp_alpha_0_0=1000
o,50,1,sddp_ecut_0_50_102_0,7.4197e+08,,rsv_vol_1_50_50_500=0,rsv_vol_6_50_50_500=1.94792,rsv_vol_21_50_50_500=0,rsv_vol_28_50_50_500=0,rsv_vol_37_50_50_500=2.90475,rsv_vol_63_50_50_500=9343.02,rsv_vol_65_50_50_500=35009.8,rsv_vol_67_50_50_500=15127.2,sddp_alpha_0_49=1000
o,49,1,sddp_ecut_0_49_102_1,5.94245e+08,,rsv_vol_1_50_49_490=0,rsv_vol_6_50_49_490=-12.3816,rsv_vol_21_50_49_490=0,rsv_vol_28_50_49_490=0,rsv_vol_37_50_49_490=1.87958,rsv_vol_63_50_49_490=8418.64,rsv_vol_65_50_49_490=0,rsv_vol_67_50_49_490=14416.9,sddp_alpha_0_48=1000
o,48,1,sddp_ecut_0_48_102_2,6.5112e+08,,rsv_vol_1_50_48_480=0,rsv_vol_6_50_48_480=-26.4146,rsv_vol_21_50_48_480=0,rsv_vol_28_50_48_480=0,rsv_vol_37_50_48_480=2.43005,rsv_vol_63_50_48_480=7621.99,rsv_vol_65_50_48_480=0,rsv_vol_67_50_48_480=13639.3,sddp_alpha_0_47=1000
o,47,1,sddp_ecut_0_47_102_3,6.4186e+08,,rsv_vol_1_50_47_470=0,rsv_vol_6_50_47_470=-95.2668,rsv_vol_21_50_47_470=0,rsv_vol_28_50_47_470=0,rsv_vol_37_50_47_470=1.45394,rsv_vol_63_50_47_470=7678.17,rsv_vol_65_50_47_470=0,rsv_vol_67_50_47_470=9022.1,sddp_alpha_0_46=1000
o,46,1,sddp_ecut_0_46_102_4,6.21959e+08,,rsv_vol_1_50_46_460=0,rsv_vol_6_50_46_460=-123.55,rsv_vol_21_50_46_460=0,rsv_vol_28_50_46_460=0,rsv_vol_37_50_46_460=1.76338,rsv_vol_63_50_46_460=7622.2,rsv_vol_65_50_46_460=0,rsv_vol_67_50_46_460=6941.93,sddp_alpha_0_45=1000
o,45,1,sddp_ecut_0_45_102_5,6.87401e+08,,rsv_vol_1_50_45_450=0,rsv_vol_6_50_45_450=0.839902,rsv_vol_21_50_45_450=0,rsv_vol_28_50_45_450=0,rsv_vol_37_50_45_450=2.51234,rsv_vol_63_50_45_450=7123.3,rsv_vol_65_50_45_450=0,rsv_vol_67_50_45_450=11127.6,sddp_alpha_0_44=1000
o,44,1,sddp_ecut_0_44_102_6,6.90026e+08,,rsv_vol_1_50_44_440=0,rsv_vol_6_50_44_440=1.09349,rsv_vol_21_50_44_440=0,rsv_vol_28_50_44_440=0,rsv_vol_37_50_44_440=2.27898,rsv_vol_63_50_44_440=7545.16,rsv_vol_65_50_44_440=-28.0204,rsv_vol_67_50_44_440=10508.2,sddp_alpha_0_43=1000
o,43,1,sddp_ecut_0_43_102_7,7.71882e+08,,rsv_vol_1_50_43_430=0,rsv_vol_6_50_43_430=1.45338,rsv_vol_21_50_43_430=0,rsv_vol_28_50_43_430=0,rsv_vol_37_50_43_430=2.45561,rsv_vol_63_50_43_430=6525.85,rsv_vol_65_50_43_430=-28.2438,rsv_vol_67_50_43_430=12635.8,sddp_alpha_0_42=1000
o,42,1,sddp_ecut_0_42_102_8,8.26884e+08,,rsv_vol_1_50_42_420=0,rsv_vol_6_50_42_420=2.01369,rsv_vol_21_50_42_420=0,rsv_vol_28_50_42_420=0,rsv_vol_37_50_42_420=3.00551,rsv_vol_63_50_42_420=8883.06,rsv_vol_65_50_42_420=-14.2345,rsv_vol_67_50_42_420=14733.5,sddp_alpha_0_41=1000
o,41,1,sddp_ecut_0_41_102_9,8.32332e+08,,rsv_vol_1_50_41_410=0,rsv_vol_6_50_41_410=1.89132,rsv_vol_21_50_41_410=0,rsv_vol_28_50_41_410=0,rsv_vol_37_50_41_410=2.95122,rsv_vol_63_50_41_410=6677.09,rsv_vol_65_50_41_410=4962.15,rsv_vol_67_50_41_410=11700.4,sddp_alpha_0_40=1000
o,40,1,sddp_ecut_0_40_102_10,8.47719e+08,,rsv_vol_1_50_40_400=0,rsv_vol_6_50_40_400=2.03587,rsv_vol_21_50_40_400=0,rsv_vol_28_50_40_400=0,rsv_vol_37_50_40_400=4.35808,rsv_vol_63_50_40_400=8532.25,rsv_vol_65_50_40_400=4695.37,rsv_vol_67_50_40_400=14517.1,sddp_alpha_0_39=1000
o,39,1,sddp_ecut_0_39_102_11,7.73673e+08,,rsv_vol_1_50_39_390=0,rsv_vol_6_50_39_390=1.80547,rsv_vol_21_50_39_390=0,rsv_vol_28_50_39_390=0,rsv_vol_37_50_39_390=3.81567,rsv_vol_63_50_39_390=8647.2,rsv_vol_65_50_39_390=4663.56,rsv_vol_67_50_39_390=15042.9,sddp_alpha_0_38=1000
o,38,1,sddp_ecut_0_38_102_12,7.79346e+08,,rsv_vol_1_50_38_380=0,rsv_vol_6_50_38_380=-12.7532,rsv_vol_21_50_38_380=0,rsv_vol_28_50_38_380=0,rsv_vol_37_50_38_380=2.83015,rsv_vol_63_50_38_380=9549.15,rsv_vol_65_50_38_380=12661.7,rsv_vol_67_50_38_380=-235.104,sddp_alpha_0_37=1000
o,37,1,sddp_ecut_0_37_102_13,6.45813e+08,,rsv_vol_1_50_37_370=0,rsv_vol_6_50_37_370=-13.6252,rsv_vol_21_50_37_370=0,rsv_vol_28_50_37_370=0,rsv_vol_37_50_37_370=2.23528,rsv_vol_63_50_37_370=9443.88,rsv_vol_65_50_37_370=0,rsv_vol_67_50_37_370=15930,sddp_alpha_0_36=1000
o,36,1,sddp_ecut_0_36_102_14,7.0939e+08,,rsv_vol_1_50_36_360=0,rsv_vol_6_50_36_360=-29.2047,rsv_vol_21_50_36_360=0,rsv_vol_28_50_36_360=0,rsv_vol_37_50_36_360=2.77566,rsv_vol_63_50_36_360=9090.91,rsv_vol_65_50_36_360=0,rsv_vol_67_50_36_360=15229.1,sddp_alpha_0_35=1000
o,35,1,sddp_ecut_0_35_102_15,7.38236e+08,,rsv_vol_1_50_35_350=0,rsv_vol_6_50_35_350=-105.102,rsv_vol_21_50_35_350=0,rsv_vol_28_50_35_350=0,rsv_vol_37_50_35_350=0.693072,rsv_vol_63_50_35_350=8573.34,rsv_vol_65_50_35_350=0,rsv_vol_67_50_35_350=3253.05,sddp_alpha_0_34=1000
o,34,1,sddp_ecut_0_34_102_16,7.15841e+08,,rsv_vol_1_50_34_340=0,rsv_vol_6_50_34_340=-29.8209,rsv_vol_21_50_34_340=0,rsv_vol_28_50_34_340=0,rsv_vol_37_50_34_340=1.1029,rsv_vol_63_50_34_340=9189.82,rsv_vol_65_50_34_340=0,rsv_vol_67_50_34_340=1639.13,sddp_alpha_0_33=1000
o,33,1,sddp_ecut_0_33_102_17,7.85711e+08,,rsv_vol_1_50_33_330=0,rsv_vol_6_50_33_330=1.41522,rsv_vol_21_50_33_330=0,rsv_vol_28_50_33_330=0,rsv_vol_37_50_33_330=2.15555,rsv_vol_63_50_33_330=7432.22,rsv_vol_65_50_33_330=0,rsv_vol_67_50_33_330=7990.96,sddp_alpha_0_32=1000
o,32,1,sddp_ecut_0_32_102_18,7.86227e+08,,rsv_vol_1_50_32_320=0,rsv_vol_6_50_32_320=1.50884,rsv_vol_21_50_32_320=0,rsv_vol_28_50_32_320=0,rsv_vol_37_50_32_320=1.93903,rsv_vol_63_50_32_320=4402.97,rsv_vol_65_50_32_320=0,rsv_vol_67_50_32_320=8573.67,sddp_alpha_0_31=1000
o,31,1,sddp_ecut_0_31_102_19,8.80882e+08,,rsv_vol_1_50_31_310=0,rsv_vol_6_50_31_310=1.86777,rsv_vol_21_50_31_310=0,rsv_vol_28_50_31_310=0,rsv_vol_37_50_31_310=2.48662,rsv_vol_63_50_31_310=1807.29,rsv_vol_65_50_31_310=-15.5341,rsv_vol_67_50_31_310=12724.6,sddp_alpha_0_30=1000
o,30,1,sddp_ecut_0_30_102_20,9.50338e+08,,rsv_vol_1_50_30_300=0,rsv_vol_6_50_30_300=2.42933,rsv_vol_21_50_30_300=0,rsv_vol_28_50_30_300=0,rsv_vol_37_50_30_300=3.57529,rsv_vol_63_50_30_300=8717.49,rsv_vol_65_50_30_300=-31.3159,rsv_vol_67_50_30_300=16476.2,sddp_alpha_0_29=1000
o,29,1,sddp_ecut_0_29_102_21,9.75418e+08,,rsv_vol_1_50_29_290=0,rsv_vol_6_50_29_290=3.07721,rsv_vol_21_50_29_290=0,rsv_vol_28_50_29_290=0,rsv_vol_37_50_29_290=2.22383,rsv_vol_63_50_29_290=8648.77,rsv_vol_65_50_29_290=15585.7,rsv_vol_67_50_29_290=3619.72,sddp_alpha_0_28=1000
o,28,1,sddp_ecut_0_28_102_22,1.03339e+09,,rsv_vol_1_50_28_280=0,rsv_vol_6_50_28_280=3.41761,rsv_vol_21_50_28_280=0,rsv_vol_28_50_28_280=0,rsv_vol_37_50_28_280=6.63199,rsv_vol_63_50_28_280=10199,rsv_vol_65_50_28_280=23688.4,rsv_vol_67_50_28_280=1852.15,sddp_alpha_0_27=1000
o,27,1,sddp_ecut_0_27_102_23,9.23448e+08,,rsv_vol_1_50_27_270=0,rsv_vol_6_50_27_270=-30.9372,rsv_vol_21_50_27_270=0,rsv_vol_28_50_27_270=0,rsv_vol_37_50_27_270=1.23183,rsv_vol_63_50_27_270=9289.17,rsv_vol_65_50_27_270=4392.88,rsv_vol_67_50_27_270=-256.569,sddp_alpha_0_26=1000
o,26,1,sddp_ecut_0_26_102_24,9.38607e+08,,rsv_vol_1_50_26_260=0,rsv_vol_6_50_26_260=-47.1974,rsv_vol_21_50_26_260=0,rsv_vol_28_50_26_260=0,rsv_vol_37_50_26_260=5.18722,rsv_vol_63_50_26_260=10361.7,rsv_vol_65_50_26_260=0,rsv_vol_67_50_26_260=17207.8,sddp_alpha_0_25=1000
o,25,1,sddp_ecut_0_25_102_25,8.2928e+08,,rsv_vol_1_50_25_250=0,rsv_vol_6_50_25_250=-63.968,rsv_vol_21_50_25_250=0,rsv_vol_28_50_25_250=0,rsv_vol_37_50_25_250=4.78176,rsv_vol_63_50_25_250=11019,rsv_vol_65_50_25_250=0,rsv_vol_67_50_25_250=18631.8,sddp_alpha_0_24=1000
o,24,1,sddp_ecut_0_24_102_26,9.00769e+08,,rsv_vol_1_50_24_240=0,rsv_vol_6_50_24_240=-146.75,rsv_vol_21_50_24_240=0,rsv_vol_28_50_24_240=0,rsv_vol_37_50_24_240=3.85428,rsv_vol_63_50_24_240=10337,rsv_vol_65_50_24_240=0,rsv_vol_67_50_24_240=17158.7,sddp_alpha_0_23=1000
o,23,1,sddp_ecut_0_23_102_27,8.7139e+08,,rsv_vol_1_50_23_230=0,rsv_vol_6_50_23_230=-115.323,rsv_vol_21_50_23_230=0,rsv_vol_28_50_23_230=0,rsv_vol_37_50_23_230=1.29822,rsv_vol_63_50_23_230=8882.42,rsv_vol_65_50_23_230=0,rsv_vol_67_50_23_230=6594.82,sddp_alpha_0_22=1000
o,22,1,sddp_ecut_0_22_102_28,2.25306e+08,,rsv_vol_1_50_22_220=0,rsv_vol_6_50_22_220=0.3573,rsv_vol_21_50_22_220=0,rsv_vol_28_50_22_220=0,rsv_vol_37_50_22_220=0.483474,rsv_vol_63_50_22_220=7.80866,rsv_vol_65_50_22_220=-16.6852,rsv_vol_67_50_22_220=2751.78,sddp_alpha_0_21=1000
o,21,1,sddp_ecut_0_21_102_29,1.97243e+08,,rsv_vol_1_50_21_210=0,rsv_vol_6_50_21_210=0.327868,rsv_vol_21_50_21_210=0,rsv_vol_28_50_21_210=0,rsv_vol_37_50_21_210=0.353737,rsv_vol_63_50_21_210=7.20799,rsv_vol_65_50_21_210=-16.6852,rsv_vol_67_50_21_210=1323.9,sddp_alpha_0_20=1000
o,20,1,sddp_ecut_0_20_102_30,2.24944e+08,,rsv_vol_1_50_20_200=0,rsv_vol_6_50_20_200=0.396313,rsv_vol_21_50_20_200=0,rsv_vol_28_50_20_200=0,rsv_vol_37_50_20_200=0.345962,rsv_vol_63_50_20_200=6.00666,rsv_vol_65_50_20_200=-50.0555,rsv_vol_67_50_20_200=1140.36,sddp_alpha_0_19=1000
o,19,1,sddp_ecut_0_19_102_31,1.9615e+08,,rsv_vol_1_50_19_190=0,rsv_vol_6_50_19_190=0.358616,rsv_vol_21_50_19_190=0,rsv_vol_28_50_19_190=0,rsv_vol_37_50_19_190=0.248175,rsv_vol_63_50_19_190=7.20799,rsv_vol_65_50_19_190=-50.0555,rsv_vol_67_50_19_190=392.776,sddp_alpha_0_18=1000
o,18,1,sddp_ecut_0_18_102_32,2.4088e+08,,rsv_vol_1_50_18_180=0,rsv_vol_6_50_18_180=0.402678,rsv_vol_21_50_18_180=0,rsv_vol_28_50_18_180=0,rsv_vol_37_50_18_180=0.414202,rsv_vol_63_50_18_180=7.26547,rsv_vol_65_50_18_180=-50.4547,rsv_vol_67_50_18_180=2041.26,sddp_alpha_0_17=1000
o,17,1,sddp_ecut_0_17_102_33,2.42099e+08,,rsv_vol_1_50_17_170=0,rsv_vol_6_50_17_170=0.412814,rsv_vol_21_50_17_170=0,rsv_vol_28_50_17_170=0,rsv_vol_37_50_17_170=0.503725,rsv_vol_63_50_17_170=7.26547,rsv_vol_65_50_17_170=-33.6364,rsv_vol_67_50_17_170=1572.26,sddp_alpha_0_16=1000
o,16,1,sddp_ecut_0_16_102_34,2.42624e+08,,rsv_vol_1_50_16_160=0,rsv_vol_6_50_16_160=0.418494,rsv_vol_21_50_16_160=0,rsv_vol_28_50_16_160=0,rsv_vol_37_50_16_160=0.488897,rsv_vol_63_50_16_160=6.66001,rsv_vol_65_50_16_160=0,rsv_vol_67_50_16_160=3249.37,sddp_alpha_0_15=1000
o,15,1,sddp_ecut_0_15_102_35,2.12073e+08,,rsv_vol_1_50_15_150=0,rsv_vol_6_50_15_150=0.375323,rsv_vol_21_50_15_150=0,rsv_vol_28_50_15_150=0,rsv_vol_37_50_15_150=0.336979,rsv_vol_63_50_15_150=4.23819,rsv_vol_65_50_15_150=-16.8182,rsv_vol_67_50_15_150=772.609,sddp_alpha_0_14=1000
o,14,1,sddp_ecut_0_14_102_36,2.51893e+08,,rsv_vol_1_50_14_140=0,rsv_vol_6_50_14_140=0.486347,rsv_vol_21_50_14_140=0,rsv_vol_28_50_14_140=0,rsv_vol_37_50_14_140=0.585543,rsv_vol_63_50_14_140=4.88227,rsv_vol_65_50_14_140=-16.9523,rsv_vol_67_50_14_140=5388.82,sddp_alpha_0_13=1000
o,13,1,sddp_ecut_0_13_102_37,2.17886e+08,,rsv_vol_1_50_13_130=0,rsv_vol_6_50_13_130=0.381142,rsv_vol_21_50_13_130=0,rsv_vol_28_50_13_130=0,rsv_vol_37_50_13_130=0.384669,rsv_vol_63_50_13_130=3.05447,rsv_vol_65_50_13_130=-16.9523,rsv_vol_67_50_13_130=1364.34,sddp_alpha_0_12=1000
o,12,1,sddp_ecut_0_12_102_38,2.49692e+08,,rsv_vol_1_50_12_120=0,rsv_vol_6_50_12_120=0.463542,rsv_vol_21_50_12_120=0,rsv_vol_28_50_12_120=0,rsv_vol_37_50_12_120=0.569366,rsv_vol_63_50_12_120=3.66341,rsv_vol_65_50_12_120=-33.9046,rsv_vol_67_50_12_120=4862.43,sddp_alpha_0_11=1000
o,11,1,sddp_ecut_0_11_102_39,2.19629e+08,,rsv_vol_1_50_11_110=0,rsv_vol_6_50_11_110=0.422289,rsv_vol_21_50_11_110=0,rsv_vol_28_50_11_110=0,rsv_vol_37_50_11_110=0.549519,rsv_vol_63_50_11_110=1.22057,rsv_vol_65_50_11_110=0,rsv_vol_67_50_11_110=1867.99,sddp_alpha_0_10=1000
o,10,1,sddp_ecut_0_10_102_40,2.60918e+08,,rsv_vol_1_50_10_100=0,rsv_vol_6_50_10_100=0.460434,rsv_vol_21_50_10_100=0,rsv_vol_28_50_10_100=0,rsv_vol_37_50_10_100=0.520056,rsv_vol_63_50_10_100=1.2303,rsv_vol_65_50_10_100=-34.175,rsv_vol_67_50_10_100=2725.03,sddp_alpha_0_9=1000
o,9,1,sddp_ecut_0_9_102_41,2.6257e+08,,rsv_vol_1_50_9_90=0,rsv_vol_6_50_9_90=0.471838,rsv_vol_21_50_9_90=0,rsv_vol_28_50_9_90=0,rsv_vol_37_50_9_90=0.533764,rsv_vol_63_50_9_90=0,rsv_vol_65_50_9_90=-17.0875,rsv_vol_67_50_9_90=2030.46,sddp_alpha_0_8=1000
o,8,1,sddp_ecut_0_8_102_42,2.63448e+08,,rsv_vol_1_50_8_80=0,rsv_vol_6_50_8_80=0.479546,rsv_vol_21_50_8_80=0,rsv_vol_28_50_8_80=0,rsv_vol_37_50_8_80=0.774691,rsv_vol_63_50_8_80=0.00579216,rsv_vol_65_50_8_80=-17.0875,rsv_vol_67_50_8_80=4295.42,sddp_alpha_0_7=1000
o,7,1,sddp_ecut_0_7_102_43,2.31658e+08,,rsv_vol_1_50_7_70=0,rsv_vol_6_50_7_70=0.434487,rsv_vol_21_50_7_70=0,rsv_vol_28_50_7_70=0,rsv_vol_37_50_7_70=0.680909,rsv_vol_63_50_7_70=0.00517157,rsv_vol_65_50_7_70=-17.0875,rsv_vol_67_50_7_70=3123.81,sddp_alpha_0_6=1000
o,6,1,sddp_ecut_0_6_102_44,2.81814e+08,,rsv_vol_1_50_6_60=0,rsv_vol_6_50_6_60=0.528607,rsv_vol_21_50_6_60=0,rsv_vol_28_50_6_60=0,rsv_vol_37_50_6_60=0.936707,rsv_vol_63_50_6_60=0.00757969,rsv_vol_65_50_6_60=0,rsv_vol_67_50_6_60=5943.57,sddp_alpha_0_5=1000
o,5,1,sddp_ecut_0_5_102_45,2.81885e+08,,rsv_vol_1_50_5_50=0,rsv_vol_6_50_5_50=0.554327,rsv_vol_21_50_5_50=0,rsv_vol_28_50_5_50=0,rsv_vol_37_50_5_50=0.73746,rsv_vol_63_50_5_50=0.00649041,rsv_vol_65_50_5_50=0,rsv_vol_67_50_5_50=4823.92,sddp_alpha_0_4=1000
o,4,1,sddp_ecut_0_4_102_46,2.83267e+08,,rsv_vol_1_50_4_40=0,rsv_vol_6_50_4_40=0.554263,rsv_vol_21_50_4_40=0,rsv_vol_28_50_4_40=0,rsv_vol_37_50_4_40=0.812836,rsv_vol_63_50_4_40=0,rsv_vol_65_50_4_40=0,rsv_vol_67_50_4_40=2573.44,sddp_alpha_0_3=1000
o,3,1,sddp_ecut_0_3_102_47,2.50811e+08,,rsv_vol_1_50_3_30=0,rsv_vol_6_50_3_30=0.545396,rsv_vol_21_50_3_30=0,rsv_vol_28_50_3_30=0,rsv_vol_37_50_3_30=0.744395,rsv_vol_63_50_3_30=0,rsv_vol_65_50_3_30=-34.4475,rsv_vol_67_50_3_30=2830.48,sddp_alpha_0_2=1000
o,2,1,sddp_ecut_0_2_102_48,2.25338e+08,,rsv_vol_1_50_2_20=0,rsv_vol_6_50_2_20=0.707866,rsv_vol_21_50_2_20=0,rsv_vol_28_50_2_20=0,rsv_vol_37_50_2_20=0.488828,rsv_vol_63_50_2_20=0,rsv_vol_65_50_2_20=-69.4444,rsv_vol_67_50_2_20=6213.54,sddp_alpha_0_1=1000
o,1,1,sddp_ecut_0_1_102_49,2.65508e+08,,rsv_vol_1_50_1_10=0,rsv_vol_6_50_1_10=0.843154,rsv_vol_21_50_1_10=0,rsv_vol_28_50_1_10=0,rsv_vol_37_50_1_10=0.507562,rsv_vol_63_50_1_10=0,rsv_vol_65_50_1_10=-17.3611,rsv_vol_67_50_1_10=9920.79,sddp_alpha_0_0=1000
o,50,1,sddp_ecut_0_50_103_0,7.4197e+08,,rsv_vol_1_50_50_500=0,rsv_vol_6_50_50_500=1.94792,rsv_vol_21_50_50_500=0,rsv_vol_28_50_50_500=0,rsv_vol_37_50_50_500=2.90475,rsv_vol_63_50_50_500=9343.02,rsv_vol_65_50_50_500=35009.8,rsv_vol_67_50_50_500=15127.2,sddp_alpha_0_49=1000
o,49,1,sddp_ecut_0_49_103_1,5.94245e+08,,rsv_vol_1_50_49_490=0,rsv_vol_6_50_49_490=-12.3816,rsv_vol_21_50_49_490=0,rsv_vol_28_50_49_490=0,rsv_vol_37_50_49_490=1.87958,rsv_vol_63_50_49_490=8418.64,rsv_vol_65_50_49_490=0,rsv_vol_67_50_49_490=14416.9,sddp_alpha_0_48=1000
o,48,1,sddp_ecut_0_48_103_2,6.5112e+08,,rsv_vol_1_50_48_480=0,rsv_vol_6_50_48_480=-26.4146,rsv_vol_21_50_48_480=0,rsv_vol_28_50_48_480=0,rsv_vol_37_50_48_480=2.43005,rsv_vol_63_50_48_480=7621.99,rsv_vol_65_50_48_480=0,rsv_vol_67_50_48_480=13639.3,sddp_alpha_0_47=1000
o,47,1,sddp_ecut_0_47_103_3,6.4186e+08,,rsv_vol_1_50_47_470=0,rsv_vol_6_50_47_470=-95.2668,rsv_vol_21_50_47_470=0,rsv_vol_28_50_47_470=0,rsv_vol_37_50_47_470=1.45394,rsv_vol_63_50_47_470=7678.17,rsv_vol_65_50_47_470=0,rsv_vol_67_50_47_470=9022.1,sddp_alpha_0_46=1000
o,46,1,sddp_ecut_0_46_103_4,6.21959e+08,,rsv_vol_1_50_46_460=0,rsv_vol_6_50_46_460=-123.55,rsv_vol_21_50_46_460=0,rsv_vol_28_50_46_460=0,rsv_vol_37_50_46_460=1.76338,rsv_vol_63_50_46_460=7622.2,rsv_vol_65_50_46_460=0,rsv_vol_67_50_46_460=6941.93,sddp_alpha_0_45=1000
o,45,1,sddp_ecut_0_45_103_5,6.87401e+08,,rsv_vol_1_50_45_450=0,rsv_vol_6_50_45_450=0.839902,rsv_vol_21_50_45_450=0,rsv_vol_28_50_45_450=0,rsv_vol_37_50_45_450=2.51234,rsv_vol_63_50_45_450=7123.3,rsv_vol_65_50_45_450=0,rsv_vol_67_50_45_450=11127.6,sddp_alpha_0_44=1000
o,44,1,sddp_ecut_0_44_103_6,6.90026e+08,,rsv_vol_1_50_44_440=0,rsv_vol_6_50_44_440=1.09349,rsv_vol_21_50_44_440=0,rsv_vol_28_50_44_440=0,rsv_vol_37_50_44_440=2.27898,rsv_vol_63_50_44_440=7545.16,rsv_vol_65_50_44_440=-28.0204,rsv_vol_67_50_44_440=10508.2,sddp_alpha_0_43=1000
o,43,1,sddp_ecut_0_43_103_7,7.71882e+08,,rsv_vol_1_50_43_430=0,rsv_vol_6_50_43_430=1.45338,rsv_vol_21_50_43_430=0,rsv_vol_28_50_43_430=0,rsv_vol_37_50_43_430=2.45561,rsv_vol_63_50_43_430=6525.85,rsv_vol_65_50_43_430=-28.2438,rsv_vol_67_50_43_430=12635.8,sddp_alpha_0_42=1000
o,42,1,sddp_ecut_0_42_103_8,8.26884e+08,,rsv_vol_1_50_42_420=0,rsv_vol_6_50_42_420=2.01369,rsv_vol_21_50_42_420=0,rsv_vol_28_50_42_420=0,rsv_vol_37_50_42_420=3.00551,rsv_vol_63_50_42_420=8883.06,rsv_vol_65_50_42_420=-14.2345,rsv_vol_67_50_42_420=14733.5,sddp_alpha_0_41=1000
o,41,1,sddp_ecut_0_41_103_9,8.32332e+08,,rsv_vol_1_50_41_410=0,rsv_vol_6_50_41_410=1.89132,rsv_vol_21_50_41_410=0,rsv_vol_28_50_41_410=0,rsv_vol_37_50_41_410=2.95122,rsv_vol_63_50_41_410=6677.09,rsv_vol_65_50_41_410=4962.15,rsv_vol_67_50_41_410=11700.4,sddp_alpha_0_40=1000
o,40,1,sddp_ecut_0_40_103_10,8.47719e+08,,rsv_vol_1_50_40_400=0,rsv_vol_6_50_40_400=2.03587,rsv_vol_21_50_40_400=0,rsv_vol_28_50_40_400=0,rsv_vol_37_50_40_400=4.35808,rsv_vol_63_50_40_400=8532.25,rsv_vol_65_50_40_400=4695.37,rsv_vol_67_50_40_400=14517.1,sddp_alpha_0_39=1000
o,39,1,sddp_ecut_0_39_103_11,7.73673e+08,,rsv_vol_1_50_39_390=0,rsv_vol_6_50_39_390=1.80547,rsv_vol_21_50_39_390=0,rsv_vol_28_50_39_390=0,rsv_vol_37_50_39_390=3.81567,rsv_vol_63_50_39_390=8647.2,rsv_vol_65_50_39_390=4663.56,rsv_vol_67_50_39_390=15042.9,sddp_alpha_0_38=1000
o,38,1,sddp_ecut_0_38_103_12,7.79346e+08,,rsv_vol_1_50_38_380=0,rsv_vol_6_50_38_380=-12.7532,rsv_vol_21_50_38_380=0,rsv_vol_28_50_38_380=0,rsv_vol_37_50_38_380=2.83015,rsv_vol_63_50_38_380=9549.15,rsv_vol_65_50_38_380=12661.7,rsv_vol_67_50_38_380=-235.104,sddp_alpha_0_37=1000
o,37,1,sddp_ecut_0_37_103_13,6.45813e+08,,rsv_vol_1_50_37_370=0,rsv_vol_6_50_37_370=-13.6252,rsv_vol_21_50_37_370=0,rsv_vol_28_50_37_370=0,rsv_vol_37_50_37_370=2.23528,rsv_vol_63_50_37_370=9443.88,rsv_vol_65_50_37_370=0,rsv_vol_67_50_37_370=15930,sddp_alpha_0_36=1000
o,36,1,sddp_ecut_0_36_103_14,7.0939e+08,,rsv_vol_1_50_36_360=0,rsv_vol_6_50_36_360=-29.2047,rsv_vol_21_50_36_360=0,rsv_vol_28_50_36_360=0,rsv_vol_37_50_36_360=2.77566,rsv_vol_63_50_36_360=9090.91,rsv_vol_65_50_36_360=0,rsv_vol_67_50_36_360=15229.1,sddp_alpha_0_35=1000
o,35,1,sddp_ecut_0_35_103_15,7.38236e+08,,rsv_vol_1_50_35_350=0,rsv_vol_6_50_35_350=-105.102,rsv_vol_21_50_35_350=0,rsv_vol_28_50_35_350=0,rsv_vol_37_50_35_350=0.693072,rsv_vol_63_50_35_350=8573.34,rsv_vol_65_50_35_350=0,rsv_vol_67_50_35_350=3253.05,sddp_alpha_0_34=1000
o,34,1,sddp_ecut_0_34_103_16,7.15841e+08,,rsv_vol_1_50_34_340=0,rsv_vol_6_50_34_340=-29.8209,rsv_vol_21_50_34_340=0,rsv_vol_28_50_34_340=0,rsv_vol_37_50_34_340=1.1029,rsv_vol_63_50_34_340=9189.82,rsv_vol_65_50_34_340=0,rsv_vol_67_50_34_340=1639.13,sddp_alpha_0_33=1000
o,33,1,sddp_ecut_0_33_103_17,7.85711e+08,,rsv_vol_1_50_33_330=0,rsv_vol_6_50_33_330=1.41522,rsv_vol_21_50_33_330=0,rsv_vol_28_50_33_330=0,rsv_vol_37_50_33_330=2.15555,rsv_vol_63_50_33_330=7432.22,rsv_vol_65_50_33_330=0,rsv_vol_67_50_33_330=7990.96,sddp_alpha_0_32=1000
o,32,1,sddp_ecut_0_32_103_18,7.86227e+08,,rsv_vol_1_50_32_320=0,rsv_vol_6_50_32_320=1.50884,rsv_vol_21_50_32_320=0,rsv_vol_28_50_32_320=0,rsv_vol_37_50_32_320=1.93903,rsv_vol_63_50_32_320=4402.97,rsv_vol_65_50_32_320=0,rsv_vol_67_50_32_320=8573.67,sddp_alpha_0_31=1000
o,31,1,sddp_ecut_0_31_103_19,8.80882e+08,,rsv_vol_1_50_31_310=0,rsv_vol_6_50_31_310=1.86777,rsv_vol_21_50_31_310=0,rsv_vol_28_50_31_310=0,rsv_vol_37_50_31_310=2.48662,rsv_vol_63_50_31_310=1807.29,rsv_vol_65_50_31_310=-15.5341,rsv_vol_67_50_31_310=12724.6,sddp_alpha_0_30=1000
o,30,1,sddp_ecut_0_30_103_20,9.50338e+08,,rsv_vol_1_50_30_300=0,rsv_vol_6_50_30_300=2.42933,rsv_vol_21_50_30_300=0,rsv_vol_28_50_30_300=0,rsv_vol_37_50_30_300=3.57529,rsv_vol_63_50_30_300=8717.49,rsv_vol_65_50_30_300=-31.3159,rsv_vol_67_50_30_300=16476.2,sddp_alpha_0_29=1000
o,29,1,sddp_ecut_0_29_103_21,9.75418e+08,,rsv_vol_1_50_29_290=0,rsv_vol_6_50_29_290=3.07721,rsv_vol_21_50_29_290=0,rsv_vol_28_50_29_290=0,rsv_vol_37_50_29_290=2.22383,rsv_vol_63_50_29_290=8648.77,rsv_vol_65_50_29_290=15585.7,rsv_vol_67_50_29_290=3619.72,sddp_alpha_0_28=1000
o,28,1,sddp_ecut_0_28_103_22,1.03339e+09,,rsv_vol_1_50_28_280=0,rsv_vol_6_50_28_280=3.41761,rsv_vol_21_50_28_280=0,rsv_vol_28_50_28_280=0,rsv_vol_37_50_28_280=6.63199,rsv_vol_63_50_28_280=10199,rsv_vol_65_50_28_280=23688.4,rsv_vol_67_50_28_280=1852.15,sddp_alpha_0_27=1000
o,27,1,sddp_ecut_0_27_103_23,9.23448e+08,,rsv_vol_1_50_27_270=0,rsv_vol_6_50_27_270=-30.9372,rsv_vol_21_50_27_270=0,rsv_vol_28_50_27_270=0,rsv_vol_37_50_27_270=1.23183,rsv_vol_63_50_27_270=9289.17,rsv_vol_65_50_27_270=4392.88,rsv_vol_67_50_27_270=-256.569,sddp_alpha_0_26=1000
o,26,1,sddp_ecut_0_26_103_24,9.38607e+08,,rsv_vol_1_50_26_260=0,rsv_vol_6_50_26_260=-47.1974,rsv_vol_21_50_26_260=0,rsv_vol_28_50_26_260=0,rsv_vol_37_50_26_260=5.18722,rsv_vol_63_50_26_260=10361.7,rsv_vol_65_50_26_260=0,rsv_vol_67_50_26_260=17207.8,sddp_alpha_0_25=1000
o,25,1,sddp_ecut_0_25_103_25,8.2928e+08,,rsv_vol_1_50_25_250=0,rsv_vol_6_50_25_250=-63.968,rsv_vol_21_50_25_250=0,rsv_vol_28_50_25_250=0,rsv_vol_37_50_25_250=4.78176,rsv_vol_63_50_25_250=11019,rsv_vol_65_50_25_250=0,rsv_vol_67_50_25_250=18631.8,sddp_alpha_0_24=1000
o,24,1,sddp_ecut_0_24_103_26,9.00769e+08,,rsv_vol_1_50_24_240=0,rsv_vol_6_50_24_240=-146.75,rsv_vol_21_50_24_240=0,rsv_vol_28_50_24_240=0,rsv_vol_37_50_24_240=3.85428,rsv_vol_63_50_24_240=10337,rsv_vol_65_50_24_240=0,rsv_vol_67_50_24_240=17158.7,sddp_alpha_0_23=1000
o,23,1,sddp_ecut_0_23_103_27,8.7139e+08,,rsv_vol_1_50_23_230=0,rsv_vol_6_50_23_230=-115.323,rsv_vol_21_50_23_230=0,rsv_vol_28_50_23_230=0,rsv_vol_37_50_23_230=1.29822,rsv_vol_63_50_23_230=8882.42,rsv_vol_65_50_23_230=0,rsv_vol_67_50_23_230=6594.82,sddp_alpha_0_22=1000
o,22,1,sddp_ecut_0_22_103_28,2.25306e+08,,rsv_vol_1_50_22_220=0,rsv_vol_6_50_22_220=0.3573,rsv_vol_21_50_22_220=0,rsv_vol_28_50_22_220=0,rsv_vol_37_50_22_220=0.483474,rsv_vol_63_50_22_220=7.80866,rsv_vol_65_50_22_220=-16.6852,rsv_vol_67_50_22_220=2751.78,sddp_alpha_0_21=1000
o,21,1,sddp_ecut_0_21_103_29,1.97243e+08,,rsv_vol_1_50_21_210=0,rsv_vol_6_50_21_210=0.327868,rsv_vol_21_50_21_210=0,rsv_vol_28_50_21_210=0,rsv_vol_37_50_21_210=0.353737,rsv_vol_63_50_21_210=7.20799,rsv_vol_65_50_21_210=-16.6852,rsv_vol_67_50_21_210=1323.9,sddp_alpha_0_20=1000
o,20,1,sddp_ecut_0_20_103_30,2.24944e+08,,rsv_vol_1_50_20_200=0,rsv_vol_6_50_20_200=0.396313,rsv_vol_21_50_20_200=0,rsv_vol_28_50_20_200=0,rsv_vol_37_50_20_200=0.345962,rsv_vol_63_50_20_200=6.00666,rsv_vol_65_50_20_200=-50.0555,rsv_vol_67_50_20_200=1140.36,sddp_alpha_0_19=1000
o,19,1,sddp_ecut_0_19_103_31,1.9615e+08,,rsv_vol_1_50_19_190=0,rsv_vol_6_50_19_190=0.358616,rsv_vol_21_50_19_190=0,rsv_vol_28_50_19_190=0,rsv_vol_37_50_19_190=0.248175,rsv_vol_63_50_19_190=7.20799,rsv_vol_65_50_19_190=-50.0555,rsv_vol_67_50_19_190=392.776,sddp_alpha_0_18=1000
o,18,1,sddp_ecut_0_18_103_32,2.4088e+08,,rsv_vol_1_50_18_180=0,rsv_vol_6_50_18_180=0.402678,rsv_vol_21_50_18_180=0,rsv_vol_28_50_18_180=0,rsv_vol_37_50_18_180=0.414202,rsv_vol_63_50_18_180=7.26547,rsv_vol_65_50_18_180=-50.4547,rsv_vol_67_50_18_180=2041.26,sddp_alpha_0_17=1000
o,17,1,sddp_ecut_0_17_103_33,2.42099e+08,,rsv_vol_1_50_17_170=0,rsv_vol_6_50_17_170=0.412814,rsv_vol_21_50_17_170=0,rsv_vol_28_50_17_170=0,rsv_vol_37_50_17_170=0.503725,rsv_vol_63_50_17_170=7.26547,rsv_vol_65_50_17_170=-33.6364,rsv_vol_67_50_17_170=1572.26,sddp_alpha_0_16=1000
o,16,1,sddp_ecut_0_16_103_34,2.42624e+08,,rsv_vol_1_50_16_160=0,rsv_vol_6_50_16_160=0.418494,rsv_vol_21_50_16_160=0,rsv_vol_28_50_16_160=0,rsv_vol_37_50_16_160=0.488897,rsv_vol_63_50_16_160=6.66001,rsv_vol_65_50_16_160=0,rsv_vol_67_50_16_160=3249.37,sddp_alpha_0_15=1000
o,15,1,sddp_ecut_0_15_103_35,2.12073e+08,,rsv_vol_1_50_15_150=0,rsv_vol_6_50_15_150=0.375323,rsv_vol_21_50_15_150=0,rsv_vol_28_50_15_150=0,rsv_vol_37_50_15_150=0.336979,rsv_vol_63_50_15_150=4.23819,rsv_vol_65_50_15_150=-16.8182,rsv_vol_67_50_15_150=772.609,sddp_alpha_0_14=1000
o,14,1,sddp_ecut_0_14_103_36,2.51893e+08,,rsv_vol_1_50_14_140=0,rsv_vol_6_50_14_140=0.486347,rsv_vol_21_50_14_140=0,rsv_vol_28_50_14_140=0,rsv_vol_37_50_14_140=0.585543,rsv_vol_63_50_14_140=4.88227,rsv_vol_65_50_14_140=-16.9523,rsv_vol_67_50_14_140=5388.82,sddp_alpha_0_13=1000
o,13,1,sddp_ecut_0_13_103_37,2.17886e+08,,rsv_vol_1_50_13_130=0,rsv_vol_6_50_13_130=0.381142,rsv_vol_21_50_13_130=0,rsv_vol_28_50_13_130=0,rsv_vol_37_50_13_130=0.384669,rsv_vol_63_50_13_130=3.05443,rsv_vol_65_50_13_130=-16.9523,rsv_vol_67_50_13_130=1364.34,sddp_alpha_0_12=1000
o,12,1,sddp_ecut_0_12_103_38,2.49692e+08,,rsv_vol_1_50_12_120=0,rsv_vol_6_50_12_120=0.463542,rsv_vol_21_50_12_120=0,rsv_vol_28_50_12_120=0,rsv_vol_37_50_12_120=0.569366,rsv_vol_63_50_12_120=3.66341,rsv_vol_65_50_12_120=-33.9046,rsv_vol_67_50_12_120=4862.43,sddp_alpha_0_11=1000
o,11,1,sddp_ecut_0_11_103_39,2.19629e+08,,rsv_vol_1_50_11_110=0,rsv_vol_6_50_11_110=0.422289,rsv_vol_21_50_11_110=0,rsv_vol_28_50_11_110=0,rsv_vol_37_50_11_110=0.549519,rsv_vol_63_50_11_110=1.22057,rsv_vol_65_50_11_110=0,rsv_vol_67_50_11_110=1867.99,sddp_alpha_0_10=1000
o,10,1,sddp_ecut_0_10_103_40,2.60918e+08,,rsv_vol_1_50_10_100=0,rsv_vol_6_50_10_100=0.460434,rsv_vol_21_50_10_100=0,rsv_vol_28_50_10_100=0,rsv_vol_37_50_10_100=0.520056,rsv_vol_63_50_10_100=1.2303,rsv_vol_65_50_10_100=-34.175,rsv_vol_67_50_10_100=2725.03,sddp_alpha_0_9=1000
o,9,1,sddp_ecut_0_9_103_41,2.6257e+08,,rsv_vol_1_50_9_90=0,rsv_vol_6_50_9_90=0.471838,rsv_vol_21_50_9_90=0,rsv_vol_28_50_9_90=0,rsv_vol_37_50_9_90=0.533764,rsv_vol_63_50_9_90=0,rsv_vol_65_50_9_90=-17.0875,rsv_vol_67_50_9_90=2030.46,sddp_alpha_0_8=1000
o,8,1,sddp_ecut_0_8_103_42,2.63448e+08,,rsv_vol_1_50_8_80=0,rsv_vol_6_50_8_80=0.479546,rsv_vol_21_50_8_80=0,rsv_vol_28_50_8_80=0,rsv_vol_37_50_8_80=0.774691,rsv_vol_63_50_8_80=0.00579216,rsv_vol_65_50_8_80=-17.0875,rsv_vol_67_50_8_80=4295.42,sddp_alpha_0_7=1000
o,7,1,sddp_ecut_0_7_103_43,2.31658e+08,,rsv_vol_1_50_7_70=0,rsv_vol_6_50_7_70=0.434487,rsv_vol_21_50_7_70=0,rsv_vol_28_50_7_70=0,rsv_vol_37_50_7_70=0.680909,rsv_vol_63_50_7_70=0.00517157,rsv_vol_65_50_7_70=-17.0875,rsv_vol_67_50_7_70=3123.81,sddp_alpha_0_6=1000
o,6,1,sddp_ecut_0_6_103_44,2.81814e+08,,rsv_vol_1_50_6_60=0,rsv_vol_6_50_6_60=0.528607,rsv_vol_21_50_6_60=0,rsv_vol_28_50_6_60=0,rsv_vol_37_50_6_60=0.936707,rsv_vol_63_50_6_60=0.00755789,rsv_vol_65_50_6_60=0,rsv_vol_67_50_6_60=5943.57,sddp_alpha_0_5=1000
o,5,1,sddp_ecut_0_5_103_45,2.81885e+08,,rsv_vol_1_50_5_50=0,rsv_vol_6_50_5_50=0.554327,rsv_vol_21_50_5_50=0,rsv_vol_28_50_5_50=0,rsv_vol_37_50_5_50=0.73746,rsv_vol_63_50_5_50=0.00649041,rsv_vol_65_50_5_50=0,rsv_vol_67_50_5_50=4823.92,sddp_alpha_0_4=1000
o,4,1,sddp_ecut_0_4_103_46,2.83267e+08,,rsv_vol_1_50_4_40=0,rsv_vol_6_50_4_40=0.554263,rsv_vol_21_50_4_40=0,rsv_vol_28_50_4_40=0,rsv_vol_37_50_4_40=0.812836,rsv_vol_63_50_4_40=0,rsv_vol_65_50_4_40=0,rsv_vol_67_50_4_40=2573.44,sddp_alpha_0_3=1000
o,3,1,sddp_ecut_0_3_103_47,2.50811e+08,,rsv_vol_1_50_3_30=0,rsv_vol_6_50_3_30=0.545396,rsv_vol_21_50_3_30=0,rsv_vol_28_50_3_30=0,rsv_vol_37_50_3_30=0.744395,rsv_vol_63_50_3_30=0,rsv_vol_65_50_3_30=-34.4475,rsv_vol_67_50_3_30=2830.48,sddp_alpha_0_2=1000
o,2,1,sddp_ecut_0_2_103_48,2.25338e+08,,rsv_vol_1_50_2_20=0,rsv_vol_6_50_2_20=0.707866,rsv_vol_21_50_2_20=0,rsv_vol_28_50_2_20=0,rsv_vol_37_50_2_20=0.488828,rsv_vol_63_50_2_20=0,rsv_vol_65_50_2_20=-69.4444,rsv_vol_67_50_2_20=6213.54,sddp_alpha_0_1=1000
o,1,1,sddp_ecut_0_1_103_49,2.65508e+08,,rsv_vol_1_50_1_10=0,rsv_vol_6_50_1_10=0.843154,rsv_vol_21_50_1_10=0,rsv_vol_28_50_1_10=0,rsv_vol_37_50_1_10=0.507562,rsv_vol_63_50_1_10=0,rsv_vol_65_50_1_10=-17.3611,rsv_vol_67_50_1_10=9920.79,sddp_alpha_0_0=1000
o,50,1,sddp_ecut_0_50_104_0,7.4197e+08,,rsv_vol_1_50_50_500=0,rsv_vol_6_50_50_500=1.94792,rsv_vol_21_50_50_500=0,rsv_vol_28_50_50_500=0,rsv_vol_37_50_50_500=2.90475,rsv_vol_63_50_50_500=9343.02,rsv_vol_65_50_50_500=35009.8,rsv_vol_67_50_50_500=15127.2,sddp_alpha_0_49=1000
o,49,1,sddp_ecut_0_49_104_1,5.94245e+08,,rsv_vol_1_50_49_490=0,rsv_vol_6_50_49_490=-12.3816,rsv_vol_21_50_49_490=0,rsv_vol_28_50_49_490=0,rsv_vol_37_50_49_490=1.87958,rsv_vol_63_50_49_490=8418.64,rsv_vol_65_50_49_490=0,rsv_vol_67_50_49_490=14416.9,sddp_alpha_0_48=1000
o,48,1,sddp_ecut_0_48_104_2,6.5112e+08,,rsv_vol_1_50_48_480=0,rsv_vol_6_50_48_480=-26.4146,rsv_vol_21_50_48_480=0,rsv_vol_28_50_48_480=0,rsv_vol_37_50_48_480=2.43005,rsv_vol_63_50_48_480=7621.99,rsv_vol_65_50_48_480=0,rsv_vol_67_50_48_480=13639.3,sddp_alpha_0_47=1000
o,47,1,sddp_ecut_0_47_104_3,6.4186e+08,,rsv_vol_1_50_47_470=0,rsv_vol_6_50_47_470=-95.2668,rsv_vol_21_50_47_470=0,rsv_vol_28_50_47_470=0,rsv_vol_37_50_47_470=1.45394,rsv_vol_63_50_47_470=7678.17,rsv_vol_65_50_47_470=0,rsv_vol_67_50_47_470=9022.1,sddp_alpha_0_46=1000
o,46,1,sddp_ecut_0_46_104_4,6.21959e+08,,rsv_vol_1_50_46_460=0,rsv_vol_6_50_46_460=-123.55,rsv_vol_21_50_46_460=0,rsv_vol_28_50_46_460=0,rsv_vol_37_50_46_460=1.76338,rsv_vol_63_50_46_460=7622.2,rsv_vol_65_50_46_460=0,rsv_vol_67_50_46_460=6941.93,sddp_alpha_0_45=1000
o,45,1,sddp_ecut_0_45_104_5,6.87401e+08,,rsv_vol_1_50_45_450=0,rsv_vol_6_50_45_450=0.839902,rsv_vol_21_50_45_450=0,rsv_vol_28_50_45_450=0,rsv_vol_37_50_45_450=2.51234,rsv_vol_63_50_45_450=7123.3,rsv_vol_65_50_45_450=0,rsv_vol_67_50_45_450=11127.6,sddp_alpha_0_44=1000
o,44,1,sddp_ecut_0_44_104_6,6.90026e+08,,rsv_vol_1_50_44_440=0,rsv_vol_6_50_44_440=1.09349,rsv_vol_21_50_44_440=0,rsv_vol_28_50_44_440=0,rsv_vol_37_50_44_440=2.27898,rsv_vol_63_50_44_440=7545.16,rsv_vol_65_50_44_440=-28.0204,rsv_vol_67_50_44_440=10508.2,sddp_alpha_0_43=1000
o,43,1,sddp_ecut_0_43_104_7,7.71882e+08,,rsv_vol_1_50_43_430=0,rsv_vol_6_50_43_430=1.45338,rsv_vol_21_50_43_430=0,rsv_vol_28_50_43_430=0,rsv_vol_37_50_43_430=2.45561,rsv_vol_63_50_43_430=6525.85,rsv_vol_65_50_43_430=-28.2438,rsv_vol_67_50_43_430=12635.8,sddp_alpha_0_42=1000
o,42,1,sddp_ecut_0_42_104_8,8.26884e+08,,rsv_vol_1_50_42_420=0,rsv_vol_6_50_42_420=2.01369,rsv_vol_21_50_42_420=0,rsv_vol_28_50_42_420=0,rsv_vol_37_50_42_420=3.00551,rsv_vol_63_50_42_420=8883.06,rsv_vol_65_50_42_420=-14.2345,rsv_vol_67_50_42_420=14733.5,sddp_alpha_0_41=1000
o,41,1,sddp_ecut_0_41_104_9,8.32332e+08,,rsv_vol_1_50_41_410=0,rsv_vol_6_50_41_410=1.89132,rsv_vol_21_50_41_410=0,rsv_vol_28_50_41_410=0,rsv_vol_37_50_41_410=2.95122,rsv_vol_63_50_41_410=6677.09,rsv_vol_65_50_41_410=4962.15,rsv_vol_67_50_41_410=11700.4,sddp_alpha_0_40=1000
o,40,1,sddp_ecut_0_40_104_10,8.47719e+08,,rsv_vol_1_50_40_400=0,rsv_vol_6_50_40_400=2.03587,rsv_vol_21_50_40_400=0,rsv_vol_28_50_40_400=0,rsv_vol_37_50_40_400=4.35808,rsv_vol_63_50_40_400=8532.25,rsv_vol_65_50_40_400=4695.37,rsv_vol_67_50_40_400=14517.1,sddp_alpha_0_39=1000
o,39,1,sddp_ecut_0_39_104_11,7.73673e+08,,rsv_vol_1_50_39_390=0,rsv_vol_6_50_39_390=1.80547,rsv_vol_21_50_39_390=0,rsv_vol_28_50_39_390=0,rsv_vol_37_50_39_390=3.81567,rsv_vol_63_50_39_390=8647.2,rsv_vol_65_50_39_390=4663.56,rsv_vol_67_50_39_390=15042.9,sddp_alpha_0_38=1000
o,38,1,sddp_ecut_0_38_104_12,7.79346e+08,,rsv_vol_1_50_38_380=0,rsv_vol_6_50_38_380=-12.7532,rsv_vol_21_50_38_380=0,rsv_vol_28_50_38_380=0,rsv_vol_37_50_38_380=2.83015,rsv_vol_63_50_38_380=9549.15,rsv_vol_65_50_38_380=12661.7,rsv_vol_67_50_38_380=-235.104,sddp_alpha_0_37=1000
o,37,1,sddp_ecut_0_37_104_13,6.45813e+08,,rsv_vol_1_50_37_370=0,rsv_vol_6_50_37_370=-13.6252,rsv_vol_21_50_37_370=0,rsv_vol_28_50_37_370=0,rsv_vol_37_50_37_370=2.23528,rsv_vol_63_50_37_370=9443.88,rsv_vol_65_50_37_370=0,rsv_vol_67_50_37_370=15930,sddp_alpha_0_36=1000
o,36,1,sddp_ecut_0_36_104_14,7.0939e+08,,rsv_vol_1_50_36_360=0,rsv_vol_6_50_36_360=-29.2047,rsv_vol_21_50_36_360=0,rsv_vol_28_50_36_360=0,rsv_vol_37_50_36_360=2.77566,rsv_vol_63_50_36_360=9090.91,rsv_vol_65_50_36_360=0,rsv_vol_67_50_36_360=15229.1,sddp_alpha_0_35=1000
o,35,1,sddp_ecut_0_35_104_15,7.38236e+08,,rsv_vol_1_50_35_350=0,rsv_vol_6_50_35_350=-105.102,rsv_vol_21_50_35_350=0,rsv_vol_28_50_35_350=0,rsv_vol_37_50_35_350=0.693072,rsv_vol_63_50_35_350=8573.34,rsv_vol_65_50_35_350=0,rsv_vol_67_50_35_350=3253.05,sddp_alpha_0_34=1000
o,34,1,sddp_ecut_0_34_104_16,7.15841e+08,,rsv_vol_1_50_34_340=0,rsv_vol_6_50_34_340=-29.8209,rsv_vol_21_50_34_340=0,rsv_vol_28_50_34_340=0,rsv_vol_37_50_34_340=1.1029,rsv_vol_63_50_34_340=9189.82,rsv_vol_65_50_34_340=0,rsv_vol_67_50_34_340=1639.13,sddp_alpha_0_33=1000
o,33,1,sddp_ecut_0_33_104_17,7.85711e+08,,rsv_vol_1_50_33_330=0,rsv_vol_6_50_33_330=1.41522,rsv_vol_21_50_33_330=0,rsv_vol_28_50_33_330=0,rsv_vol_37_50_33_330=2.15555,rsv_vol_63_50_33_330=7432.22,rsv_vol_65_50_33_330=0,rsv_vol_67_50_33_330=7990.96,sddp_alpha_0_32=1000
o,32,1,sddp_ecut_0_32_104_18,7.86227e+08,,rsv_vol_1_50_32_320=0,rsv_vol_6_50_32_320=1.50884,rsv_vol_21_50_32_320=0,rsv_vol_28_50_32_320=0,rsv_vol_37_50_32_320=1.93903,rsv_vol_63_50_32_320=4402.97,rsv_vol_65_50_32_320=0,rsv_vol_67_50_32_320=8573.67,sddp_alpha_0_31=1000
o,31,1,sddp_ecut_0_31_104_19,8.80882e+08,,rsv_vol_1_50_31_310=0,rsv_vol_6_50_31_310=1.86777,rsv_vol_21_50_31_310=0,rsv_vol_28_50_31_310=0,rsv_vol_37_50_31_310=2.48662,rsv_vol_63_50_31_310=1807.29,rsv_vol_65_50_31_310=-15.5341,rsv_vol_67_50_31_310=12724.6,sddp_alpha_0_30=1000
o,30,1,sddp_ecut_0_30_104_20,9.50338e+08,,rsv_vol_1_50_30_300=0,rsv_vol_6_50_30_300=2.42933,rsv_vol_21_50_30_300=0,rsv_vol_28_50_30_300=0,rsv_vol_37_50_30_300=3.57529,rsv_vol_63_50_30_300=8717.49,rsv_vol_65_50_30_300=-31.3159,rsv_vol_67_50_30_300=16476.2,sddp_alpha_0_29=1000
o,29,1,sddp_ecut_0_29_104_21,9.75418e+08,,rsv_vol_1_50_29_290=0,rsv_vol_6_50_29_290=3.07721,rsv_vol_21_50_29_290=0,rsv_vol_28_50_29_290=0,rsv_vol_37_50_29_290=2.22383,rsv_vol_63_50_29_290=8648.77,rsv_vol_65_50_29_290=15585.7,rsv_vol_67_50_29_290=3619.72,sddp_alpha_0_28=1000
o,28,1,sddp_ecut_0_28_104_22,1.03339e+09,,rsv_vol_1_50_28_280=0,rsv_vol_6_50_28_280=3.41761,rsv_vol_21_50_28_280=0,rsv_vol_28_50_28_280=0,rsv_vol_37_50_28_280=6.63199,rsv_vol_63_50_28_280=10199,rsv_vol_65_50_28_280=23688.4,rsv_vol_67_50_28_280=1852.15,sddp_alpha_0_27=1000
o,27,1,sddp_ecut_0_27_104_23,9.23448e+08,,rsv_vol_1_50_27_270=0,rsv_vol_6_50_27_270=-30.9372,rsv_vol_21_50_27_270=0,rsv_vol_28_50_27_270=0,rsv_vol_37_50_27_270=1.23183,rsv_vol_63_50_27_270=9289.17,rsv_vol_65_50_27_270=4392.88,rsv_vol_67_50_27_270=-256.569,sddp_alpha_0_26=1000
o,26,1,sddp_ecut_0_26_104_24,9.38607e+08,,rsv_vol_1_50_26_260=0,rsv_vol_6_50_26_260=-47.1974,rsv_vol_21_50_26_260=0,rsv_vol_28_50_26_260=0,rsv_vol_37_50_26_260=5.18722,rsv_vol_63_50_26_260=10361.7,rsv_vol_65_50_26_260=0,rsv_vol_67_50_26_260=17207.8,sddp_alpha_0_25=1000
o,25,1,sddp_ecut_0_25_104_25,8.2928e+08,,rsv_vol_1_50_25_250=0,rsv_vol_6_50_25_250=-63.968,rsv_vol_21_50_25_250=0,rsv_vol_28_50_25_250=0,rsv_vol_37_50_25_250=4.78176,rsv_vol_63_50_25_250=11019,rsv_vol_65_50_25_250=0,rsv_vol_67_50_25_250=18631.8,sddp_alpha_0_24=1000
o,24,1,sddp_ecut_0_24_104_26,9.00769e+08,,rsv_vol_1_50_24_240=0,rsv_vol_6_50_24_240=-146.75,rsv_vol_21_50_24_240=0,rsv_vol_28_50_24_240=0,rsv_vol_37_50_24_240=3.85428,rsv_vol_63_50_24_240=10337,rsv_vol_65_50_24_240=0,rsv_vol_67_50_24_240=17158.7,sddp_alpha_0_23=1000
o,23,1,sddp_ecut_0_23_104_27,8.7139e+08,,rsv_vol_1_50_23_230=0,rsv_vol_6_50_23_230=-115.323,rsv_vol_21_50_23_230=0,rsv_vol_28_50_23_230=0,rsv_vol_37_50_23_230=1.29822,rsv_vol_63_50_23_230=8882.42,rsv_vol_65_50_23_230=0,rsv_vol_67_50_23_230=6594.82,sddp_alpha_0_22=1000
o,22,1,sddp_ecut_0_22_104_28,2.25306e+08,,rsv_vol_1_50_22_220=0,rsv_vol_6_50_22_220=0.3573,rsv_vol_21_50_22_220=0,rsv_vol_28_50_22_220=0,rsv_vol_37_50_22_220=0.483474,rsv_vol_63_50_22_220=7.80866,rsv_vol_65_50_22_220=-16.6852,rsv_vol_67_50_22_220=2751.78,sddp_alpha_0_21=1000
o,21,1,sddp_ecut_0_21_104_29,1.97243e+08,,rsv_vol_1_50_21_210=0,rsv_vol_6_50_21_210=0.327868,rsv_vol_21_50_21_210=0,rsv_vol_28_50_21_210=0,rsv_vol_37_50_21_210=0.353737,rsv_vol_63_50_21_210=7.20799,rsv_vol_65_50_21_210=-16.6852,rsv_vol_67_50_21_210=1323.9,sddp_alpha_0_20=1000
o,20,1,sddp_ecut_0_20_104_30,2.24944e+08,,rsv_vol_1_50_20_200=0,rsv_vol_6_50_20_200=0.396313,rsv_vol_21_50_20_200=0,rsv_vol_28_50_20_200=0,rsv_vol_37_50_20_200=0.345962,rsv_vol_63_50_20_200=6.00666,rsv_vol_65_50_20_200=-50.0555,rsv_vol_67_50_20_200=1140.36,sddp_alpha_0_19=1000
o,19,1,sddp_ecut_0_19_104_31,1.9615e+08,,rsv_vol_1_50_19_190=0,rsv_vol_6_50_19_190=0.358616,rsv_vol_21_50_19_190=0,rsv_vol_28_50_19_190=0,rsv_vol_37_50_19_190=0.248175,rsv_vol_63_50_19_190=7.20799,rsv_vol_65_50_19_190=-50.0555,rsv_vol_67_50_19_190=392.776,sddp_alpha_0_18=1000
o,18,1,sddp_ecut_0_18_104_32,2.4088e+08,,rsv_vol_1_50_18_180=0,rsv_vol_6_50_18_180=0.402678,rsv_vol_21_50_18_180=0,rsv_vol_28_50_18_180=0,rsv_vol_37_50_18_180=0.414202,rsv_vol_63_50_18_180=7.26547,rsv_vol_65_50_18_180=-50.4547,rsv_vol_67_50_18_180=2041.26,sddp_alpha_0_17=1000
o,17,1,sddp_ecut_0_17_104_33,2.42099e+08,,rsv_vol_1_50_17_170=0,rsv_vol_6_50_17_170=0.412814,rsv_vol_21_50_17_170=0,rsv_vol_28_50_17_170=0,rsv_vol_37_50_17_170=0.503725,rsv_vol_63_50_17_170=7.26547,rsv_vol_65_50_17_170=-33.6364,rsv_vol_67_50_17_170=1572.26,sddp_alpha_0_16=1000
o,16,1,sddp_ecut_0_16_104_34,2.42624e+08,,rsv_vol_1_50_16_160=0,rsv_vol_6_50_16_160=0.418494,rsv_vol_21_50_16_160=0,rsv_vol_28_50_16_160=0,rsv_vol_37_50_16_160=0.488897,rsv_vol_63_50_16_160=6.66001,rsv_vol_65_50_16_160=0,rsv_vol_67_50_16_160=3249.37,sddp_alpha_0_15=1000
o,15,1,sddp_ecut_0_15_104_35,2.12073e+08,,rsv_vol_1_50_15_150=0,rsv_vol_6_50_15_150=0.375323,rsv_vol_21_50_15_150=0,rsv_vol_28_50_15_150=0,rsv_vol_37_50_15_150=0.336979,rsv_vol_63_50_15_150=4.23819,rsv_vol_65_50_15_150=-16.8182,rsv_vol_67_50_15_150=772.609,sddp_alpha_0_14=1000
o,14,1,sddp_ecut_0_14_104_36,2.51893e+08,,rsv_vol_1_50_14_140=0,rsv_vol_6_50_14_140=0.486347,rsv_vol_21_50_14_140=0,rsv_vol_28_50_14_140=0,rsv_vol_37_50_14_140=0.585543,rsv_vol_63_50_14_140=4.88227,rsv_vol_65_50_14_140=-16.9523,rsv_vol_67_50_14_140=5388.82,sddp_alpha_0_13=1000
o,13,1,sddp_ecut_0_13_104_37,2.17886e+08,,rsv_vol_1_50_13_130=0,rsv_vol_6_50_13_130=0.381142,rsv_vol_21_50_13_130=0,rsv_vol_28_50_13_130=0,rsv_vol_37_50_13_130=0.384669,rsv_vol_63_50_13_130=3.05443,rsv_vol_65_50_13_130=-16.9523,rsv_vol_67_50_13_130=1364.34,sddp_alpha_0_12=1000
o,12,1,sddp_ecut_0_12_104_38,2.49692e+08,,rsv_vol_1_50_12_120=0,rsv_vol_6_50_12_120=0.463542,rsv_vol_21_50_12_120=0,rsv_vol_28_50_12_120=0,rsv_vol_37_50_12_120=0.569366,rsv_vol_63_50_12_120=3.66341,rsv_vol_65_50_12_120=-33.9046,rsv_vol_67_50_12_120=4862.43,sddp_alpha_0_11=1000
o,11,1,sddp_ecut_0_11_104_39,2.19629e+08,,rsv_vol_1_50_11_110=0,rsv_vol_6_50_11_110=0.422289,rsv_vol_21_50_11_110=0,rsv_vol_28_50_11_110=0,rsv_vol_37_50_11_110=0.549519,rsv_vol_63_50_11_110=1.22057,rsv_vol_65_50_11_110=0,rsv_vol_67_50_11_110=1867.99,sddp_alpha_0_10=1000
o,10,1,sddp_ecut_0_10_104_40,2.60918e+08,,rsv_vol_1_50_10_100=0,rsv_vol_6_50_10_100=0.460434,rsv_vol_21_50_10_100=0,rsv_vol_28_50_10_100=0,rsv_vol_37_50_10_100=0.520056,rsv_vol_63_50_10_100=1.2303,rsv_vol_65_50_10_100=-34.175,rsv_vol_67_50_10_100=2725.03,sddp_alpha_0_9=1000
o,9,1,sddp_ecut_0_9_104_41,2.6257e+08,,rsv_vol_1_50_9_90=0,rsv_vol_6_50_9_90=0.471838,rsv_vol_21_50_9_90=0,rsv_vol_28_50_9_90=0,rsv_vol_37_50_9_90=0.533764,rsv_vol_63_50_9_90=0,rsv_vol_65_50_9_90=-17.0875,rsv_vol_67_50_9_90=2030.46,sddp_alpha_0_8=1000
o,8,1,sddp_ecut_0_8_104_42,2.63448e+08,,rsv_vol_1_50_8_80=0,rsv_vol_6_50_8_80=0.479546,rsv_vol_21_50_8_80=0,rsv_vol_28_50_8_80=0,rsv_vol_37_50_8_80=0.774691,rsv_vol_63_50_8_80=0.00579216,rsv_vol_65_50_8_80=-17.0875,rsv_vol_67_50_8_80=4295.42,sddp_alpha_0_7=1000
o,7,1,sddp_ecut_0_7_104_43,2.31658e+08,,rsv_vol_1_50_7_70=0,rsv_vol_6_50_7_70=0.434487,rsv_vol_21_50_7_70=0,rsv_vol_28_50_7_70=0,rsv_vol_37_50_7_70=0.680909,rsv_vol_63_50_7_70=0.00517157,rsv_vol_65_50_7_70=-17.0875,rsv_vol_67_50_7_70=3123.81,sddp_alpha_0_6=1000
o,6,1,sddp_ecut_0_6_104_44,2.81814e+08,,rsv_vol_1_50_6_60=0,rsv_vol_6_50_6_60=0.528607,rsv_vol_21_50_6_60=0,rsv_vol_28_50_6_60=0,rsv_vol_37_50_6_60=0.936707,rsv_vol_63_50_6_60=0.00756529,rsv_vol_65_50_6_60=0,rsv_vol_67_50_6_60=5943.57,sddp_alpha_0_5=1000
o,5,1,sddp_ecut_0_5_104_45,2.81885e+08,,rsv_vol_1_50_5_50=0,rsv_vol_6_50_5_50=0.554327,rsv_vol_21_50_5_50=0,rsv_vol_28_50_5_50=0,rsv_vol_37_50_5_50=0.73746,rsv_vol_63_50_5_50=0.00649041,rsv_vol_65_50_5_50=0,rsv_vol_67_50_5_50=4823.92,sddp_alpha_0_4=1000
o,4,1,sddp_ecut_0_4_104_46,2.83267e+08,,rsv_vol_1_50_4_40=0,rsv_vol_6_50_4_40=0.554263,rsv_vol_21_50_4_40=0,rsv_vol_28_50_4_40=0,rsv_vol_37_50_4_40=0.812836,rsv_vol_63_50_4_40=0,rsv_vol_65_50_4_40=0,rsv_vol_67_50_4_40=2573.44,sddp_alpha_0_3=1000
o,3,1,sddp_ecut_0_3_104_47,2.50811e+08,,rsv_vol_1_50_3_30=0,rsv_vol_6_50_3_30=0.545396,rsv_vol_21_50_3_30=0,rsv_vol_28_50_3_30=0,rsv_vol_37_50_3_30=0.744395,rsv_vol_63_50_3_30=0,rsv_vol_65_50_3_30=-34.4475,rsv_vol_67_50_3_30=2830.48,sddp_alpha_0_2=1000
o,2,1,sddp_ecut_0_2_104_48,2.25338e+08,,rsv_vol_1_50_2_20=0,rsv_vol_6_50_2_20=0.707866,rsv_vol_21_50_2_20=0,rsv_vol_28_50_2_20=0,rsv_vol_37_50_2_20=0.488828,rsv_vol_63_50_2_20=0,rsv_vol_65_50_2_20=-69.4444,rsv_vol_67_50_2_20=6213.54,sddp_alpha_0_1=1000
o,1,1,sddp_ecut_0_1_104_49,2.65508e+08,,rsv_vol_1_50_1_10=0,rsv_vol_6_50_1_10=0.843154,rsv_vol_21_50_1_10=0,rsv_vol_28_50_1_10=0,rsv_vol_37_50_1_10=0.507562,rsv_vol_63_50_1_10=0,rsv_vol_65_50_1_10=-17.3611,rsv_vol_67_50_1_10=9920.79,sddp_alpha_0_0=1000
o,50,1,sddp_ecut_0_50_105_0,7.4197e+08,,rsv_vol_1_50_50_500=0,rsv_vol_6_50_50_500=1.94792,rsv_vol_21_50_50_500=0,rsv_vol_28_50_50_500=0,rsv_vol_37_50_50_500=2.90475,rsv_vol_63_50_50_500=9343.02,rsv_vol_65_50_50_500=35009.8,rsv_vol_67_50_50_500=15127.2,sddp_alpha_0_49=1000
o,49,1,sddp_ecut_0_49_105_1,5.94245e+08,,rsv_vol_1_50_49_490=0,rsv_vol_6_50_49_490=-12.3816,rsv_vol_21_50_49_490=0,rsv_vol_28_50_49_490=0,rsv_vol_37_50_49_490=1.87958,rsv_vol_63_50_49_490=8418.64,rsv_vol_65_50_49_490=0,rsv_vol_67_50_49_490=14416.9,sddp_alpha_0_48=1000
o,48,1,sddp_ecut_0_48_105_2,6.5112e+08,,rsv_vol_1_50_48_480=0,rsv_vol_6_50_48_480=-26.4146,rsv_vol_21_50_48_480=0,rsv_vol_28_50_48_480=0,rsv_vol_37_50_48_480=2.43005,rsv_vol_63_50_48_480=7621.99,rsv_vol_65_50_48_480=0,rsv_vol_67_50_48_480=13639.3,sddp_alpha_0_47=1000
o,47,1,sddp_ecut_0_47_105_3,6.4186e+08,,rsv_vol_1_50_47_470=0,rsv_vol_6_50_47_470=-95.2668,rsv_vol_21_50_47_470=0,rsv_vol_28_50_47_470=0,rsv_vol_37_50_47_470=1.45394,rsv_vol_63_50_47_470=7678.17,rsv_vol_65_50_47_470=0,rsv_vol_67_50_47_470=9022.1,sddp_alpha_0_46=1000
o,46,1,sddp_ecut_0_46_105_4,6.21959e+08,,rsv_vol_1_50_46_460=0,rsv_vol_6_50_46_460=-123.55,rsv_vol_21_50_46_460=0,rsv_vol_28_50_46_460=0,rsv_vol_37_50_46_460=1.76338,rsv_vol_63_50_46_460=7622.2,rsv_vol_65_50_46_460=0,rsv_vol_67_50_46_460=6941.93,sddp_alpha_0_45=1000
o,45,1,sddp_ecut_0_45_105_5,6.87401e+08,,rsv_vol_1_50_45_450=0,rsv_vol_6_50_45_450=0.839902,rsv_vol_21_50_45_450=0,rsv_vol_28_50_45_450=0,rsv_vol_37_50_45_450=2.51234,rsv_vol_63_50_45_450=7123.3,rsv_vol_65_50_45_450=0,rsv_vol_67_50_45_450=11127.6,sddp_alpha_0_44=1000
o,44,1,sddp_ecut_0_44_105_6,6.90026e+08,,rsv_vol_1_50_44_440=0,rsv_vol_6_50_44_440=1.09349,rsv_vol_21_50_44_440=0,rsv_vol_28_50_44_440=0,rsv_vol_37_50_44_440=2.27898,rsv_vol_63_50_44_440=7545.16,rsv_vol_65_50_44_440=-28.0204,rsv_vol_67_50_44_440=10508.2,sddp_alpha_0_43=1000
o,43,1,sddp_ecut_0_43_105_7,7.71882e+08,,rsv_vol_1_50_43_430=0,rsv_vol_6_50_43_430=1.45338,rsv_vol_21_50_43_430=0,rsv_vol_28_50_43_430=0,rsv_vol_37_50_43_430=2.45561,rsv_vol_63_50_43_430=6525.85,rsv_vol_65_50_43_430=-28.2438,rsv_vol_67_50_43_430=12635.8,sddp_alpha_0_42=1000
o,42,1,sddp_ecut_0_42_105_8,8.26884e+08,,rsv_vol_1_50_42_420=0,rsv_vol_6_50_42_420=2.01369,rsv_vol_21_50_42_420=0,rsv_vol_28_50_42_420=0,rsv_vol_37_50_42_420=3.00551,rsv_vol_63_50_42_420=8883.06,rsv_vol_65_50_42_420=-14.2345,rsv_vol_67_50_42_420=14733.5,sddp_alpha_0_41=1000
o,41,1,sddp_ecut_0_41_105_9,8.32332e+08,,rsv_vol_1_50_41_410=0,rsv_vol_6_50_41_410=1.89132,rsv_vol_21_50_41_410=0,rsv_vol_28_50_41_410=0,rsv_vol_37_50_41_410=2.95122,rsv_vol_63_50_41_410=6677.09,rsv_vol_65_50_41_410=4962.15,rsv_vol_67_50_41_410=11700.4,sddp_alpha_0_40=1000
o,40,1,sddp_ecut_0_40_105_10,8.47719e+08,,rsv_vol_1_50_40_400=0,rsv_vol_6_50_40_400=2.03587,rsv_vol_21_50_40_400=0,rsv_vol_28_50_40_400=0,rsv_vol_37_50_40_400=4.35808,rsv_vol_63_50_40_400=8532.25,rsv_vol_65_50_40_400=4695.37,rsv_vol_67_50_40_400=14517.1,sddp_alpha_0_39=1000
o,39,1,sddp_ecut_0_39_105_11,7.73673e+08,,rsv_vol_1_50_39_390=0,rsv_vol_6_50_39_390=1.80547,rsv_vol_21_50_39_390=0,rsv_vol_28_50_39_390=0,rsv_vol_37_50_39_390=3.81567,rsv_vol_63_50_39_390=8647.2,rsv_vol_65_50_39_390=4663.56,rsv_vol_67_50_39_390=15042.9,sddp_alpha_0_38=1000
o,38,1,sddp_ecut_0_38_105_12,7.79346e+08,,rsv_vol_1_50_38_380=0,rsv_vol_6_50_38_380=-12.7532,rsv_vol_21_50_38_380=0,rsv_vol_28_50_38_380=0,rsv_vol_37_50_38_380=2.83015,rsv_vol_63_50_38_380=9549.15,rsv_vol_65_50_38_380=12661.7,rsv_vol_67_50_38_380=-235.104,sddp_alpha_0_37=1000
o,37,1,sddp_ecut_0_37_105_13,6.45813e+08,,rsv_vol_1_50_37_370=0,rsv_vol_6_50_37_370=-13.6252,rsv_vol_21_50_37_370=0,rsv_vol_28_50_37_370=0,rsv_vol_37_50_37_370=2.23528,rsv_vol_63_50_37_370=9443.88,rsv_vol_65_50_37_370=0,rsv_vol_67_50_37_370=15930,sddp_alpha_0_36=1000
o,36,1,sddp_ecut_0_36_105_14,7.0939e+08,,rsv_vol_1_50_36_360=0,rsv_vol_6_50_36_360=-29.2047,rsv_vol_21_50_36_360=0,rsv_vol_28_50_36_360=0,rsv_vol_37_50_36_360=2.77566,rsv_vol_63_50_36_360=9090.91,rsv_vol_65_50_36_360=0,rsv_vol_67_50_36_360=15229.1,sddp_alpha_0_35=1000
o,35,1,sddp_ecut_0_35_105_15,7.38236e+08,,rsv_vol_1_50_35_350=0,rsv_vol_6_50_35_350=-105.102,rsv_vol_21_50_35_350=0,rsv_vol_28_50_35_350=0,rsv_vol_37_50_35_350=0.693072,rsv_vol_63_50_35_350=8573.34,rsv_vol_65_50_35_350=0,rsv_vol_67_50_35_350=3253.05,sddp_alpha_0_34=1000
o,34,1,sddp_ecut_0_34_105_16,7.15841e+08,,rsv_vol_1_50_34_340=0,rsv_vol_6_50_34_340=-29.8209,rsv_vol_21_50_34_340=0,rsv_vol_28_50_34_340=0,rsv_vol_37_50_34_340=1.1029,rsv_vol_63_50_34_340=9189.82,rsv_vol_65_50_34_340=0,rsv_vol_67_50_34_340=1639.13,sddp_alpha_0_33=1000
o,33,1,sddp_ecut_0_33_105_17,7.85711e+08,,rsv_vol_1_50_33_330=0,rsv_vol_6_50_33_330=1.41522,rsv_vol_21_50_33_330=0,rsv_vol_28_50_33_330=0,rsv_vol_37_50_33_330=2.15555,rsv_vol_63_50_33_330=7432.22,rsv_vol_65_50_33_330=0,rsv_vol_67_50_33_330=7990.96,sddp_alpha_0_32=1000
o,32,1,sddp_ecut_0_32_105_18,7.86227e+08,,rsv_vol_1_50_32_320=0,rsv_vol_6_50_32_320=1.50884,rsv_vol_21_50_32_320=0,rsv_vol_28_50_32_320=0,rsv_vol_37_50_32_320=1.93903,rsv_vol_63_50_32_320=4402.97,rsv_vol_65_50_32_320=0,rsv_vol_67_50_32_320=8573.67,sddp_alpha_0_31=1000
o,31,1,sddp_ecut_0_31_105_19,8.80882e+08,,rsv_vol_1_50_31_310=0,rsv_vol_6_50_31_310=1.86777,rsv_vol_21_50_31_310=0,rsv_vol_28_50_31_310=0,rsv_vol_37_50_31_310=2.48662,rsv_vol_63_50_31_310=1807.29,rsv_vol_65_50_31_310=-15.5341,rsv_vol_67_50_31_310=12724.6,sddp_alpha_0_30=1000
o,30,1,sddp_ecut_0_30_105_20,9.50338e+08,,rsv_vol_1_50_30_300=0,rsv_vol_6_50_30_300=2.42933,rsv_vol_21_50_30_300=0,rsv_vol_28_50_30_300=0,rsv_vol_37_50_30_300=3.57529,rsv_vol_63_50_30_300=8717.49,rsv_vol_65_50_30_300=-31.3159,rsv_vol_67_50_30_300=16476.2,sddp_alpha_0_29=1000
o,29,1,sddp_ecut_0_29_105_21,9.75418e+08,,rsv_vol_1_50_29_290=0,rsv_vol_6_50_29_290=3.07721,rsv_vol_21_50_29_290=0,rsv_vol_28_50_29_290=0,rsv_vol_37_50_29_290=2.22383,rsv_vol_63_50_29_290=8648.77,rsv_vol_65_50_29_290=15585.7,rsv_vol_67_50_29_290=3619.72,sddp_alpha_0_28=1000
o,28,1,sddp_ecut_0_28_105_22,1.03339e+09,,rsv_vol_1_50_28_280=0,rsv_vol_6_50_28_280=3.41761,rsv_vol_21_50_28_280=0,rsv_vol_28_50_28_280=0,rsv_vol_37_50_28_280=6.63199,rsv_vol_63_50_28_280=10199,rsv_vol_65_50_28_280=23688.4,rsv_vol_67_50_28_280=1852.15,sddp_alpha_0_27=1000
o,27,1,sddp_ecut_0_27_105_23,9.23448e+08,,rsv_vol_1_50_27_270=0,rsv_vol_6_50_27_270=-30.9372,rsv_vol_21_50_27_270=0,rsv_vol_28_50_27_270=0,rsv_vol_37_50_27_270=1.23183,rsv_vol_63_50_27_270=9289.17,rsv_vol_65_50_27_270=4392.88,rsv_vol_67_50_27_270=-256.569,sddp_alpha_0_26=1000
o,26,1,sddp_ecut_0_26_105_24,9.38607e+08,,rsv_vol_1_50_26_260=0,rsv_vol_6_50_26_260=-47.1974,rsv_vol_21_50_26_260=0,rsv_vol_28_50_26_260=0,rsv_vol_37_50_26_260=5.18722,rsv_vol_63_50_26_260=10361.7,rsv_vol_65_50_26_260=0,rsv_vol_67_50_26_260=17207.8,sddp_alpha_0_25=1000
o,25,1,sddp_ecut_0_25_105_25,8.2928e+08,,rsv_vol_1_50_25_250=0,rsv_vol_6_50_25_250=-63.968,rsv_vol_21_50_25_250=0,rsv_vol_28_50_25_250=0,rsv_vol_37_50_25_250=4.78176,rsv_vol_63_50_25_250=11019,rsv_vol_65_50_25_250=0,rsv_vol_67_50_25_250=18631.8,sddp_alpha_0_24=1000
o,24,1,sddp_ecut_0_24_105_26,9.00769e+08,,rsv_vol_1_50_24_240=0,rsv_vol_6_50_24_240=-146.75,rsv_vol_21_50_24_240=0,rsv_vol_28_50_24_240=0,rsv_vol_37_50_24_240=3.85428,rsv_vol_63_50_24_240=10337,rsv_vol_65_50_24_240=0,rsv_vol_67_50_24_240=17158.7,sddp_alpha_0_23=1000
o,23,1,sddp_ecut_0_23_105_27,8.7139e+08,,rsv_vol_1_50_23_230=0,rsv_vol_6_50_23_230=-115.323,rsv_vol_21_50_23_230=0,rsv_vol_28_50_23_230=0,rsv_vol_37_50_23_230=1.29822,rsv_vol_63_50_23_230=8882.42,rsv_vol_65_50_23_230=0,rsv_vol_67_50_23_230=6594.82,sddp_alpha_0_22=1000
o,22,1,sddp_ecut_0_22_105_28,2.25306e+08,,rsv_vol_1_50_22_220=0,rsv_vol_6_50_22_220=0.3573,rsv_vol_21_50_22_220=0,rsv_vol_28_50_22_220=0,rsv_vol_37_50_22_220=0.483474,rsv_vol_63_50_22_220=7.80866,rsv_vol_65_50_22_220=-16.6852,rsv_vol_67_50_22_220=2751.78,sddp_alpha_0_21=1000
o,21,1,sddp_ecut_0_21_105_29,1.97243e+08,,rsv_vol_1_50_21_210=0,rsv_vol_6_50_21_210=0.327868,rsv_vol_21_50_21_210=0,rsv_vol_28_50_21_210=0,rsv_vol_37_50_21_210=0.353737,rsv_vol_63_50_21_210=7.20799,rsv_vol_65_50_21_210=-16.6852,rsv_vol_67_50_21_210=1323.9,sddp_alpha_0_20=1000
o,20,1,sddp_ecut_0_20_105_30,2.24944e+08,,rsv_vol_1_50_20_200=0,rsv_vol_6_50_20_200=0.396313,rsv_vol_21_50_20_200=0,rsv_vol_28_50_20_200=0,rsv_vol_37_50_20_200=0.345962,rsv_vol_63_50_20_200=6.00666,rsv_vol_65_50_20_200=-50.0555,rsv_vol_67_50_20_200=1140.36,sddp_alpha_0_19=1000
o,19,1,sddp_ecut_0_19_105_31,1.9615e+08,,rsv_vol_1_50_19_190=0,rsv_vol_6_50_19_190=0.358616,rsv_vol_21_50_19_190=0,rsv_vol_28_50_19_190=0,rsv_vol_37_50_19_190=0.248175,rsv_vol_63_50_19_190=7.20799,rsv_vol_65_50_19_190=-50.0555,rsv_vol_67_50_19_190=392.776,sddp_alpha_0_18=1000
o,18,1,sddp_ecut_0_18_105_32,2.4088e+08,,rsv_vol_1_50_18_180=0,rsv_vol_6_50_18_180=0.402678,rsv_vol_21_50_18_180=0,rsv_vol_28_50_18_180=0,rsv_vol_37_50_18_180=0.414202,rsv_vol_63_50_18_180=7.26547,rsv_vol_65_50_18_180=-50.4547,rsv_vol_67_50_18_180=2041.26,sddp_alpha_0_17=1000
o,17,1,sddp_ecut_0_17_105_33,2.42099e+08,,rsv_vol_1_50_17_170=0,rsv_vol_6_50_17_170=0.412814,rsv_vol_21_50_17_170=0,rsv_vol_28_50_17_170=0,rsv_vol_37_50_17_170=0.503725,rsv_vol_63_50_17_170=7.26547,rsv_vol_65_50_17_170=-33.6364,rsv_vol_67_50_17_170=1572.26,sddp_alpha_0_16=1000
o,16,1,sddp_ecut_0_16_105_34,2.42624e+08,,rsv_vol_1_50_16_160=0,rsv_vol_6_50_16_160=0.418494,rsv_vol_21_50_16_160=0,rsv_vol_28_50_16_160=0,rsv_vol_37_50_16_160=0.488897,rsv_vol_63_50_16_160=6.66001,rsv_vol_65_50_16_160=0,rsv_vol_67_50_16_160=3249.37,sddp_alpha_0_15=1000
o,15,1,sddp_ecut_0_15_105_35,2.12073e+08,,rsv_vol_1_50_15_150=0,rsv_vol_6_50_15_150=0.375323,rsv_vol_21_50_15_150=0,rsv_vol_28_50_15_150=0,rsv_vol_37_50_15_150=0.336979,rsv_vol_63_50_15_150=4.23819,rsv_vol_65_50_15_150=-16.8182,rsv_vol_67_50_15_150=772.609,sddp_alpha_0_14=1000
o,14,1,sddp_ecut_0_14_105_36,2.51893e+08,,rsv_vol_1_50_14_140=0,rsv_vol_6_50_14_140=0.486347,rsv_vol_21_50_14_140=0,rsv_vol_28_50_14_140=0,rsv_vol_37_50_14_140=0.585543,rsv_vol_63_50_14_140=4.88227,rsv_vol_65_50_14_140=-16.9523,rsv_vol_67_50_14_140=5388.82,sddp_alpha_0_13=1000
o,13,1,sddp_ecut_0_13_105_37,2.17886e+08,,rsv_vol_1_50_13_130=0,rsv_vol_6_50_13_130=0.381142,rsv_vol_21_50_13_130=0,rsv_vol_28_50_13_130=0,rsv_vol_37_50_13_130=0.384669,rsv_vol_63_50_13_130=3.05443,rsv_vol_65_50_13_130=-16.9523,rsv_vol_67_50_13_130=1364.34,sddp_alpha_0_12=1000
o,12,1,sddp_ecut_0_12_105_38,2.49692e+08,,rsv_vol_1_50_12_120=0,rsv_vol_6_50_12_120=0.463542,rsv_vol_21_50_12_120=0,rsv_vol_28_50_12_120=0,rsv_vol_37_50_12_120=0.569366,rsv_vol_63_50_12_120=3.66341,rsv_vol_65_50_12_120=-33.9046,rsv_vol_67_50_12_120=4862.43,sddp_alpha_0_11=1000
o,11,1,sddp_ecut_0_11_105_39,2.19629e+08,,rsv_vol_1_50_11_110=0,rsv_vol_6_50_11_110=0.422289,rsv_vol_21_50_11_110=0,rsv_vol_28_50_11_110=0,rsv_vol_37_50_11_110=0.549519,rsv_vol_63_50_11_110=1.22057,rsv_vol_65_50_11_110=0,rsv_vol_67_50_11_110=1867.99,sddp_alpha_0_10=1000
o,10,1,sddp_ecut_0_10_105_40,2.60918e+08,,rsv_vol_1_50_10_100=0,rsv_vol_6_50_10_100=0.460434,rsv_vol_21_50_10_100=0,rsv_vol_28_50_10_100=0,rsv_vol_37_50_10_100=0.520056,rsv_vol_63_50_10_100=1.2303,rsv_vol_65_50_10_100=-34.175,rsv_vol_67_50_10_100=2725.03,sddp_alpha_0_9=1000
o,9,1,sddp_ecut_0_9_105_41,2.6257e+08,,rsv_vol_1_50_9_90=0,rsv_vol_6_50_9_90=0.471838,rsv_vol_21_50_9_90=0,rsv_vol_28_50_9_90=0,rsv_vol_37_50_9_90=0.533764,rsv_vol_63_50_9_90=0,rsv_vol_65_50_9_90=-17.0875,rsv_vol_67_50_9_90=2030.46,sddp_alpha_0_8=1000
o,8,1,sddp_ecut_0_8_105_42,2.63448e+08,,rsv_vol_1_50_8_80=0,rsv_vol_6_50_8_80=0.479546,rsv_vol_21_50_8_80=0,rsv_vol_28_50_8_80=0,rsv_vol_37_50_8_80=0.774691,rsv_vol_63_50_8_80=0.00579216,rsv_vol_65_50_8_80=-17.0875,rsv_vol_67_50_8_80=4295.42,sddp_alpha_0_7=1000
o,7,1,sddp_ecut_0_7_105_43,2.31658e+08,,rsv_vol_1_50_7_70=0,rsv_vol_6_50_7_70=0.434487,rsv_vol_21_50_7_70=0,rsv_vol_28_50_7_70=0,rsv_vol_37_50_7_70=0.680909,rsv_vol_63_50_7_70=0.00517157,rsv_vol_65_50_7_70=-17.0875,rsv_vol_67_50_7_70=3123.81,sddp_alpha_0_6=1000
o,6,1,sddp_ecut_0_6_105_44,2.81814e+08,,rsv_vol_1_50_6_60=0,rsv_vol_6_50_6_60=0.528607,rsv_vol_21_50_6_60=0,rsv_vol_28_50_6_60=0,rsv_vol_37_50_6_60=0.936707,rsv_vol_63_50_6_60=0.00756529,rsv_vol_65_50_6_60=0,rsv_vol_67_50_6_60=5943.57,sddp_alpha_0_5=1000
o,5,1,sddp_ecut_0_5_105_45,2.81885e+08,,rsv_vol_1_50_5_50=0,rsv_vol_6_50_5_50=0.554327,rsv_vol_21_50_5_50=0,rsv_vol_28_50_5_50=0,rsv_vol_37_50_5_50=0.73746,rsv_vol_63_50_5_50=0.00649041,rsv_vol_65_50_5_50=0,rsv_vol_67_50_5_50=4823.92,sddp_alpha_0_4=1000
o,4,1,sddp_ecut_0_4_105_46,2.83267e+08,,rsv_vol_1_50_4_40=0,rsv_vol_6_50_4_40=0.554263,rsv_vol_21_50_4_40=0,rsv_vol_28_50_4_40=0,rsv_vol_37_50_4_40=0.812836,rsv_vol_63_50_4_40=0,rsv_vol_65_50_4_40=0,rsv_vol_67_50_4_40=2573.44,sddp_alpha_0_3=1000
o,3,1,sddp_ecut_0_3_105_47,2.50811e+08,,rsv_vol_1_50_3_30=0,rsv_vol_6_50_3_30=0.545396,rsv_vol_21_50_3_30=0,rsv_vol_28_50_3_30=0,rsv_vol_37_50_3_30=0.744395,rsv_vol_63_50_3_30=0,rsv_vol_65_50_3_30=-34.4475,rsv_vol_67_50_3_30=2830.48,sddp_alpha_0_2=1000
o,2,1,sddp_ecut_0_2_105_48,2.25338e+08,,rsv_vol_1_50_2_20=0,rsv_vol_6_50_2_20=0.707866,rsv_vol_21_50_2_20=0,rsv_vol_28_50_2_20=0,rsv_vol_37_50_2_20=0.488828,rsv_vol_63_50_2_20=0,rsv_vol_65_50_2_20=-69.4444,rsv_vol_67_50_2_20=6213.54,sddp_alpha_0_1=1000
o,1,1,sddp_ecut_0_1_105_49,2.65508e+08,,rsv_vol_1_50_1_10=0,rsv_vol_6_50_1_10=0.843154,rsv_vol_21_50_1_10=0,rsv_vol_28_50_1_10=0,rsv_vol_37_50_1_10=0.507562,rsv_vol_63_50_1_10=0,rsv_vol_65_50_1_10=-17.3611,rsv_vol_67_50_1_10=9920.79,sddp_alpha_0_0=1000
o,50,1,sddp_ecut_0_50_106_0,7.4197e+08,,rsv_vol_1_50_50_500=0,rsv_vol_6_50_50_500=1.94792,rsv_vol_21_50_50_500=0,rsv_vol_28_50_50_500=0,rsv_vol_37_50_50_500=2.90475,rsv_vol_63_50_50_500=9343.02,rsv_vol_65_50_50_500=35009.8,rsv_vol_67_50_50_500=15127.2,sddp_alpha_0_49=1000
o,49,1,sddp_ecut_0_49_106_1,5.94245e+08,,rsv_vol_1_50_49_490=0,rsv_vol_6_50_49_490=-12.3816,rsv_vol_21_50_49_490=0,rsv_vol_28_50_49_490=0,rsv_vol_37_50_49_490=1.87958,rsv_vol_63_50_49_490=8418.64,rsv_vol_65_50_49_490=0,rsv_vol_67_50_49_490=14416.9,sddp_alpha_0_48=1000
o,48,1,sddp_ecut_0_48_106_2,6.5112e+08,,rsv_vol_1_50_48_480=0,rsv_vol_6_50_48_480=-26.4146,rsv_vol_21_50_48_480=0,rsv_vol_28_50_48_480=0,rsv_vol_37_50_48_480=2.43005,rsv_vol_63_50_48_480=7621.99,rsv_vol_65_50_48_480=0,rsv_vol_67_50_48_480=13639.3,sddp_alpha_0_47=1000
o,47,1,sddp_ecut_0_47_106_3,6.4186e+08,,rsv_vol_1_50_47_470=0,rsv_vol_6_50_47_470=-95.2668,rsv_vol_21_50_47_470=0,rsv_vol_28_50_47_470=0,rsv_vol_37_50_47_470=1.45394,rsv_vol_63_50_47_470=7678.17,rsv_vol_65_50_47_470=0,rsv_vol_67_50_47_470=9022.1,sddp_alpha_0_46=1000
o,46,1,sddp_ecut_0_46_106_4,6.21959e+08,,rsv_vol_1_50_46_460=0,rsv_vol_6_50_46_460=-123.55,rsv_vol_21_50_46_460=0,rsv_vol_28_50_46_460=0,rsv_vol_37_50_46_460=1.76338,rsv_vol_63_50_46_460=7622.2,rsv_vol_65_50_46_460=0,rsv_vol_67_50_46_460=6941.93,sddp_alpha_0_45=1000
o,45,1,sddp_ecut_0_45_106_5,6.87401e+08,,rsv_vol_1_50_45_450=0,rsv_vol_6_50_45_450=0.839902,rsv_vol_21_50_45_450=0,rsv_vol_28_50_45_450=0,rsv_vol_37_50_45_450=2.51234,rsv_vol_63_50_45_450=7123.3,rsv_vol_65_50_45_450=0,rsv_vol_67_50_45_450=11127.6,sddp_alpha_0_44=1000
o,44,1,sddp_ecut_0_44_106_6,6.90026e+08,,rsv_vol_1_50_44_440=0,rsv_vol_6_50_44_440=1.09349,rsv_vol_21_50_44_440=0,rsv_vol_28_50_44_440=0,rsv_vol_37_50_44_440=2.27898,rsv_vol_63_50_44_440=7545.16,rsv_vol_65_50_44_440=-28.0204,rsv_vol_67_50_44_440=10508.2,sddp_alpha_0_43=1000
o,43,1,sddp_ecut_0_43_106_7,7.71882e+08,,rsv_vol_1_50_43_430=0,rsv_vol_6_50_43_430=1.45338,rsv_vol_21_50_43_430=0,rsv_vol_28_50_43_430=0,rsv_vol_37_50_43_430=2.45561,rsv_vol_63_50_43_430=6525.85,rsv_vol_65_50_43_430=-28.2438,rsv_vol_67_50_43_430=12635.8,sddp_alpha_0_42=1000
o,42,1,sddp_ecut_0_42_106_8,8.26884e+08,,rsv_vol_1_50_42_420=0,rsv_vol_6_50_42_420=2.01369,rsv_vol_21_50_42_420=0,rsv_vol_28_50_42_420=0,rsv_vol_37_50_42_420=3.00551,rsv_vol_63_50_42_420=8883.06,rsv_vol_65_50_42_420=-14.2345,rsv_vol_67_50_42_420=14733.5,sddp_alpha_0_41=1000
o,41,1,sddp_ecut_0_41_106_9,8.32332e+08,,rsv_vol_1_50_41_410=0,rsv_vol_6_50_41_410=1.89132,rsv_vol_21_50_41_410=0,rsv_vol_28_50_41_410=0,rsv_vol_37_50_41_410=2.95122,rsv_vol_63_50_41_410=6677.09,rsv_vol_65_50_41_410=4962.15,rsv_vol_67_50_41_410=11700.4,sddp_alpha_0_40=1000
o,40,1,sddp_ecut_0_40_106_10,8.47719e+08,,rsv_vol_1_50_40_400=0,rsv_vol_6_50_40_400=2.03587,rsv_vol_21_50_40_400=0,rsv_vol_28_50_40_400=0,rsv_vol_37_50_40_400=4.35808,rsv_vol_63_50_40_400=8532.25,rsv_vol_65_50_40_400=4695.37,rsv_vol_67_50_40_400=14517.1,sddp_alpha_0_39=1000
o,39,1,sddp_ecut_0_39_106_11,7.73673e+08,,rsv_vol_1_50_39_390=0,rsv_vol_6_50_39_390=1.80547,rsv_vol_21_50_39_390=0,rsv_vol_28_50_39_390=0,rsv_vol_37_50_39_390=3.81567,rsv_vol_63_50_39_390=8647.2,rsv_vol_65_50_39_390=4663.56,rsv_vol_67_50_39_390=15042.9,sddp_alpha_0_38=1000
o,38,1,sddp_ecut_0_38_106_12,7.79346e+08,,rsv_vol_1_50_38_380=0,rsv_vol_6_50_38_380=-12.7532,rsv_vol_21_50_38_380=0,rsv_vol_28_50_38_380=0,rsv_vol_37_50_38_380=2.83015,rsv_vol_63_50_38_380=9549.15,rsv_vol_65_50_38_380=12661.7,rsv_vol_67_50_38_380=-235.104,sddp_alpha_0_37=1000
o,37,1,sddp_ecut_0_37_106_13,6.45813e+08,,rsv_vol_1_50_37_370=0,rsv_vol_6_50_37_370=-13.6252,rsv_vol_21_50_37_370=0,rsv_vol_28_50_37_370=0,rsv_vol_37_50_37_370=2.23528,rsv_vol_63_50_37_370=9443.88,rsv_vol_65_50_37_370=0,rsv_vol_67_50_37_370=15930,sddp_alpha_0_36=1000
o,36,1,sddp_ecut_0_36_106_14,7.0939e+08,,rsv_vol_1_50_36_360=0,rsv_vol_6_50_36_360=-29.2047,rsv_vol_21_50_36_360=0,rsv_vol_28_50_36_360=0,rsv_vol_37_50_36_360=2.77566,rsv_vol_63_50_36_360=9090.91,rsv_vol_65_50_36_360=0,rsv_vol_67_50_36_360=15229.1,sddp_alpha_0_35=1000
o,35,1,sddp_ecut_0_35_106_15,7.38236e+08,,rsv_vol_1_50_35_350=0,rsv_vol_6_50_35_350=-105.102,rsv_vol_21_50_35_350=0,rsv_vol_28_50_35_350=0,rsv_vol_37_50_35_350=0.693072,rsv_vol_63_50_35_350=8573.34,rsv_vol_65_50_35_350=0,rsv_vol_67_50_35_350=3253.05,sddp_alpha_0_34=1000
o,34,1,sddp_ecut_0_34_106_16,7.15841e+08,,rsv_vol_1_50_34_340=0,rsv_vol_6_50_34_340=-29.8209,rsv_vol_21_50_34_340=0,rsv_vol_28_50_34_340=0,rsv_vol_37_50_34_340=1.1029,rsv_vol_63_50_34_340=9189.82,rsv_vol_65_50_34_340=0,rsv_vol_67_50_34_340=1639.13,sddp_alpha_0_33=1000
o,33,1,sddp_ecut_0_33_106_17,7.85711e+08,,rsv_vol_1_50_33_330=0,rsv_vol_6_50_33_330=1.41522,rsv_vol_21_50_33_330=0,rsv_vol_28_50_33_330=0,rsv_vol_37_50_33_330=2.15555,rsv_vol_63_50_33_330=7432.22,rsv_vol_65_50_33_330=0,rsv_vol_67_50_33_330=7990.96,sddp_alpha_0_32=1000
o,32,1,sddp_ecut_0_32_106_18,7.86227e+08,,rsv_vol_1_50_32_320=0,rsv_vol_6_50_32_320=1.50884,rsv_vol_21_50_32_320=0,rsv_vol_28_50_32_320=0,rsv_vol_37_50_32_320=1.93903,rsv_vol_63_50_32_320=4402.97,rsv_vol_65_50_32_320=0,rsv_vol_67_50_32_320=8573.67,sddp_alpha_0_31=1000
o,31,1,sddp_ecut_0_31_106_19,8.80882e+08,,rsv_vol_1_50_31_310=0,rsv_vol_6_50_31_310=1.86777,rsv_vol_21_50_31_310=0,rsv_vol_28_50_31_310=0,rsv_vol_37_50_31_310=2.48662,rsv_vol_63_50_31_310=1807.29,rsv_vol_65_50_31_310=-15.5341,rsv_vol_67_50_31_310=12724.6,sddp_alpha_0_30=1000
o,30,1,sddp_ecut_0_30_106_20,9.50338e+08,,rsv_vol_1_50_30_300=0,rsv_vol_6_50_30_300=2.42933,rsv_vol_21_50_30_300=0,rsv_vol_28_50_30_300=0,rsv_vol_37_50_30_300=3.57529,rsv_vol_63_50_30_300=8717.49,rsv_vol_65_50_30_300=-31.3159,rsv_vol_67_50_30_300=16476.2,sddp_alpha_0_29=1000
o,29,1,sddp_ecut_0_29_106_21,9.75418e+08,,rsv_vol_1_50_29_290=0,rsv_vol_6_50_29_290=3.07721,rsv_vol_21_50_29_290=0,rsv_vol_28_50_29_290=0,rsv_vol_37_50_29_290=2.22383,rsv_vol_63_50_29_290=8648.77,rsv_vol_65_50_29_290=15585.7,rsv_vol_67_50_29_290=3619.72,sddp_alpha_0_28=1000
o,28,1,sddp_ecut_0_28_106_22,1.03339e+09,,rsv_vol_1_50_28_280=0,rsv_vol_6_50_28_280=3.41761,rsv_vol_21_50_28_280=0,rsv_vol_28_50_28_280=0,rsv_vol_37_50_28_280=6.63199,rsv_vol_63_50_28_280=10199,rsv_vol_65_50_28_280=23688.4,rsv_vol_67_50_28_280=1852.15,sddp_alpha_0_27=1000
o,27,1,sddp_ecut_0_27_106_23,9.23448e+08,,rsv_vol_1_50_27_270=0,rsv_vol_6_50_27_270=-30.9372,rsv_vol_21_50_27_270=0,rsv_vol_28_50_27_270=0,rsv_vol_37_50_27_270=1.23183,rsv_vol_63_50_27_270=9289.17,rsv_vol_65_50_27_270=4392.88,rsv_vol_67_50_27_270=-256.569,sddp_alpha_0_26=1000
o,26,1,sddp_ecut_0_26_106_24,9.38607e+08,,rsv_vol_1_50_26_260=0,rsv_vol_6_50_26_260=-47.1974,rsv_vol_21_50_26_260=0,rsv_vol_28_50_26_260=0,rsv_vol_37_50_26_260=5.18722,rsv_vol_63_50_26_260=10361.7,rsv_vol_65_50_26_260=0,rsv_vol_67_50_26_260=17207.8,sddp_alpha_0_25=1000
o,25,1,sddp_ecut_0_25_106_25,8.2928e+08,,rsv_vol_1_50_25_250=0,rsv_vol_6_50_25_250=-63.968,rsv_vol_21_50_25_250=0,rsv_vol_28_50_25_250=0,rsv_vol_37_50_25_250=4.78176,rsv_vol_63_50_25_250=11019,rsv_vol_65_50_25_250=0,rsv_vol_67_50_25_250=18631.8,sddp_alpha_0_24=1000
o,24,1,sddp_ecut_0_24_106_26,9.00769e+08,,rsv_vol_1_50_24_240=0,rsv_vol_6_50_24_240=-146.75,rsv_vol_21_50_24_240=0,rsv_vol_28_50_24_240=0,rsv_vol_37_50_24_240=3.85428,rsv_vol_63_50_24_240=10337,rsv_vol_65_50_24_240=0,rsv_vol_67_50_24_240=17158.7,sddp_alpha_0_23=1000
o,23,1,sddp_ecut_0_23_106_27,8.7139e+08,,rsv_vol_1_50_23_230=0,rsv_vol_6_50_23_230=-115.323,rsv_vol_21_50_23_230=0,rsv_vol_28_50_23_230=0,rsv_vol_37_50_23_230=1.29822,rsv_vol_63_50_23_230=8882.42,rsv_vol_65_50_23_230=0,rsv_vol_67_50_23_230=6594.82,sddp_alpha_0_22=1000
o,22,1,sddp_ecut_0_22_106_28,2.25306e+08,,rsv_vol_1_50_22_220=0,rsv_vol_6_50_22_220=0.3573,rsv_vol_21_50_22_220=0,rsv_vol_28_50_22_220=0,rsv_vol_37_50_22_220=0.483474,rsv_vol_63_50_22_220=7.80866,rsv_vol_65_50_22_220=-16.6852,rsv_vol_67_50_22_220=2751.78,sddp_alpha_0_21=1000
o,21,1,sddp_ecut_0_21_106_29,1.97243e+08,,rsv_vol_1_50_21_210=0,rsv_vol_6_50_21_210=0.327868,rsv_vol_21_50_21_210=0,rsv_vol_28_50_21_210=0,rsv_vol_37_50_21_210=0.353737,rsv_vol_63_50_21_210=7.20799,rsv_vol_65_50_21_210=-16.6852,rsv_vol_67_50_21_210=1323.9,sddp_alpha_0_20=1000
o,20,1,sddp_ecut_0_20_106_30,2.24944e+08,,rsv_vol_1_50_20_200=0,rsv_vol_6_50_20_200=0.396313,rsv_vol_21_50_20_200=0,rsv_vol_28_50_20_200=0,rsv_vol_37_50_20_200=0.345962,rsv_vol_63_50_20_200=6.00666,rsv_vol_65_50_20_200=-50.0555,rsv_vol_67_50_20_200=1140.36,sddp_alpha_0_19=1000
o,19,1,sddp_ecut_0_19_106_31,1.9615e+08,,rsv_vol_1_50_19_190=0,rsv_vol_6_50_19_190=0.358616,rsv_vol_21_50_19_190=0,rsv_vol_28_50_19_190=0,rsv_vol_37_50_19_190=0.248175,rsv_vol_63_50_19_190=7.20799,rsv_vol_65_50_19_190=-50.0555,rsv_vol_67_50_19_190=392.776,sddp_alpha_0_18=1000
o,18,1,sddp_ecut_0_18_106_32,2.4088e+08,,rsv_vol_1_50_18_180=0,rsv_vol_6_50_18_180=0.402678,rsv_vol_21_50_18_180=0,rsv_vol_28_50_18_180=0,rsv_vol_37_50_18_180=0.414202,rsv_vol_63_50_18_180=7.26547,rsv_vol_65_50_18_180=-50.4547,rsv_vol_67_50_18_180=2041.26,sddp_alpha_0_17=1000
o,17,1,sddp_ecut_0_17_106_33,2.42099e+08,,rsv_vol_1_50_17_170=0,rsv_vol_6_50_17_170=0.412814,rsv_vol_21_50_17_170=0,rsv_vol_28_50_17_170=0,rsv_vol_37_50_17_170=0.503725,rsv_vol_63_50_17_170=7.26547,rsv_vol_65_50_17_170=-33.6364,rsv_vol_67_50_17_170=1572.26,sddp_alpha_0_16=1000
o,16,1,sddp_ecut_0_16_106_34,2.42624e+08,,rsv_vol_1_50_16_160=0,rsv_vol_6_50_16_160=0.418494,rsv_vol_21_50_16_160=0,rsv_vol_28_50_16_160=0,rsv_vol_37_50_16_160=0.488897,rsv_vol_63_50_16_160=6.66001,rsv_vol_65_50_16_160=0,rsv_vol_67_50_16_160=3249.37,sddp_alpha_0_15=1000
o,15,1,sddp_ecut_0_15_106_35,2.12073e+08,,rsv_vol_1_50_15_150=0,rsv_vol_6_50_15_150=0.375323,rsv_vol_21_50_15_150=0,rsv_vol_28_50_15_150=0,rsv_vol_37_50_15_150=0.336979,rsv_vol_63_50_15_150=4.23819,rsv_vol_65_50_15_150=-16.8182,rsv_vol_67_50_15_150=772.609,sddp_alpha_0_14=1000
o,14,1,sddp_ecut_0_14_106_36,2.51893e+08,,rsv_vol_1_50_14_140=0,rsv_vol_6_50_14_140=0.486347,rsv_vol_21_50_14_140=0,rsv_vol_28_50_14_140=0,rsv_vol_37_50_14_140=0.585543,rsv_vol_63_50_14_140=4.88227,rsv_vol_65_50_14_140=-16.9523,rsv_vol_67_50_14_140=5388.82,sddp_alpha_0_13=1000
o,13,1,sddp_ecut_0_13_106_37,2.17886e+08,,rsv_vol_1_50_13_130=0,rsv_vol_6_50_13_130=0.381142,rsv_vol_21_50_13_130=0,rsv_vol_28_50_13_130=0,rsv_vol_37_50_13_130=0.384669,rsv_vol_63_50_13_130=3.05443,rsv_vol_65_50_13_130=-16.9523,rsv_vol_67_50_13_130=1364.34,sddp_alpha_0_12=1000
o,12,1,sddp_ecut_0_12_106_38,2.49692e+08,,rsv_vol_1_50_12_120=0,rsv_vol_6_50_12_120=0.463542,rsv_vol_21_50_12_120=0,rsv_vol_28_50_12_120=0,rsv_vol_37_50_12_120=0.569366,rsv_vol_63_50_12_120=3.66341,rsv_vol_65_50_12_120=-33.9046,rsv_vol_67_50_12_120=4862.43,sddp_alpha_0_11=1000
o,11,1,sddp_ecut_0_11_106_39,2.19629e+08,,rsv_vol_1_50_11_110=0,rsv_vol_6_50_11_110=0.422289,rsv_vol_21_50_11_110=0,rsv_vol_28_50_11_110=0,rsv_vol_37_50_11_110=0.549519,rsv_vol_63_50_11_110=1.22057,rsv_vol_65_50_11_110=0,rsv_vol_67_50_11_110=1867.99,sddp_alpha_0_10=1000
o,10,1,sddp_ecut_0_10_106_40,2.60918e+08,,rsv_vol_1_50_10_100=0,rsv_vol_6_50_10_100=0.460434,rsv_vol_21_50_10_100=0,rsv_vol_28_50_10_100=0,rsv_vol_37_50_10_100=0.520056,rsv_vol_63_50_10_100=1.2303,rsv_vol_65_50_10_100=-34.175,rsv_vol_67_50_10_100=2725.03,sddp_alpha_0_9=1000
o,9,1,sddp_ecut_0_9_106_41,2.6257e+08,,rsv_vol_1_50_9_90=0,rsv_vol_6_50_9_90=0.471838,rsv_vol_21_50_9_90=0,rsv_vol_28_50_9_90=0,rsv_vol_37_50_9_90=0.533764,rsv_vol_63_50_9_90=0,rsv_vol_65_50_9_90=-17.0875,rsv_vol_67_50_9_90=2030.46,sddp_alpha_0_8=1000
o,8,1,sddp_ecut_0_8_106_42,2.63448e+08,,rsv_vol_1_50_8_80=0,rsv_vol_6_50_8_80=0.479546,rsv_vol_21_50_8_80=0,rsv_vol_28_50_8_80=0,rsv_vol_37_50_8_80=0.774691,rsv_vol_63_50_8_80=0.00579216,rsv_vol_65_50_8_80=-17.0875,rsv_vol_67_50_8_80=4295.42,sddp_alpha_0_7=1000
o,7,1,sddp_ecut_0_7_106_43,2.31658e+08,,rsv_vol_1_50_7_70=0,rsv_vol_6_50_7_70=0.434487,rsv_vol_21_50_7_70=0,rsv_vol_28_50_7_70=0,rsv_vol_37_50_7_70=0.680909,rsv_vol_63_50_7_70=0.00517157,rsv_vol_65_50_7_70=-17.0875,rsv_vol_67_50_7_70=3123.81,sddp_alpha_0_6=1000
o,6,1,sddp_ecut_0_6_106_44,2.81814e+08,,rsv_vol_1_50_6_60=0,rsv_vol_6_50_6_60=0.528607,rsv_vol_21_50_6_60=0,rsv_vol_28_50_6_60=0,rsv_vol_37_50_6_60=0.936707,rsv_vol_63_50_6_60=0.00756529,rsv_vol_65_50_6_60=0,rsv_vol_67_50_6_60=5943.57,sddp_alpha_0_5=1000
o,5,1,sddp_ecut_0_5_106_45,2.81885e+08,,rsv_vol_1_50_5_50=0,rsv_vol_6_50_5_50=0.554327,rsv_vol_21_50_5_50=0,rsv_vol_28_50_5_50=0,rsv_vol_37_50_5_50=0.73746,rsv_vol_63_50_5_50=0.00649041,rsv_vol_65_50_5_50=0,rsv_vol_67_50_5_50=4823.92,sddp_alpha_0_4=1000
o,4,1,sddp_ecut_0_4_106_46,2.83267e+08,,rsv_vol_1_50_4_40=0,rsv_vol_6_50_4_40=0.554263,rsv_vol_21_50_4_40=0,rsv_vol_28_50_4_40=0,rsv_vol_37_50_4_40=0.812836,rsv_vol_63_50_4_40=0,rsv_vol_65_50_4_40=0,rsv_vol_67_50_4_40=2573.44,sddp_alpha_0_3=1000
o,3,1,sddp_ecut_0_3_106_47,2.50811e+08,,rsv_vol_1_50_3_30=0,rsv_vol_6_50_3_30=0.545396,rsv_vol_21_50_3_30=0,rsv_vol_28_50_3_30=0,rsv_vol_37_50_3_30=0.744395,rsv_vol_63_50_3_30=0,rsv_vol_65_50_3_30=-34.4475,rsv_vol_67_50_3_30=2830.48,sddp_alpha_0_2=1000
o,2,1,sddp_ecut_0_2_106_48,2.25338e+08,,rsv_vol_1_50_2_20=0,rsv_vol_6_50_2_20=0.707866,rsv_vol_21_50_2_20=0,rsv_vol_28_50_2_20=0,rsv_vol_37_50_2_20=0.488828,rsv_vol_63_50_2_20=0,rsv_vol_65_50_2_20=-69.4444,rsv_vol_67_50_2_20=6213.54,sddp_alpha_0_1=1000
o,1,1,sddp_ecut_0_1_106_49,2.65508e+08,,rsv_vol_1_50_1_10=0,rsv_vol_6_50_1_10=0.843154,rsv_vol_21_50_1_10=0,rsv_vol_28_50_1_10=0,rsv_vol_37_50_1_10=0.507562,rsv_vol_63_50_1_10=0,rsv_vol_65_50_1_10=-17.3611,rsv_vol_67_50_1_10=9920.79,sddp_alpha_0_0=1000
o,50,1,sddp_ecut_0_50_107_0,7.4197e+08,,rsv_vol_1_50_50_500=0,rsv_vol_6_50_50_500=1.94792,rsv_vol_21_50_50_500=0,rsv_vol_28_50_50_500=0,rsv_vol_37_50_50_500=2.90475,rsv_vol_63_50_50_500=9343.02,rsv_vol_65_50_50_500=35009.8,rsv_vol_67_50_50_500=15127.2,sddp_alpha_0_49=1000
o,49,1,sddp_ecut_0_49_107_1,5.94245e+08,,rsv_vol_1_50_49_490=0,rsv_vol_6_50_49_490=-12.3816,rsv_vol_21_50_49_490=0,rsv_vol_28_50_49_490=0,rsv_vol_37_50_49_490=1.87958,rsv_vol_63_50_49_490=8418.64,rsv_vol_65_50_49_490=0,rsv_vol_67_50_49_490=14416.9,sddp_alpha_0_48=1000
o,48,1,sddp_ecut_0_48_107_2,6.5112e+08,,rsv_vol_1_50_48_480=0,rsv_vol_6_50_48_480=-26.4146,rsv_vol_21_50_48_480=0,rsv_vol_28_50_48_480=0,rsv_vol_37_50_48_480=2.43005,rsv_vol_63_50_48_480=7621.99,rsv_vol_65_50_48_480=0,rsv_vol_67_50_48_480=13639.3,sddp_alpha_0_47=1000
o,47,1,sddp_ecut_0_47_107_3,6.4186e+08,,rsv_vol_1_50_47_470=0,rsv_vol_6_50_47_470=-95.2668,rsv_vol_21_50_47_470=0,rsv_vol_28_50_47_470=0,rsv_vol_37_50_47_470=1.45394,rsv_vol_63_50_47_470=7678.17,rsv_vol_65_50_47_470=0,rsv_vol_67_50_47_470=9022.1,sddp_alpha_0_46=1000
o,46,1,sddp_ecut_0_46_107_4,6.21959e+08,,rsv_vol_1_50_46_460=0,rsv_vol_6_50_46_460=-123.55,rsv_vol_21_50_46_460=0,rsv_vol_28_50_46_460=0,rsv_vol_37_50_46_460=1.76338,rsv_vol_63_50_46_460=7622.2,rsv_vol_65_50_46_460=0,rsv_vol_67_50_46_460=6941.93,sddp_alpha_0_45=1000
o,45,1,sddp_ecut_0_45_107_5,6.87401e+08,,rsv_vol_1_50_45_450=0,rsv_vol_6_50_45_450=0.839902,rsv_vol_21_50_45_450=0,rsv_vol_28_50_45_450=0,rsv_vol_37_50_45_450=2.51234,rsv_vol_63_50_45_450=7123.3,rsv_vol_65_50_45_450=0,rsv_vol_67_50_45_450=11127.6,sddp_alpha_0_44=1000
o,44,1,sddp_ecut_0_44_107_6,6.90026e+08,,rsv_vol_1_50_44_440=0,rsv_vol_6_50_44_440=1.09349,rsv_vol_21_50_44_440=0,rsv_vol_28_50_44_440=0,rsv_vol_37_50_44_440=2.27898,rsv_vol_63_50_44_440=7545.16,rsv_vol_65_50_44_440=-28.0204,rsv_vol_67_50_44_440=10508.2,sddp_alpha_0_43=1000
o,43,1,sddp_ecut_0_43_107_7,7.71882e+08,,rsv_vol_1_50_43_430=0,rsv_vol_6_50_43_430=1.45338,rsv_vol_21_50_43_430=0,rsv_vol_28_50_43_430=0,rsv_vol_37_50_43_430=2.45561,rsv_vol_63_50_43_430=6525.85,rsv_vol_65_50_43_430=-28.2438,rsv_vol_67_50_43_430=12635.8,sddp_alpha_0_42=1000
o,42,1,sddp_ecut_0_42_107_8,8.26884e+08,,rsv_vol_1_50_42_420=0,rsv_vol_6_50_42_420=2.01369,rsv_vol_21_50_42_420=0,rsv_vol_28_50_42_420=0,rsv_vol_37_50_42_420=3.00551,rsv_vol_63_50_42_420=8883.06,rsv_vol_65_50_42_420=-14.2345,rsv_vol_67_50_42_420=14733.5,sddp_alpha_0_41=1000
o,41,1,sddp_ecut_0_41_107_9,8.32332e+08,,rsv_vol_1_50_41_410=0,rsv_vol_6_50_41_410=1.89132,rsv_vol_21_50_41_410=0,rsv_vol_28_50_41_410=0,rsv_vol_37_50_41_410=2.95122,rsv_vol_63_50_41_410=6677.09,rsv_vol_65_50_41_410=4962.15,rsv_vol_67_50_41_410=11700.4,sddp_alpha_0_40=1000
o,40,1,sddp_ecut_0_40_107_10,8.47719e+08,,rsv_vol_1_50_40_400=0,rsv_vol_6_50_40_400=2.03587,rsv_vol_21_50_40_400=0,rsv_vol_28_50_40_400=0,rsv_vol_37_50_40_400=4.35808,rsv_vol_63_50_40_400=8532.25,rsv_vol_65_50_40_400=4695.37,rsv_vol_67_50_40_400=14517.1,sddp_alpha_0_39=1000
o,39,1,sddp_ecut_0_39_107_11,7.73673e+08,,rsv_vol_1_50_39_390=0,rsv_vol_6_50_39_390=1.80547,rsv_vol_21_50_39_390=0,rsv_vol_28_50_39_390=0,rsv_vol_37_50_39_390=3.81567,rsv_vol_63_50_39_390=8647.2,rsv_vol_65_50_39_390=4663.56,rsv_vol_67_50_39_390=15042.9,sddp_alpha_0_38=1000
o,38,1,sddp_ecut_0_38_107_12,7.79346e+08,,rsv_vol_1_50_38_380=0,rsv_vol_6_50_38_380=-12.7532,rsv_vol_21_50_38_380=0,rsv_vol_28_50_38_380=0,rsv_vol_37_50_38_380=2.83015,rsv_vol_63_50_38_380=9549.15,rsv_vol_65_50_38_380=12661.7,rsv_vol_67_50_38_380=-235.104,sddp_alpha_0_37=1000
o,37,1,sddp_ecut_0_37_107_13,6.45813e+08,,rsv_vol_1_50_37_370=0,rsv_vol_6_50_37_370=-13.6252,rsv_vol_21_50_37_370=0,rsv_vol_28_50_37_370=0,rsv_vol_37_50_37_370=2.23528,rsv_vol_63_50_37_370=9443.88,rsv_vol_65_50_37_370=0,rsv_vol_67_50_37_370=15930,sddp_alpha_0_36=1000
o,36,1,sddp_ecut_0_36_107_14,7.0939e+08,,rsv_vol_1_50_36_360=0,rsv_vol_6_50_36_360=-29.2047,rsv_vol_21_50_36_360=0,rsv_vol_28_50_36_360=0,rsv_vol_37_50_36_360=2.77566,rsv_vol_63_50_36_360=9090.91,rsv_vol_65_50_36_360=0,rsv_vol_67_50_36_360=15229.1,sddp_alpha_0_35=1000
o,35,1,sddp_ecut_0_35_107_15,7.38236e+08,,rsv_vol_1_50_35_350=0,rsv_vol_6_50_35_350=-105.102,rsv_vol_21_50_35_350=0,rsv_vol_28_50_35_350=0,rsv_vol_37_50_35_350=0.693072,rsv_vol_63_50_35_350=8573.34,rsv_vol_65_50_35_350=0,rsv_vol_67_50_35_350=3253.05,sddp_alpha_0_34=1000
o,34,1,sddp_ecut_0_34_107_16,7.15841e+08,,rsv_vol_1_50_34_340=0,rsv_vol_6_50_34_340=-29.8209,rsv_vol_21_50_34_340=0,rsv_vol_28_50_34_340=0,rsv_vol_37_50_34_340=1.1029,rsv_vol_63_50_34_340=9189.82,rsv_vol_65_50_34_340=0,rsv_vol_67_50_34_340=1639.13,sddp_alpha_0_33=1000
o,33,1,sddp_ecut_0_33_107_17,7.85711e+08,,rsv_vol_1_50_33_330=0,rsv_vol_6_50_33_330=1.41522,rsv_vol_21_50_33_330=0,rsv_vol_28_50_33_330=0,rsv_vol_37_50_33_330=2.15555,rsv_vol_63_50_33_330=7432.22,rsv_vol_65_50_33_330=0,rsv_vol_67_50_33_330=7990.96,sddp_alpha_0_32=1000
o,32,1,sddp_ecut_0_32_107_18,7.86227e+08,,rsv_vol_1_50_32_320=0,rsv_vol_6_50_32_320=1.50884,rsv_vol_21_50_32_320=0,rsv_vol_28_50_32_320=0,rsv_vol_37_50_32_320=1.93903,rsv_vol_63_50_32_320=4402.97,rsv_vol_65_50_32_320=0,rsv_vol_67_50_32_320=8573.67,sddp_alpha_0_31=1000
o,31,1,sddp_ecut_0_31_107_19,8.80882e+08,,rsv_vol_1_50_31_310=0,rsv_vol_6_50_31_310=1.86777,rsv_vol_21_50_31_310=0,rsv_vol_28_50_31_310=0,rsv_vol_37_50_31_310=2.48662,rsv_vol_63_50_31_310=1807.29,rsv_vol_65_50_31_310=-15.5341,rsv_vol_67_50_31_310=12724.6,sddp_alpha_0_30=1000
o,30,1,sddp_ecut_0_30_107_20,9.50338e+08,,rsv_vol_1_50_30_300=0,rsv_vol_6_50_30_300=2.42933,rsv_vol_21_50_30_300=0,rsv_vol_28_50_30_300=0,rsv_vol_37_50_30_300=3.57529,rsv_vol_63_50_30_300=8717.49,rsv_vol_65_50_30_300=-31.3159,rsv_vol_67_50_30_300=16476.2,sddp_alpha_0_29=1000
o,29,1,sddp_ecut_0_29_107_21,9.75418e+08,,rsv_vol_1_50_29_290=0,rsv_vol_6_50_29_290=3.07721,rsv_vol_21_50_29_290=0,rsv_vol_28_50_29_290=0,rsv_vol_37_50_29_290=2.22383,rsv_vol_63_50_29_290=8648.77,rsv_vol_65_50_29_290=15585.7,rsv_vol_67_50_29_290=3619.72,sddp_alpha_0_28=1000
o,28,1,sddp_ecut_0_28_107_22,1.03339e+09,,rsv_vol_1_50_28_280=0,rsv_vol_6_50_28_280=3.41761,rsv_vol_21_50_28_280=0,rsv_vol_28_50_28_280=0,rsv_vol_37_50_28_280=6.63199,rsv_vol_63_50_28_280=10199,rsv_vol_65_50_28_280=23688.4,rsv_vol_67_50_28_280=1852.15,sddp_alpha_0_27=1000
o,27,1,sddp_ecut_0_27_107_23,9.23448e+08,,rsv_vol_1_50_27_270=0,rsv_vol_6_50_27_270=-30.9372,rsv_vol_21_50_27_270=0,rsv_vol_28_50_27_270=0,rsv_vol_37_50_27_270=1.23183,rsv_vol_63_50_27_270=9289.17,rsv_vol_65_50_27_270=4392.88,rsv_vol_67_50_27_270=-256.569,sddp_alpha_0_26=1000
o,26,1,sddp_ecut_0_26_107_24,9.38607e+08,,rsv_vol_1_50_26_260=0,rsv_vol_6_50_26_260=-47.1974,rsv_vol_21_50_26_260=0,rsv_vol_28_50_26_260=0,rsv_vol_37_50_26_260=5.18722,rsv_vol_63_50_26_260=10361.7,rsv_vol_65_50_26_260=0,rsv_vol_67_50_26_260=17207.8,sddp_alpha_0_25=1000
o,25,1,sddp_ecut_0_25_107_25,8.2928e+08,,rsv_vol_1_50_25_250=0,rsv_vol_6_50_25_250=-63.968,rsv_vol_21_50_25_250=0,rsv_vol_28_50_25_250=0,rsv_vol_37_50_25_250=4.78176,rsv_vol_63_50_25_250=11019,rsv_vol_65_50_25_250=0,rsv_vol_67_50_25_250=18631.8,sddp_alpha_0_24=1000
o,24,1,sddp_ecut_0_24_107_26,9.00769e+08,,rsv_vol_1_50_24_240=0,rsv_vol_6_50_24_240=-146.75,rsv_vol_21_50_24_240=0,rsv_vol_28_50_24_240=0,rsv_vol_37_50_24_240=3.85428,rsv_vol_63_50_24_240=10337,rsv_vol_65_50_24_240=0,rsv_vol_67_50_24_240=17158.7,sddp_alpha_0_23=1000
o,23,1,sddp_ecut_0_23_107_27,8.7139e+08,,rsv_vol_1_50_23_230=0,rsv_vol_6_50_23_230=-115.323,rsv_vol_21_50_23_230=0,rsv_vol_28_50_23_230=0,rsv_vol_37_50_23_230=1.29822,rsv_vol_63_50_23_230=8882.42,rsv_vol_65_50_23_230=0,rsv_vol_67_50_23_230=6594.82,sddp_alpha_0_22=1000
o,22,1,sddp_ecut_0_22_107_28,2.25306e+08,,rsv_vol_1_50_22_220=0,rsv_vol_6_50_22_220=0.3573,rsv_vol_21_50_22_220=0,rsv_vol_28_50_22_220=0,rsv_vol_37_50_22_220=0.483474,rsv_vol_63_50_22_220=7.80866,rsv_vol_65_50_22_220=-16.6852,rsv_vol_67_50_22_220=2751.78,sddp_alpha_0_21=1000
o,21,1,sddp_ecut_0_21_107_29,1.97243e+08,,rsv_vol_1_50_21_210=0,rsv_vol_6_50_21_210=0.327868,rsv_vol_21_50_21_210=0,rsv_vol_28_50_21_210=0,rsv_vol_37_50_21_210=0.353737,rsv_vol_63_50_21_210=7.20799,rsv_vol_65_50_21_210=-16.6852,rsv_vol_67_50_21_210=1323.9,sddp_alpha_0_20=1000
o,20,1,sddp_ecut_0_20_107_30,2.24944e+08,,rsv_vol_1_50_20_200=0,rsv_vol_6_50_20_200=0.396313,rsv_vol_21_50_20_200=0,rsv_vol_28_50_20_200=0,rsv_vol_37_50_20_200=0.345962,rsv_vol_63_50_20_200=6.00666,rsv_vol_65_50_20_200=-50.0555,rsv_vol_67_50_20_200=1140.36,sddp_alpha_0_19=1000
o,19,1,sddp_ecut_0_19_107_31,1.9615e+08,,rsv_vol_1_50_19_190=0,rsv_vol_6_50_19_190=0.358616,rsv_vol_21_50_19_190=0,rsv_vol_28_50_19_190=0,rsv_vol_37_50_19_190=0.248175,rsv_vol_63_50_19_190=7.20799,rsv_vol_65_50_19_190=-50.0555,rsv_vol_67_50_19_190=392.776,sddp_alpha_0_18=1000
o,18,1,sddp_ecut_0_18_107_32,2.4088e+08,,rsv_vol_1_50_18_180=0,rsv_vol_6_50_18_180=0.402678,rsv_vol_21_50_18_180=0,rsv_vol_28_50_18_180=0,rsv_vol_37_50_18_180=0.414202,rsv_vol_63_50_18_180=7.26547,rsv_vol_65_50_18_180=-50.4547,rsv_vol_67_50_18_180=2041.26,sddp_alpha_0_17=1000
o,17,1,sddp_ecut_0_17_107_33,2.42099e+08,,rsv_vol_1_50_17_170=0,rsv_vol_6_50_17_170=0.412814,rsv_vol_21_50_17_170=0,rsv_vol_28_50_17_170=0,rsv_vol_37_50_17_170=0.503725,rsv_vol_63_50_17_170=7.26547,rsv_vol_65_50_17_170=-33.6364,rsv_vol_67_50_17_170=1572.26,sddp_alpha_0_16=1000
o,16,1,sddp_ecut_0_16_107_34,2.42624e+08,,rsv_vol_1_50_16_160=0,rsv_vol_6_50_16_160=0.418494,rsv_vol_21_50_16_160=0,rsv_vol_28_50_16_160=0,rsv_vol_37_50_16_160=0.488897,rsv_vol_63_50_16_160=6.66001,rsv_vol_65_50_16_160=0,rsv_vol_67_50_16_160=3249.37,sddp_alpha_0_15=1000
o,15,1,sddp_ecut_0_15_107_35,2.12073e+08,,rsv_vol_1_50_15_150=0,rsv_vol_6_50_15_150=0.375323,rsv_vol_21_50_15_150=0,rsv_vol_28_50_15_150=0,rsv_vol_37_50_15_150=0.336979,rsv_vol_63_50_15_150=4.23819,rsv_vol_65_50_15_150=-16.8182,rsv_vol_67_50_15_150=772.609,sddp_alpha_0_14=1000
o,14,1,sddp_ecut_0_14_107_36,2.51893e+08,,rsv_vol_1_50_14_140=0,rsv_vol_6_50_14_140=0.486347,rsv_vol_21_50_14_140=0,rsv_vol_28_50_14_140=0,rsv_vol_37_50_14_140=0.585543,rsv_vol_63_50_14_140=4.88227,rsv_vol_65_50_14_140=-16.9523,rsv_vol_67_50_14_140=5388.82,sddp_alpha_0_13=1000
o,13,1,sddp_ecut_0_13_107_37,2.17886e+08,,rsv_vol_1_50_13_130=0,rsv_vol_6_50_13_130=0.381142,rsv_vol_21_50_13_130=0,rsv_vol_28_50_13_130=0,rsv_vol_37_50_13_130=0.384669,rsv_vol_63_50_13_130=3.05449,rsv_vol_65_50_13_130=-16.9523,rsv_vol_67_50_13_130=1364.34,sddp_alpha_0_12=1000
o,12,1,sddp_ecut_0_12_107_38,2.49692e+08,,rsv_vol_1_50_12_120=0,rsv_vol_6_50_12_120=0.463542,rsv_vol_21_50_12_120=0,rsv_vol_28_50_12_120=0,rsv_vol_37_50_12_120=0.569366,rsv_vol_63_50_12_120=3.66341,rsv_vol_65_50_12_120=-33.9046,rsv_vol_67_50_12_120=4862.43,sddp_alpha_0_11=1000
o,11,1,sddp_ecut_0_11_107_39,2.19629e+08,,rsv_vol_1_50_11_110=0,rsv_vol_6_50_11_110=0.422289,rsv_vol_21_50_11_110=0,rsv_vol_28_50_11_110=0,rsv_vol_37_50_11_110=0.549519,rsv_vol_63_50_11_110=1.22057,rsv_vol_65_50_11_110=0,rsv_vol_67_50_11_110=1867.99,sddp_alpha_0_10=1000
o,10,1,sddp_ecut_0_10_107_40,2.60918e+08,,rsv_vol_1_50_10_100=0,rsv_vol_6_50_10_100=0.460434,rsv_vol_21_50_10_100=0,rsv_vol_28_50_10_100=0,rsv_vol_37_50_10_100=0.520056,rsv_vol_63_50_10_100=1.2303,rsv_vol_65_50_10_100=-34.175,rsv_vol_67_50_10_100=2725.03,sddp_alpha_0_9=1000
o,9,1,sddp_ecut_0_9_107_41,2.6257e+08,,rsv_vol_1_50_9_90=0,rsv_vol_6_50_9_90=0.471838,rsv_vol_21_50_9_90=0,rsv_vol_28_50_9_90=0,rsv_vol_37_50_9_90=0.533764,rsv_vol_63_50_9_90=0,rsv_vol_65_50_9_90=-17.0875,rsv_vol_67_50_9_90=2030.46,sddp_alpha_0_8=1000
o,8,1,sddp_ecut_0_8_107_42,2.63448e+08,,rsv_vol_1_50_8_80=0,rsv_vol_6_50_8_80=0.479546,rsv_vol_21_50_8_80=0,rsv_vol_28_50_8_80=0,rsv_vol_37_50_8_80=0.774691,rsv_vol_63_50_8_80=0.00579216,rsv_vol_65_50_8_80=-17.0875,rsv_vol_67_50_8_80=4295.42,sddp_alpha_0_7=1000
o,7,1,sddp_ecut_0_7_107_43,2.31658e+08,,rsv_vol_1_50_7_70=0,rsv_vol_6_50_7_70=0.434487,rsv_vol_21_50_7_70=0,rsv_vol_28_50_7_70=0,rsv_vol_37_50_7_70=0.680909,rsv_vol_63_50_7_70=0.00517157,rsv_vol_65_50_7_70=-17.0875,rsv_vol_67_50_7_70=3123.81,sddp_alpha_0_6=1000
o,6,1,sddp_ecut_0_6_107_44,2.81814e+08,,rsv_vol_1_50_6_60=0,rsv_vol_6_50_6_60=0.528607,rsv_vol_21_50_6_60=0,rsv_vol_28_50_6_60=0,rsv_vol_37_50_6_60=0.936707,rsv_vol_63_50_6_60=0.00756529,rsv_vol_65_50_6_60=0,rsv_vol_67_50_6_60=5943.57,sddp_alpha_0_5=1000
o,5,1,sddp_ecut_0_5_107_45,2.81885e+08,,rsv_vol_1_50_5_50=0,rsv_vol_6_50_5_50=0.554327,rsv_vol_21_50_5_50=0,rsv_vol_28_50_5_50=0,rsv_vol_37_50_5_50=0.73746,rsv_vol_63_50_5_50=0.00649041,rsv_vol_65_50_5_50=0,rsv_vol_67_50_5_50=4823.92,sddp_alpha_0_4=1000
o,4,1,sddp_ecut_0_4_107_46,2.83267e+08,,rsv_vol_1_50_4_40=0,rsv_vol_6_50_4_40=0.554263,rsv_vol_21_50_4_40=0,rsv_vol_28_50_4_40=0,rsv_vol_37_50_4_40=0.812836,rsv_vol_63_50_4_40=0,rsv_vol_65_50_4_40=0,rsv_vol_67_50_4_40=2573.44,sddp_alpha_0_3=1000
o,3,1,sddp_ecut_0_3_107_47,2.50811e+08,,rsv_vol_1_50_3_30=0,rsv_vol_6_50_3_30=0.545396,rsv_vol_21_50_3_30=0,rsv_vol_28_50_3_30=0,rsv_vol_37_50_3_30=0.744395,rsv_vol_63_50_3_30=0,rsv_vol_65_50_3_30=-34.4475,rsv_vol_67_50_3_30=2830.48,sddp_alpha_0_2=1000
o,2,1,sddp_ecut_0_2_107_48,2.25338e+08,,rsv_vol_1_50_2_20=0,rsv_vol_6_50_2_20=0.707866,rsv_vol_21_50_2_20=0,rsv_vol_28_50_2_20=0,rsv_vol_37_50_2_20=0.488828,rsv_vol_63_50_2_20=0,rsv_vol_65_50_2_20=-69.4444,rsv_vol_67_50_2_20=6213.54,sddp_alpha_0_1=1000
o,1,1,sddp_ecut_0_1_107_49,2.65508e+08,,rsv_vol_1_50_1_10=0,rsv_vol_6_50_1_10=0.843154,rsv_vol_21_50_1_10=0,rsv_vol_28_50_1_10=0,rsv_vol_37_50_1_10=0.507562,rsv_vol_63_50_1_10=0,rsv_vol_65_50_1_10=-17.3611,rsv_vol_67_50_1_10=9920.79,sddp_alpha_0_0=1000
o,50,1,sddp_ecut_0_50_108_0,7.4197e+08,,rsv_vol_1_50_50_500=0,rsv_vol_6_50_50_500=1.94792,rsv_vol_21_50_50_500=0,rsv_vol_28_50_50_500=0,rsv_vol_37_50_50_500=2.90475,rsv_vol_63_50_50_500=9343.02,rsv_vol_65_50_50_500=35009.8,rsv_vol_67_50_50_500=15127.2,sddp_alpha_0_49=1000
o,49,1,sddp_ecut_0_49_108_1,5.94245e+08,,rsv_vol_1_50_49_490=0,rsv_vol_6_50_49_490=-12.3816,rsv_vol_21_50_49_490=0,rsv_vol_28_50_49_490=0,rsv_vol_37_50_49_490=1.87958,rsv_vol_63_50_49_490=8418.64,rsv_vol_65_50_49_490=0,rsv_vol_67_50_49_490=14416.9,sddp_alpha_0_48=1000
o,48,1,sddp_ecut_0_48_108_2,6.5112e+08,,rsv_vol_1_50_48_480=0,rsv_vol_6_50_48_480=-26.4146,rsv_vol_21_50_48_480=0,rsv_vol_28_50_48_480=0,rsv_vol_37_50_48_480=2.43005,rsv_vol_63_50_48_480=7621.99,rsv_vol_65_50_48_480=0,rsv_vol_67_50_48_480=13639.3,sddp_alpha_0_47=1000
o,47,1,sddp_ecut_0_47_108_3,6.4186e+08,,rsv_vol_1_50_47_470=0,rsv_vol_6_50_47_470=-95.2668,rsv_vol_21_50_47_470=0,rsv_vol_28_50_47_470=0,rsv_vol_37_50_47_470=1.45394,rsv_vol_63_50_47_470=7678.17,rsv_vol_65_50_47_470=0,rsv_vol_67_50_47_470=9022.1,sddp_alpha_0_46=1000
o,46,1,sddp_ecut_0_46_108_4,6.21959e+08,,rsv_vol_1_50_46_460=0,rsv_vol_6_50_46_460=-123.55,rsv_vol_21_50_46_460=0,rsv_vol_28_50_46_460=0,rsv_vol_37_50_46_460=1.76338,rsv_vol_63_50_46_460=7622.2,rsv_vol_65_50_46_460=0,rsv_vol_67_50_46_460=6941.93,sddp_alpha_0_45=1000
o,45,1,sddp_ecut_0_45_108_5,6.87401e+08,,rsv_vol_1_50_45_450=0,rsv_vol_6_50_45_450=0.839902,rsv_vol_21_50_45_450=0,rsv_vol_28_50_45_450=0,rsv_vol_37_50_45_450=2.51234,rsv_vol_63_50_45_450=7123.3,rsv_vol_65_50_45_450=0,rsv_vol_67_50_45_450=11127.6,sddp_alpha_0_44=1000
o,44,1,sddp_ecut_0_44_108_6,6.90026e+08,,rsv_vol_1_50_44_440=0,rsv_vol_6_50_44_440=1.09349,rsv_vol_21_50_44_440=0,rsv_vol_28_50_44_440=0,rsv_vol_37_50_44_440=2.27898,rsv_vol_63_50_44_440=7545.16,rsv_vol_65_50_44_440=-28.0204,rsv_vol_67_50_44_440=10508.2,sddp_alpha_0_43=1000
o,43,1,sddp_ecut_0_43_108_7,7.71882e+08,,rsv_vol_1_50_43_430=0,rsv_vol_6_50_43_430=1.45338,rsv_vol_21_50_43_430=0,rsv_vol_28_50_43_430=0,rsv_vol_37_50_43_430=2.45561,rsv_vol_63_50_43_430=6525.85,rsv_vol_65_50_43_430=-28.2438,rsv_vol_67_50_43_430=12635.8,sddp_alpha_0_42=1000
o,42,1,sddp_ecut_0_42_108_8,8.26884e+08,,rsv_vol_1_50_42_420=0,rsv_vol_6_50_42_420=2.01369,rsv_vol_21_50_42_420=0,rsv_vol_28_50_42_420=0,rsv_vol_37_50_42_420=3.00551,rsv_vol_63_50_42_420=8883.06,rsv_vol_65_50_42_420=-14.2345,rsv_vol_67_50_42_420=14733.5,sddp_alpha_0_41=1000
o,41,1,sddp_ecut_0_41_108_9,8.32332e+08,,rsv_vol_1_50_41_410=0,rsv_vol_6_50_41_410=1.89132,rsv_vol_21_50_41_410=0,rsv_vol_28_50_41_410=0,rsv_vol_37_50_41_410=2.95122,rsv_vol_63_50_41_410=6677.09,rsv_vol_65_50_41_410=4962.15,rsv_vol_67_50_41_410=11700.4,sddp_alpha_0_40=1000
o,40,1,sddp_ecut_0_40_108_10,8.47719e+08,,rsv_vol_1_50_40_400=0,rsv_vol_6_50_40_400=2.03587,rsv_vol_21_50_40_400=0,rsv_vol_28_50_40_400=0,rsv_vol_37_50_40_400=4.35808,rsv_vol_63_50_40_400=8532.25,rsv_vol_65_50_40_400=4695.37,rsv_vol_67_50_40_400=14517.1,sddp_alpha_0_39=1000
o,39,1,sddp_ecut_0_39_108_11,7.73673e+08,,rsv_vol_1_50_39_390=0,rsv_vol_6_50_39_390=1.80547,rsv_vol_21_50_39_390=0,rsv_vol_28_50_39_390=0,rsv_vol_37_50_39_390=3.81567,rsv_vol_63_50_39_390=8647.2,rsv_vol_65_50_39_390=4663.56,rsv_vol_67_50_39_390=15042.9,sddp_alpha_0_38=1000
o,38,1,sddp_ecut_0_38_108_12,7.79346e+08,,rsv_vol_1_50_38_380=0,rsv_vol_6_50_38_380=-12.7532,rsv_vol_21_50_38_380=0,rsv_vol_28_50_38_380=0,rsv_vol_37_50_38_380=2.83015,rsv_vol_63_50_38_380=9549.15,rsv_vol_65_50_38_380=12661.7,rsv_vol_67_50_38_380=-235.104,sddp_alpha_0_37=1000
o,37,1,sddp_ecut_0_37_108_13,6.45813e+08,,rsv_vol_1_50_37_370=0,rsv_vol_6_50_37_370=-13.6252,rsv_vol_21_50_37_370=0,rsv_vol_28_50_37_370=0,rsv_vol_37_50_37_370=2.23528,rsv_vol_63_50_37_370=9443.88,rsv_vol_65_50_37_370=0,rsv_vol_67_50_37_370=15930,sddp_alpha_0_36=1000
o,36,1,sddp_ecut_0_36_108_14,7.0939e+08,,rsv_vol_1_50_36_360=0,rsv_vol_6_50_36_360=-29.2047,rsv_vol_21_50_36_360=0,rsv_vol_28_50_36_360=0,rsv_vol_37_50_36_360=2.77566,rsv_vol_63_50_36_360=9090.91,rsv_vol_65_50_36_360=0,rsv_vol_67_50_36_360=15229.1,sddp_alpha_0_35=1000
o,35,1,sddp_ecut_0_35_108_15,7.38236e+08,,rsv_vol_1_50_35_350=0,rsv_vol_6_50_35_350=-105.102,rsv_vol_21_50_35_350=0,rsv_vol_28_50_35_350=0,rsv_vol_37_50_35_350=0.693072,rsv_vol_63_50_35_350=8573.34,rsv_vol_65_50_35_350=0,rsv_vol_67_50_35_350=3253.05,sddp_alpha_0_34=1000
o,34,1,sddp_ecut_0_34_108_16,7.15841e+08,,rsv_vol_1_50_34_340=0,rsv_vol_6_50_34_340=-29.8209,rsv_vol_21_50_34_340=0,rsv_vol_28_50_34_340=0,rsv_vol_37_50_34_340=1.1029,rsv_vol_63_50_34_340=9189.82,rsv_vol_65_50_34_340=0,rsv_vol_67_50_34_340=1639.13,sddp_alpha_0_33=1000
o,33,1,sddp_ecut_0_33_108_17,7.85711e+08,,rsv_vol_1_50_33_330=0,rsv_vol_6_50_33_330=1.41522,rsv_vol_21_50_33_330=0,rsv_vol_28_50_33_330=0,rsv_vol_37_50_33_330=2.15555,rsv_vol_63_50_33_330=7432.22,rsv_vol_65_50_33_330=0,rsv_vol_67_50_33_330=7990.96,sddp_alpha_0_32=1000
o,32,1,sddp_ecut_0_32_108_18,7.86227e+08,,rsv_vol_1_50_32_320=0,rsv_vol_6_50_32_320=1.50884,rsv_vol_21_50_32_320=0,rsv_vol_28_50_32_320=0,rsv_vol_37_50_32_320=1.93903,rsv_vol_63_50_32_320=4402.97,rsv_vol_65_50_32_320=0,rsv_vol_67_50_32_320=8573.67,sddp_alpha_0_31=1000
o,31,1,sddp_ecut_0_31_108_19,8.80882e+08,,rsv_vol_1_50_31_310=0,rsv_vol_6_50_31_310=1.86777,rsv_vol_21_50_31_310=0,rsv_vol_28_50_31_310=0,rsv_vol_37_50_31_310=2.48662,rsv_vol_63_50_31_310=1807.29,rsv_vol_65_50_31_310=-15.5341,rsv_vol_67_50_31_310=12724.6,sddp_alpha_0_30=1000
o,30,1,sddp_ecut_0_30_108_20,9.50338e+08,,rsv_vol_1_50_30_300=0,rsv_vol_6_50_30_300=2.42933,rsv_vol_21_50_30_300=0,rsv_vol_28_50_30_300=0,rsv_vol_37_50_30_300=3.57529,rsv_vol_63_50_30_300=8717.49,rsv_vol_65_50_30_300=-31.3159,rsv_vol_67_50_30_300=16476.2,sddp_alpha_0_29=1000
o,29,1,sddp_ecut_0_29_108_21,9.75418e+08,,rsv_vol_1_50_29_290=0,rsv_vol_6_50_29_290=3.07721,rsv_vol_21_50_29_290=0,rsv_vol_28_50_29_290=0,rsv_vol_37_50_29_290=2.22383,rsv_vol_63_50_29_290=8648.77,rsv_vol_65_50_29_290=15585.7,rsv_vol_67_50_29_290=3619.72,sddp_alpha_0_28=1000
o,28,1,sddp_ecut_0_28_108_22,1.03339e+09,,rsv_vol_1_50_28_280=0,rsv_vol_6_50_28_280=3.41761,rsv_vol_21_50_28_280=0,rsv_vol_28_50_28_280=0,rsv_vol_37_50_28_280=6.63199,rsv_vol_63_50_28_280=10199,rsv_vol_65_50_28_280=23688.4,rsv_vol_67_50_28_280=1852.15,sddp_alpha_0_27=1000
o,27,1,sddp_ecut_0_27_108_23,9.23448e+08,,rsv_vol_1_50_27_270=0,rsv_vol_6_50_27_270=-30.9372,rsv_vol_21_50_27_270=0,rsv_vol_28_50_27_270=0,rsv_vol_37_50_27_270=1.23183,rsv_vol_63_50_27_270=9289.17,rsv_vol_65_50_27_270=4392.88,rsv_vol_67_50_27_270=-256.569,sddp_alpha_0_26=1000
o,26,1,sddp_ecut_0_26_108_24,9.38607e+08,,rsv_vol_1_50_26_260=0,rsv_vol_6_50_26_260=-47.1974,rsv_vol_21_50_26_260=0,rsv_vol_28_50_26_260=0,rsv_vol_37_50_26_260=5.18722,rsv_vol_63_50_26_260=10361.7,rsv_vol_65_50_26_260=0,rsv_vol_67_50_26_260=17207.8,sddp_alpha_0_25=1000
o,25,1,sddp_ecut_0_25_108_25,8.2928e+08,,rsv_vol_1_50_25_250=0,rsv_vol_6_50_25_250=-63.968,rsv_vol_21_50_25_250=0,rsv_vol_28_50_25_250=0,rsv_vol_37_50_25_250=4.78176,rsv_vol_63_50_25_250=11019,rsv_vol_65_50_25_250=0,rsv_vol_67_50_25_250=18631.8,sddp_alpha_0_24=1000
o,24,1,sddp_ecut_0_24_108_26,9.00769e+08,,rsv_vol_1_50_24_240=0,rsv_vol_6_50_24_240=-146.75,rsv_vol_21_50_24_240=0,rsv_vol_28_50_24_240=0,rsv_vol_37_50_24_240=3.85428,rsv_vol_63_50_24_240=10337,rsv_vol_65_50_24_240=0,rsv_vol_67_50_24_240=17158.7,sddp_alpha_0_23=1000
o,23,1,sddp_ecut_0_23_108_27,8.7139e+08,,rsv_vol_1_50_23_230=0,rsv_vol_6_50_23_230=-115.323,rsv_vol_21_50_23_230=0,rsv_vol_28_50_23_230=0,rsv_vol_37_50_23_230=1.29822,rsv_vol_63_50_23_230=8882.42,rsv_vol_65_50_23_230=0,rsv_vol_67_50_23_230=6594.82,sddp_alpha_0_22=1000
o,22,1,sddp_ecut_0_22_108_28,2.25306e+08,,rsv_vol_1_50_22_220=0,rsv_vol_6_50_22_220=0.3573,rsv_vol_21_50_22_220=0,rsv_vol_28_50_22_220=0,rsv_vol_37_50_22_220=0.483474,rsv_vol_63_50_22_220=7.80866,rsv_vol_65_50_22_220=-16.6852,rsv_vol_67_50_22_220=2751.78,sddp_alpha_0_21=1000
o,21,1,sddp_ecut_0_21_108_29,1.97243e+08,,rsv_vol_1_50_21_210=0,rsv_vol_6_50_21_210=0.327868,rsv_vol_21_50_21_210=0,rsv_vol_28_50_21_210=0,rsv_vol_37_50_21_210=0.353737,rsv_vol_63_50_21_210=7.20799,rsv_vol_65_50_21_210=-16.6852,rsv_vol_67_50_21_210=1323.9,sddp_alpha_0_20=1000
o,20,1,sddp_ecut_0_20_108_30,2.24944e+08,,rsv_vol_1_50_20_200=0,rsv_vol_6_50_20_200=0.396313,rsv_vol_21_50_20_200=0,rsv_vol_28_50_20_200=0,rsv_vol_37_50_20_200=0.345962,rsv_vol_63_50_20_200=6.00666,rsv_vol_65_50_20_200=-50.0555,rsv_vol_67_50_20_200=1140.36,sddp_alpha_0_19=1000
o,19,1,sddp_ecut_0_19_108_31,1.9615e+08,,rsv_vol_1_50_19_190=0,rsv_vol_6_50_19_190=0.358616,rsv_vol_21_50_19_190=0,rsv_vol_28_50_19_190=0,rsv_vol_37_50_19_190=0.248175,rsv_vol_63_50_19_190=7.20799,rsv_vol_65_50_19_190=-50.0555,rsv_vol_67_50_19_190=392.776,sddp_alpha_0_18=1000
o,18,1,sddp_ecut_0_18_108_32,2.4088e+08,,rsv_vol_1_50_18_180=0,rsv_vol_6_50_18_180=0.402678,rsv_vol_21_50_18_180=0,rsv_vol_28_50_18_180=0,rsv_vol_37_50_18_180=0.414202,rsv_vol_63_50_18_180=7.26547,rsv_vol_65_50_18_180=-50.4547,rsv_vol_67_50_18_180=2041.26,sddp_alpha_0_17=1000
o,17,1,sddp_ecut_0_17_108_33,2.42099e+08,,rsv_vol_1_50_17_170=0,rsv_vol_6_50_17_170=0.412814,rsv_vol_21_50_17_170=0,rsv_vol_28_50_17_170=0,rsv_vol_37_50_17_170=0.503725,rsv_vol_63_50_17_170=7.26547,rsv_vol_65_50_17_170=-33.6364,rsv_vol_67_50_17_170=1572.26,sddp_alpha_0_16=1000
o,16,1,sddp_ecut_0_16_108_34,2.42624e+08,,rsv_vol_1_50_16_160=0,rsv_vol_6_50_16_160=0.418494,rsv_vol_21_50_16_160=0,rsv_vol_28_50_16_160=0,rsv_vol_37_50_16_160=0.488897,rsv_vol_63_50_16_160=6.66001,rsv_vol_65_50_16_160=0,rsv_vol_67_50_16_160=3249.37,sddp_alpha_0_15=1000
o,15,1,sddp_ecut_0_15_108_35,2.12073e+08,,rsv_vol_1_50_15_150=0,rsv_vol_6_50_15_150=0.375323,rsv_vol_21_50_15_150=0,rsv_vol_28_50_15_150=0,rsv_vol_37_50_15_150=0.336979,rsv_vol_63_50_15_150=4.23819,rsv_vol_65_50_15_150=-16.8182,rsv_vol_67_50_15_150=772.609,sddp_alpha_0_14=1000
o,14,1,sddp_ecut_0_14_108_36,2.51893e+08,,rsv_vol_1_50_14_140=0,rsv_vol_6_50_14_140=0.486347,rsv_vol_21_50_14_140=0,rsv_vol_28_50_14_140=0,rsv_vol_37_50_14_140=0.585543,rsv_vol_63_50_14_140=4.88227,rsv_vol_65_50_14_140=-16.9523,rsv_vol_67_50_14_140=5388.82,sddp_alpha_0_13=1000
o,13,1,sddp_ecut_0_13_108_37,2.17886e+08,,rsv_vol_1_50_13_130=0,rsv_vol_6_50_13_130=0.381142,rsv_vol_21_50_13_130=0,rsv_vol_28_50_13_130=0,rsv_vol_37_50_13_130=0.384669,rsv_vol_63_50_13_130=3.05446,rsv_vol_65_50_13_130=-16.9523,rsv_vol_67_50_13_130=1364.34,sddp_alpha_0_12=1000
o,12,1,sddp_ecut_0_12_108_38,2.49692e+08,,rsv_vol_1_50_12_120=0,rsv_vol_6_50_12_120=0.463542,rsv_vol_21_50_12_120=0,rsv_vol_28_50_12_120=0,rsv_vol_37_50_12_120=0.569366,rsv_vol_63_50_12_120=3.66341,rsv_vol_65_50_12_120=-33.9046,rsv_vol_67_50_12_120=4862.43,sddp_alpha_0_11=1000
o,11,1,sddp_ecut_0_11_108_39,2.19629e+08,,rsv_vol_1_50_11_110=0,rsv_vol_6_50_11_110=0.422289,rsv_vol_21_50_11_110=0,rsv_vol_28_50_11_110=0,rsv_vol_37_50_11_110=0.549519,rsv_vol_63_50_11_110=1.22057,rsv_vol_65_50_11_110=0,rsv_vol_67_50_11_110=1867.99,sddp_alpha_0_10=1000
o,10,1,sddp_ecut_0_10_108_40,2.60918e+08,,rsv_vol_1_50_10_100=0,rsv_vol_6_50_10_100=0.460434,rsv_vol_21_50_10_100=0,rsv_vol_28_50_10_100=0,rsv_vol_37_50_10_100=0.520056,rsv_vol_63_50_10_100=1.2303,rsv_vol_65_50_10_100=-34.175,rsv_vol_67_50_10_100=2725.03,sddp_alpha_0_9=1000
o,9,1,sddp_ecut_0_9_108_41,2.6257e+08,,rsv_vol_1_50_9_90=0,rsv_vol_6_50_9_90=0.471838,rsv_vol_21_50_9_90=0,rsv_vol_28_50_9_90=0,rsv_vol_37_50_9_90=0.533764,rsv_vol_63_50_9_90=0,rsv_vol_65_50_9_90=-17.0875,rsv_vol_67_50_9_90=2030.46,sddp_alpha_0_8=1000
o,8,1,sddp_ecut_0_8_108_42,2.63448e+08,,rsv_vol_1_50_8_80=0,rsv_vol_6_50_8_80=0.479546,rsv_vol_21_50_8_80=0,rsv_vol_28_50_8_80=0,rsv_vol_37_50_8_80=0.774691,rsv_vol_63_50_8_80=0.00579216,rsv_vol_65_50_8_80=-17.0875,rsv_vol_67_50_8_80=4295.42,sddp_alpha_0_7=1000
o,7,1,sddp_ecut_0_7_108_43,2.31658e+08,,rsv_vol_1_50_7_70=0,rsv_vol_6_50_7_70=0.434487,rsv_vol_21_50_7_70=0,rsv_vol_28_50_7_70=0,rsv_vol_37_50_7_70=0.680909,rsv_vol_63_50_7_70=0.00517157,rsv_vol_65_50_7_70=-17.0875,rsv_vol_67_50_7_70=3123.81,sddp_alpha_0_6=1000
o,6,1,sddp_ecut_0_6_108_44,2.81814e+08,,rsv_vol_1_50_6_60=0,rsv_vol_6_50_6_60=0.528607,rsv_vol_21_50_6_60=0,rsv_vol_28_50_6_60=0,rsv_vol_37_50_6_60=0.936707,rsv_vol_63_50_6_60=0.00756282,rsv_vol_65_50_6_60=0,rsv_vol_67_50_6_60=5943.57,sddp_alpha_0_5=1000
o,5,1,sddp_ecut_0_5_108_45,2.81885e+08,,rsv_vol_1_50_5_50=0,rsv_vol_6_50_5_50=0.554327,rsv_vol_21_50_5_50=0,rsv_vol_28_50_5_50=0,rsv_vol_37_50_5_50=0.73746,rsv_vol_63_50_5_50=0.00649041,rsv_vol_65_50_5_50=0,rsv_vol_67_50_5_50=4823.92,sddp_alpha_0_4=1000
o,4,1,sddp_ecut_0_4_108_46,2.83267e+08,,rsv_vol_1_50_4_40=0,rsv_vol_6_50_4_40=0.554263,rsv_vol_21_50_4_40=0,rsv_vol_28_50_4_40=0,rsv_vol_37_50_4_40=0.812836,rsv_vol_63_50_4_40=0,rsv_vol_65_50_4_40=0,rsv_vol_67_50_4_40=2573.44,sddp_alpha_0_3=1000
o,3,1,sddp_ecut_0_3_108_47,2.50811e+08,,rsv_vol_1_50_3_30=0,rsv_vol_6_50_3_30=0.545396,rsv_vol_21_50_3_30=0,rsv_vol_28_50_3_30=0,rsv_vol_37_50_3_30=0.744395,rsv_vol_63_50_3_30=0,rsv_vol_65_50_3_30=-34.4475,rsv_vol_67_50_3_30=2830.48,sddp_alpha_0_2=1000
o,2,1,sddp_ecut_0_2_108_48,2.25338e+08,,rsv_vol_1_50_2_20=0,rsv_vol_6_50_2_20=0.707866,rsv_vol_21_50_2_20=0,rsv_vol_28_50_2_20=0,rsv_vol_37_50_2_20=0.488828,rsv_vol_63_50_2_20=0,rsv_vol_65_50_2_20=-69.4444,rsv_vol_67_50_2_20=6213.54,sddp_alpha_0_1=1000
o,1,1,sddp_ecut_0_1_108_49,2.65508e+08,,rsv_vol_1_50_1_10=0,rsv_vol_6_50_1_10=0.843154,rsv_vol_21_50_1_10=0,rsv_vol_28_50_1_10=0,rsv_vol_37_50_1_10=0.507562,rsv_vol_63_50_1_10=0,rsv_vol_65_50_1_10=-17.3611,rsv_vol_67_50_1_10=9920.79,sddp_alpha_0_0=1000
o,50,1,sddp_ecut_0_50_109_0,7.4197e+08,,rsv_vol_1_50_50_500=0,rsv_vol_6_50_50_500=1.94792,rsv_vol_21_50_50_500=0,rsv_vol_28_50_50_500=0,rsv_vol_37_50_50_500=2.90475,rsv_vol_63_50_50_500=9343.02,rsv_vol_65_50_50_500=35009.8,rsv_vol_67_50_50_500=15127.2,sddp_alpha_0_49=1000
o,49,1,sddp_ecut_0_49_109_1,5.94245e+08,,rsv_vol_1_50_49_490=0,rsv_vol_6_50_49_490=-12.3816,rsv_vol_21_50_49_490=0,rsv_vol_28_50_49_490=0,rsv_vol_37_50_49_490=1.87958,rsv_vol_63_50_49_490=8418.64,rsv_vol_65_50_49_490=0,rsv_vol_67_50_49_490=14416.9,sddp_alpha_0_48=1000
o,48,1,sddp_ecut_0_48_109_2,6.5112e+08,,rsv_vol_1_50_48_480=0,rsv_vol_6_50_48_480=-26.4146,rsv_vol_21_50_48_480=0,rsv_vol_28_50_48_480=0,rsv_vol_37_50_48_480=2.43005,rsv_vol_63_50_48_480=7621.99,rsv_vol_65_50_48_480=0,rsv_vol_67_50_48_480=13639.3,sddp_alpha_0_47=1000
o,47,1,sddp_ecut_0_47_109_3,6.4186e+08,,rsv_vol_1_50_47_470=0,rsv_vol_6_50_47_470=-95.2668,rsv_vol_21_50_47_470=0,rsv_vol_28_50_47_470=0,rsv_vol_37_50_47_470=1.45394,rsv_vol_63_50_47_470=7678.17,rsv_vol_65_50_47_470=0,rsv_vol_67_50_47_470=9022.1,sddp_alpha_0_46=1000
o,46,1,sddp_ecut_0_46_109_4,6.21959e+08,,rsv_vol_1_50_46_460=0,rsv_vol_6_50_46_460=-123.55,rsv_vol_21_50_46_460=0,rsv_vol_28_50_46_460=0,rsv_vol_37_50_46_460=1.76338,rsv_vol_63_50_46_460=7622.2,rsv_vol_65_50_46_460=0,rsv_vol_67_50_46_460=6941.93,sddp_alpha_0_45=1000
o,45,1,sddp_ecut_0_45_109_5,6.87401e+08,,rsv_vol_1_50_45_450=0,rsv_vol_6_50_45_450=0.839902,rsv_vol_21_50_45_450=0,rsv_vol_28_50_45_450=0,rsv_vol_37_50_45_450=2.51234,rsv_vol_63_50_45_450=7123.3,rsv_vol_65_50_45_450=0,rsv_vol_67_50_45_450=11127.6,sddp_alpha_0_44=1000
o,44,1,sddp_ecut_0_44_109_6,6.90026e+08,,rsv_vol_1_50_44_440=0,rsv_vol_6_50_44_440=1.09349,rsv_vol_21_50_44_440=0,rsv_vol_28_50_44_440=0,rsv_vol_37_50_44_440=2.27898,rsv_vol_63_50_44_440=7545.16,rsv_vol_65_50_44_440=-28.0204,rsv_vol_67_50_44_440=10508.2,sddp_alpha_0_43=1000
o,43,1,sddp_ecut_0_43_109_7,7.71882e+08,,rsv_vol_1_50_43_430=0,rsv_vol_6_50_43_430=1.45338,rsv_vol_21_50_43_430=0,rsv_vol_28_50_43_430=0,rsv_vol_37_50_43_430=2.45561,rsv_vol_63_50_43_430=6525.85,rsv_vol_65_50_43_430=-28.2438,rsv_vol_67_50_43_430=12635.8,sddp_alpha_0_42=1000
o,42,1,sddp_ecut_0_42_109_8,8.26884e+08,,rsv_vol_1_50_42_420=0,rsv_vol_6_50_42_420=2.01369,rsv_vol_21_50_42_420=0,rsv_vol_28_50_42_420=0,rsv_vol_37_50_42_420=3.00551,rsv_vol_63_50_42_420=8883.06,rsv_vol_65_50_42_420=-14.2345,rsv_vol_67_50_42_420=14733.5,sddp_alpha_0_41=1000
o,41,1,sddp_ecut_0_41_109_9,8.32332e+08,,rsv_vol_1_50_41_410=0,rsv_vol_6_50_41_410=1.89132,rsv_vol_21_50_41_410=0,rsv_vol_28_50_41_410=0,rsv_vol_37_50_41_410=2.95122,rsv_vol_63_50_41_410=6677.09,rsv_vol_65_50_41_410=4962.15,rsv_vol_67_50_41_410=11700.4,sddp_alpha_0_40=1000
o,40,1,sddp_ecut_0_40_109_10,8.47719e+08,,rsv_vol_1_50_40_400=0,rsv_vol_6_50_40_400=2.03587,rsv_vol_21_50_40_400=0,rsv_vol_28_50_40_400=0,rsv_vol_37_50_40_400=4.35808,rsv_vol_63_50_40_400=8532.25,rsv_vol_65_50_40_400=4695.37,rsv_vol_67_50_40_400=14517.1,sddp_alpha_0_39=1000
o,39,1,sddp_ecut_0_39_109_11,7.73673e+08,,rsv_vol_1_50_39_390=0,rsv_vol_6_50_39_390=1.80547,rsv_vol_21_50_39_390=0,rsv_vol_28_50_39_390=0,rsv_vol_37_50_39_390=3.81567,rsv_vol_63_50_39_390=8647.2,rsv_vol_65_50_39_390=4663.56,rsv_vol_67_50_39_390=15042.9,sddp_alpha_0_38=1000
o,38,1,sddp_ecut_0_38_109_12,7.79346e+08,,rsv_vol_1_50_38_380=0,rsv_vol_6_50_38_380=-12.7532,rsv_vol_21_50_38_380=0,rsv_vol_28_50_38_380=0,rsv_vol_37_50_38_380=2.83015,rsv_vol_63_50_38_380=9549.15,rsv_vol_65_50_38_380=12661.7,rsv_vol_67_50_38_380=-235.104,sddp_alpha_0_37=1000
o,37,1,sddp_ecut_0_37_109_13,6.45813e+08,,rsv_vol_1_50_37_370=0,rsv_vol_6_50_37_370=-13.6252,rsv_vol_21_50_37_370=0,rsv_vol_28_50_37_370=0,rsv_vol_37_50_37_370=2.23528,rsv_vol_63_50_37_370=9443.88,rsv_vol_65_50_37_370=0,rsv_vol_67_50_37_370=15930,sddp_alpha_0_36=1000
o,36,1,sddp_ecut_0_36_109_14,7.0939e+08,,rsv_vol_1_50_36_360=0,rsv_vol_6_50_36_360=-29.2047,rsv_vol_21_50_36_360=0,rsv_vol_28_50_36_360=0,rsv_vol_37_50_36_360=2.77566,rsv_vol_63_50_36_360=9090.91,rsv_vol_65_50_36_360=0,rsv_vol_67_50_36_360=15229.1,sddp_alpha_0_35=1000
o,35,1,sddp_ecut_0_35_109_15,7.38236e+08,,rsv_vol_1_50_35_350=0,rsv_vol_6_50_35_350=-105.102,rsv_vol_21_50_35_350=0,rsv_vol_28_50_35_350=0,rsv_vol_37_50_35_350=0.693072,rsv_vol_63_50_35_350=8573.34,rsv_vol_65_50_35_350=0,rsv_vol_67_50_35_350=3253.05,sddp_alpha_0_34=1000
o,34,1,sddp_ecut_0_34_109_16,7.15841e+08,,rsv_vol_1_50_34_340=0,rsv_vol_6_50_34_340=-29.8209,rsv_vol_21_50_34_340=0,rsv_vol_28_50_34_340=0,rsv_vol_37_50_34_340=1.1029,rsv_vol_63_50_34_340=9189.82,rsv_vol_65_50_34_340=0,rsv_vol_67_50_34_340=1639.13,sddp_alpha_0_33=1000
o,33,1,sddp_ecut_0_33_109_17,7.85711e+08,,rsv_vol_1_50_33_330=0,rsv_vol_6_50_33_330=1.41522,rsv_vol_21_50_33_330=0,rsv_vol_28_50_33_330=0,rsv_vol_37_50_33_330=2.15555,rsv_vol_63_50_33_330=7432.22,rsv_vol_65_50_33_330=0,rsv_vol_67_50_33_330=7990.96,sddp_alpha_0_32=1000
o,32,1,sddp_ecut_0_32_109_18,7.86227e+08,,rsv_vol_1_50_32_320=0,rsv_vol_6_50_32_320=1.50884,rsv_vol_21_50_32_320=0,rsv_vol_28_50_32_320=0,rsv_vol_37_50_32_320=1.93903,rsv_vol_63_50_32_320=4402.97,rsv_vol_65_50_32_320=0,rsv_vol_67_50_32_320=8573.67,sddp_alpha_0_31=1000
o,31,1,sddp_ecut_0_31_109_19,8.80882e+08,,rsv_vol_1_50_31_310=0,rsv_vol_6_50_31_310=1.86777,rsv_vol_21_50_31_310=0,rsv_vol_28_50_31_310=0,rsv_vol_37_50_31_310=2.48662,rsv_vol_63_50_31_310=1807.29,rsv_vol_65_50_31_310=-15.5341,rsv_vol_67_50_31_310=12724.6,sddp_alpha_0_30=1000
o,30,1,sddp_ecut_0_30_109_20,9.50338e+08,,rsv_vol_1_50_30_300=0,rsv_vol_6_50_30_300=2.42933,rsv_vol_21_50_30_300=0,rsv_vol_28_50_30_300=0,rsv_vol_37_50_30_300=3.57529,rsv_vol_63_50_30_300=8717.49,rsv_vol_65_50_30_300=-31.3159,rsv_vol_67_50_30_300=16476.2,sddp_alpha_0_29=1000
o,29,1,sddp_ecut_0_29_109_21,9.75418e+08,,rsv_vol_1_50_29_290=0,rsv_vol_6_50_29_290=3.07721,rsv_vol_21_50_29_290=0,rsv_vol_28_50_29_290=0,rsv_vol_37_50_29_290=2.22383,rsv_vol_63_50_29_290=8648.77,rsv_vol_65_50_29_290=15585.7,rsv_vol_67_50_29_290=3619.72,sddp_alpha_0_28=1000
o,28,1,sddp_ecut_0_28_109_22,1.03339e+09,,rsv_vol_1_50_28_280=0,rsv_vol_6_50_28_280=3.41761,rsv_vol_21_50_28_280=0,rsv_vol_28_50_28_280=0,rsv_vol_37_50_28_280=6.63199,rsv_vol_63_50_28_280=10199,rsv_vol_65_50_28_280=23688.4,rsv_vol_67_50_28_280=1852.15,sddp_alpha_0_27=1000
o,27,1,sddp_ecut_0_27_109_23,9.23448e+08,,rsv_vol_1_50_27_270=0,rsv_vol_6_50_27_270=-30.9372,rsv_vol_21_50_27_270=0,rsv_vol_28_50_27_270=0,rsv_vol_37_50_27_270=1.23183,rsv_vol_63_50_27_270=9289.17,rsv_vol_65_50_27_270=4392.88,rsv_vol_67_50_27_270=-256.569,sddp_alpha_0_26=1000
o,26,1,sddp_ecut_0_26_109_24,9.38607e+08,,rsv_vol_1_50_26_260=0,rsv_vol_6_50_26_260=-47.1974,rsv_vol_21_50_26_260=0,rsv_vol_28_50_26_260=0,rsv_vol_37_50_26_260=5.18722,rsv_vol_63_50_26_260=10361.7,rsv_vol_65_50_26_260=0,rsv_vol_67_50_26_260=17207.8,sddp_alpha_0_25=1000
o,25,1,sddp_ecut_0_25_109_25,8.2928e+08,,rsv_vol_1_50_25_250=0,rsv_vol_6_50_25_250=-63.968,rsv_vol_21_50_25_250=0,rsv_vol_28_50_25_250=0,rsv_vol_37_50_25_250=4.78176,rsv_vol_63_50_25_250=11019,rsv_vol_65_50_25_250=0,rsv_vol_67_50_25_250=18631.8,sddp_alpha_0_24=1000
o,24,1,sddp_ecut_0_24_109_26,9.00769e+08,,rsv_vol_1_50_24_240=0,rsv_vol_6_50_24_240=-146.75,rsv_vol_21_50_24_240=0,rsv_vol_28_50_24_240=0,rsv_vol_37_50_24_240=3.85428,rsv_vol_63_50_24_240=10337,rsv_vol_65_50_24_240=0,rsv_vol_67_50_24_240=17158.7,sddp_alpha_0_23=1000
o,23,1,sddp_ecut_0_23_109_27,8.7139e+08,,rsv_vol_1_50_23_230=0,rsv_vol_6_50_23_230=-115.323,rsv_vol_21_50_23_230=0,rsv_vol_28_50_23_230=0,rsv_vol_37_50_23_230=1.29822,rsv_vol_63_50_23_230=8882.42,rsv_vol_65_50_23_230=0,rsv_vol_67_50_23_230=6594.82,sddp_alpha_0_22=1000
o,22,1,sddp_ecut_0_22_109_28,2.25306e+08,,rsv_vol_1_50_22_220=0,rsv_vol_6_50_22_220=0.3573,rsv_vol_21_50_22_220=0,rsv_vol_28_50_22_220=0,rsv_vol_37_50_22_220=0.483474,rsv_vol_63_50_22_220=7.80866,rsv_vol_65_50_22_220=-16.6852,rsv_vol_67_50_22_220=2751.78,sddp_alpha_0_21=1000
o,21,1,sddp_ecut_0_21_109_29,1.97243e+08,,rsv_vol_1_50_21_210=0,rsv_vol_6_50_21_210=0.327868,rsv_vol_21_50_21_210=0,rsv_vol_28_50_21_210=0,rsv_vol_37_50_21_210=0.353737,rsv_vol_63_50_21_210=7.20799,rsv_vol_65_50_21_210=-16.6852,rsv_vol_67_50_21_210=1323.9,sddp_alpha_0_20=1000
o,20,1,sddp_ecut_0_20_109_30,2.24944e+08,,rsv_vol_1_50_20_200=0,rsv_vol_6_50_20_200=0.396313,rsv_vol_21_50_20_200=0,rsv_vol_28_50_20_200=0,rsv_vol_37_50_20_200=0.345962,rsv_vol_63_50_20_200=6.00666,rsv_vol_65_50_20_200=-50.0555,rsv_vol_67_50_20_200=1140.36,sddp_alpha_0_19=1000
o,19,1,sddp_ecut_0_19_109_31,1.9615e+08,,rsv_vol_1_50_19_190=0,rsv_vol_6_50_19_190=0.358616,rsv_vol_21_50_19_190=0,rsv_vol_28_50_19_190=0,rsv_vol_37_50_19_190=0.248175,rsv_vol_63_50_19_190=7.20799,rsv_vol_65_50_19_190=-50.0555,rsv_vol_67_50_19_190=392.776,sddp_alpha_0_18=1000
o,18,1,sddp_ecut_0_18_109_32,2.4088e+08,,rsv_vol_1_50_18_180=0,rsv_vol_6_50_18_180=0.402678,rsv_vol_21_50_18_180=0,rsv_vol_28_50_18_180=0,rsv_vol_37_50_18_180=0.414202,rsv_vol_63_50_18_180=7.26547,rsv_vol_65_50_18_180=-50.4547,rsv_vol_67_50_18_180=2041.26,sddp_alpha_0_17=1000
o,17,1,sddp_ecut_0_17_109_33,2.42099e+08,,rsv_vol_1_50_17_170=0,rsv_vol_6_50_17_170=0.412814,rsv_vol_21_50_17_170=0,rsv_vol_28_50_17_170=0,rsv_vol_37_50_17_170=0.503725,rsv_vol_63_50_17_170=7.26547,rsv_vol_65_50_17_170=-33.6364,rsv_vol_67_50_17_170=1572.26,sddp_alpha_0_16=1000
o,16,1,sddp_ecut_0_16_109_34,2.42624e+08,,rsv_vol_1_50_16_160=0,rsv_vol_6_50_16_160=0.418494,rsv_vol_21_50_16_160=0,rsv_vol_28_50_16_160=0,rsv_vol_37_50_16_160=0.488897,rsv_vol_63_50_16_160=6.66001,rsv_vol_65_50_16_160=0,rsv_vol_67_50_16_160=3249.37,sddp_alpha_0_15=1000
o,15,1,sddp_ecut_0_15_109_35,2.12073e+08,,rsv_vol_1_50_15_150=0,rsv_vol_6_50_15_150=0.375323,rsv_vol_21_50_15_150=0,rsv_vol_28_50_15_150=0,rsv_vol_37_50_15_150=0.336979,rsv_vol_63_50_15_150=4.23819,rsv_vol_65_50_15_150=-16.8182,rsv_vol_67_50_15_150=772.609,sddp_alpha_0_14=1000
o,14,1,sddp_ecut_0_14_109_36,2.51893e+08,,rsv_vol_1_50_14_140=0,rsv_vol_6_50_14_140=0.486347,rsv_vol_21_50_14_140=0,rsv_vol_28_50_14_140=0,rsv_vol_37_50_14_140=0.585543,rsv_vol_63_50_14_140=4.88227,rsv_vol_65_50_14_140=-16.9523,rsv_vol_67_50_14_140=5388.82,sddp_alpha_0_13=1000
o,13,1,sddp_ecut_0_13_109_37,2.17886e+08,,rsv_vol_1_50_13_130=0,rsv_vol_6_50_13_130=0.381142,rsv_vol_21_50_13_130=0,rsv_vol_28_50_13_130=0,rsv_vol_37_50_13_130=0.384669,rsv_vol_63_50_13_130=3.05443,rsv_vol_65_50_13_130=-16.9523,rsv_vol_67_50_13_130=1364.34,sddp_alpha_0_12=1000
o,12,1,sddp_ecut_0_12_109_38,2.49692e+08,,rsv_vol_1_50_12_120=0,rsv_vol_6_50_12_120=0.463542,rsv_vol_21_50_12_120=0,rsv_vol_28_50_12_120=0,rsv_vol_37_50_12_120=0.569366,rsv_vol_63_50_12_120=3.66341,rsv_vol_65_50_12_120=-33.9046,rsv_vol_67_50_12_120=4862.43,sddp_alpha_0_11=1000
o,11,1,sddp_ecut_0_11_109_39,2.19629e+08,,rsv_vol_1_50_11_110=0,rsv_vol_6_50_11_110=0.422289,rsv_vol_21_50_11_110=0,rsv_vol_28_50_11_110=0,rsv_vol_37_50_11_110=0.549519,rsv_vol_63_50_11_110=1.22057,rsv_vol_65_50_11_110=0,rsv_vol_67_50_11_110=1867.99,sddp_alpha_0_10=1000
o,10,1,sddp_ecut_0_10_109_40,2.60918e+08,,rsv_vol_1_50_10_100=0,rsv_vol_6_50_10_100=0.460434,rsv_vol_21_50_10_100=0,rsv_vol_28_50_10_100=0,rsv_vol_37_50_10_100=0.520056,rsv_vol_63_50_10_100=1.2303,rsv_vol_65_50_10_100=-34.175,rsv_vol_67_50_10_100=2725.03,sddp_alpha_0_9=1000
o,9,1,sddp_ecut_0_9_109_41,2.6257e+08,,rsv_vol_1_50_9_90=0,rsv_vol_6_50_9_90=0.471838,rsv_vol_21_50_9_90=0,rsv_vol_28_50_9_90=0,rsv_vol_37_50_9_90=0.533764,rsv_vol_63_50_9_90=0,rsv_vol_65_50_9_90=-17.0875,rsv_vol_67_50_9_90=2030.46,sddp_alpha_0_8=1000
o,8,1,sddp_ecut_0_8_109_42,2.63448e+08,,rsv_vol_1_50_8_80=0,rsv_vol_6_50_8_80=0.479546,rsv_vol_21_50_8_80=0,rsv_vol_28_50_8_80=0,rsv_vol_37_50_8_80=0.774691,rsv_vol_63_50_8_80=0.00579216,rsv_vol_65_50_8_80=-17.0875,rsv_vol_67_50_8_80=4295.42,sddp_alpha_0_7=1000
o,7,1,sddp_ecut_0_7_109_43,2.31658e+08,,rsv_vol_1_50_7_70=0,rsv_vol_6_50_7_70=0.434487,rsv_vol_21_50_7_70=0,rsv_vol_28_50_7_70=0,rsv_vol_37_50_7_70=0.680909,rsv_vol_63_50_7_70=0.00517157,rsv_vol_65_50_7_70=-17.0875,rsv_vol_67_50_7_70=3123.81,sddp_alpha_0_6=1000
o,6,1,sddp_ecut_0_6_109_44,2.81814e+08,,rsv_vol_1_50_6_60=0,rsv_vol_6_50_6_60=0.528607,rsv_vol_21_50_6_60=0,rsv_vol_28_50_6_60=0,rsv_vol_37_50_6_60=0.936707,rsv_vol_63_50_6_60=0.0075544,rsv_vol_65_50_6_60=0,rsv_vol_67_50_6_60=5943.57,sddp_alpha_0_5=1000
o,5,1,sddp_ecut_0_5_109_45,2.81885e+08,,rsv_vol_1_50_5_50=0,rsv_vol_6_50_5_50=0.554327,rsv_vol_21_50_5_50=0,rsv_vol_28_50_5_50=0,rsv_vol_37_50_5_50=0.73746,rsv_vol_63_50_5_50=0.00649041,rsv_vol_65_50_5_50=0,rsv_vol_67_50_5_50=4823.92,sddp_alpha_0_4=1000
o,4,1,sddp_ecut_0_4_109_46,2.83267e+08,,rsv_vol_1_50_4_40=0,rsv_vol_6_50_4_40=0.554263,rsv_vol_21_50_4_40=0,rsv_vol_28_50_4_40=0,rsv_vol_37_50_4_40=0.812836,rsv_vol_63_50_4_40=0,rsv_vol_65_50_4_40=0,rsv_vol_67_50_4_40=2573.44,sddp_alpha_0_3=1000
o,3,1,sddp_ecut_0_3_109_47,2.50811e+08,,rsv_vol_1_50_3_30=0,rsv_vol_6_50_3_30=0.545396,rsv_vol_21_50_3_30=0,rsv_vol_28_50_3_30=0,rsv_vol_37_50_3_30=0.744395,rsv_vol_63_50_3_30=0,rsv_vol_65_50_3_30=-34.4475,rsv_vol_67_50_3_30=2830.48,sddp_alpha_0_2=1000
o,2,1,sddp_ecut_0_2_109_48,2.25338e+08,,rsv_vol_1_50_2_20=0,rsv_vol_6_50_2_20=0.707866,rsv_vol_21_50_2_20=0,rsv_vol_28_50_2_20=0,rsv_vol_37_50_2_20=0.488828,rsv_vol_63_50_2_20=0,rsv_vol_65_50_2_20=-69.4444,rsv_vol_67_50_2_20=6213.54,sddp_alpha_0_1=1000
o,1,1,sddp_ecut_0_1_109_49,2.65508e+08,,rsv_vol_1_50_1_10=0,rsv_vol_6_50_1_10=0.843154,rsv_vol_21_50_1_10=0,rsv_vol_28_50_1_10=0,rsv_vol_37_50_1_10=0.507562,rsv_vol_63_50_1_10=0,rsv_vol_65_50_1_10=-17.3611,rsv_vol_67_50_1_10=9920.79,sddp_alpha_0_0=1000
o,50,1,sddp_ecut_0_50_110_0,7.4197e+08,,rsv_vol_1_50_50_500=0,rsv_vol_6_50_50_500=1.94792,rsv_vol_21_50_50_500=0,rsv_vol_28_50_50_500=0,rsv_vol_37_50_50_500=2.90475,rsv_vol_63_50_50_500=9343.02,rsv_vol_65_50_50_500=35009.8,rsv_vol_67_50_50_500=15127.2,sddp_alpha_0_49=1000
o,49,1,sddp_ecut_0_49_110_1,5.94245e+08,,rsv_vol_1_50_49_490=0,rsv_vol_6_50_49_490=-12.3816,rsv_vol_21_50_49_490=0,rsv_vol_28_50_49_490=0,rsv_vol_37_50_49_490=1.87958,rsv_vol_63_50_49_490=8418.64,rsv_vol_65_50_49_490=0,rsv_vol_67_50_49_490=14416.9,sddp_alpha_0_48=1000
o,48,1,sddp_ecut_0_48_110_2,6.5112e+08,,rsv_vol_1_50_48_480=0,rsv_vol_6_50_48_480=-26.4146,rsv_vol_21_50_48_480=0,rsv_vol_28_50_48_480=0,rsv_vol_37_50_48_480=2.43005,rsv_vol_63_50_48_480=7621.99,rsv_vol_65_50_48_480=0,rsv_vol_67_50_48_480=13639.3,sddp_alpha_0_47=1000
o,47,1,sddp_ecut_0_47_110_3,6.4186e+08,,rsv_vol_1_50_47_470=0,rsv_vol_6_50_47_470=-95.2668,rsv_vol_21_50_47_470=0,rsv_vol_28_50_47_470=0,rsv_vol_37_50_47_470=1.45394,rsv_vol_63_50_47_470=7678.17,rsv_vol_65_50_47_470=0,rsv_vol_67_50_47_470=9022.1,sddp_alpha_0_46=1000
o,46,1,sddp_ecut_0_46_110_4,6.21959e+08,,rsv_vol_1_50_46_460=0,rsv_vol_6_50_46_460=-123.55,rsv_vol_21_50_46_460=0,rsv_vol_28_50_46_460=0,rsv_vol_37_50_46_460=1.76338,rsv_vol_63_50_46_460=7622.2,rsv_vol_65_50_46_460=0,rsv_vol_67_50_46_460=6941.93,sddp_alpha_0_45=1000
o,45,1,sddp_ecut_0_45_110_5,6.87401e+08,,rsv_vol_1_50_45_450=0,rsv_vol_6_50_45_450=0.839902,rsv_vol_21_50_45_450=0,rsv_vol_28_50_45_450=0,rsv_vol_37_50_45_450=2.51234,rsv_vol_63_50_45_450=7123.3,rsv_vol_65_50_45_450=0,rsv_vol_67_50_45_450=11127.6,sddp_alpha_0_44=1000
o,44,1,sddp_ecut_0_44_110_6,6.90026e+08,,rsv_vol_1_50_44_440=0,rsv_vol_6_50_44_440=1.09349,rsv_vol_21_50_44_440=0,rsv_vol_28_50_44_440=0,rsv_vol_37_50_44_440=2.27898,rsv_vol_63_50_44_440=7545.16,rsv_vol_65_50_44_440=-28.0204,rsv_vol_67_50_44_440=10508.2,sddp_alpha_0_43=1000
o,43,1,sddp_ecut_0_43_110_7,7.71882e+08,,rsv_vol_1_50_43_430=0,rsv_vol_6_50_43_430=1.45338,rsv_vol_21_50_43_430=0,rsv_vol_28_50_43_430=0,rsv_vol_37_50_43_430=2.45561,rsv_vol_63_50_43_430=6525.85,rsv_vol_65_50_43_430=-28.2438,rsv_vol_67_50_43_430=12635.8,sddp_alpha_0_42=1000
o,42,1,sddp_ecut_0_42_110_8,8.26884e+08,,rsv_vol_1_50_42_420=0,rsv_vol_6_50_42_420=2.01369,rsv_vol_21_50_42_420=0,rsv_vol_28_50_42_420=0,rsv_vol_37_50_42_420=3.00551,rsv_vol_63_50_42_420=8883.06,rsv_vol_65_50_42_420=-14.2345,rsv_vol_67_50_42_420=14733.5,sddp_alpha_0_41=1000
o,41,1,sddp_ecut_0_41_110_9,8.32332e+08,,rsv_vol_1_50_41_410=0,rsv_vol_6_50_41_410=1.89132,rsv_vol_21_50_41_410=0,rsv_vol_28_50_41_410=0,rsv_vol_37_50_41_410=2.95122,rsv_vol_63_50_41_410=6677.09,rsv_vol_65_50_41_410=4962.15,rsv_vol_67_50_41_410=11700.4,sddp_alpha_0_40=1000
o,40,1,sddp_ecut_0_40_110_10,8.47719e+08,,rsv_vol_1_50_40_400=0,rsv_vol_6_50_40_400=2.03587,rsv_vol_21_50_40_400=0,rsv_vol_28_50_40_400=0,rsv_vol_37_50_40_400=4.35808,rsv_vol_63_50_40_400=8532.25,rsv_vol_65_50_40_400=4695.37,rsv_vol_67_50_40_400=14517.1,sddp_alpha_0_39=1000
o,39,1,sddp_ecut_0_39_110_11,7.73673e+08,,rsv_vol_1_50_39_390=0,rsv_vol_6_50_39_390=1.80547,rsv_vol_21_50_39_390=0,rsv_vol_28_50_39_390=0,rsv_vol_37_50_39_390=3.81567,rsv_vol_63_50_39_390=8647.2,rsv_vol_65_50_39_390=4663.56,rsv_vol_67_50_39_390=15042.9,sddp_alpha_0_38=1000
o,38,1,sddp_ecut_0_38_110_12,7.79346e+08,,rsv_vol_1_50_38_380=0,rsv_vol_6_50_38_380=-12.7532,rsv_vol_21_50_38_380=0,rsv_vol_28_50_38_380=0,rsv_vol_37_50_38_380=2.83015,rsv_vol_63_50_38_380=9549.15,rsv_vol_65_50_38_380=12661.7,rsv_vol_67_50_38_380=-235.104,sddp_alpha_0_37=1000
o,37,1,sddp_ecut_0_37_110_13,6.45813e+08,,rsv_vol_1_50_37_370=0,rsv_vol_6_50_37_370=-13.6252,rsv_vol_21_50_37_370=0,rsv_vol_28_50_37_370=0,rsv_vol_37_50_37_370=2.23528,rsv_vol_63_50_37_370=9443.88,rsv_vol_65_50_37_370=0,rsv_vol_67_50_37_370=15930,sddp_alpha_0_36=1000
o,36,1,sddp_ecut_0_36_110_14,7.0939e+08,,rsv_vol_1_50_36_360=0,rsv_vol_6_50_36_360=-29.2047,rsv_vol_21_50_36_360=0,rsv_vol_28_50_36_360=0,rsv_vol_37_50_36_360=2.77566,rsv_vol_63_50_36_360=9090.91,rsv_vol_65_50_36_360=0,rsv_vol_67_50_36_360=15229.1,sddp_alpha_0_35=1000
o,35,1,sddp_ecut_0_35_110_15,7.38236e+08,,rsv_vol_1_50_35_350=0,rsv_vol_6_50_35_350=-105.102,rsv_vol_21_50_35_350=0,rsv_vol_28_50_35_350=0,rsv_vol_37_50_35_350=0.693072,rsv_vol_63_50_35_350=8573.34,rsv_vol_65_50_35_350=0,rsv_vol_67_50_35_350=3253.05,sddp_alpha_0_34=1000
o,34,1,sddp_ecut_0_34_110_16,7.15841e+08,,rsv_vol_1_50_34_340=0,rsv_vol_6_50_34_340=-29.8209,rsv_vol_21_50_34_340=0,rsv_vol_28_50_34_340=0,rsv_vol_37_50_34_340=1.1029,rsv_vol_63_50_34_340=9189.82,rsv_vol_65_50_34_340=0,rsv_vol_67_50_34_340=1639.13,sddp_alpha_0_33=1000
o,33,1,sddp_ecut_0_33_110_17,7.85711e+08,,rsv_vol_1_50_33_330=0,rsv_vol_6_50_33_330=1.41522,rsv_vol_21_50_33_330=0,rsv_vol_28_50_33_330=0,rsv_vol_37_50_33_330=2.15555,rsv_vol_63_50_33_330=7432.22,rsv_vol_65_50_33_330=0,rsv_vol_67_50_33_330=7990.96,sddp_alpha_0_32=1000
o,32,1,sddp_ecut_0_32_110_18,7.86227e+08,,rsv_vol_1_50_32_320=0,rsv_vol_6_50_32_320=1.50884,rsv_vol_21_50_32_320=0,rsv_vol_28_50_32_320=0,rsv_vol_37_50_32_320=1.93903,rsv_vol_63_50_32_320=4402.97,rsv_vol_65_50_32_320=0,rsv_vol_67_50_32_320=8573.67,sddp_alpha_0_31=1000
o,31,1,sddp_ecut_0_31_110_19,8.80882e+08,,rsv_vol_1_50_31_310=0,rsv_vol_6_50_31_310=1.86777,rsv_vol_21_50_31_310=0,rsv_vol_28_50_31_310=0,rsv_vol_37_50_31_310=2.48662,rsv_vol_63_50_31_310=1807.29,rsv_vol_65_50_31_310=-15.5341,rsv_vol_67_50_31_310=12724.6,sddp_alpha_0_30=1000
o,30,1,sddp_ecut_0_30_110_20,9.50338e+08,,rsv_vol_1_50_30_300=0,rsv_vol_6_50_30_300=2.42933,rsv_vol_21_50_30_300=0,rsv_vol_28_50_30_300=0,rsv_vol_37_50_30_300=3.57529,rsv_vol_63_50_30_300=8717.49,rsv_vol_65_50_30_300=-31.3159,rsv_vol_67_50_30_300=16476.2,sddp_alpha_0_29=1000
o,29,1,sddp_ecut_0_29_110_21,9.75418e+08,,rsv_vol_1_50_29_290=0,rsv_vol_6_50_29_290=3.07721,rsv_vol_21_50_29_290=0,rsv_vol_28_50_29_290=0,rsv_vol_37_50_29_290=2.22383,rsv_vol_63_50_29_290=8648.77,rsv_vol_65_50_29_290=15585.7,rsv_vol_67_50_29_290=3619.72,sddp_alpha_0_28=1000
o,28,1,sddp_ecut_0_28_110_22,1.03339e+09,,rsv_vol_1_50_28_280=0,rsv_vol_6_50_28_280=3.41761,rsv_vol_21_50_28_280=0,rsv_vol_28_50_28_280=0,rsv_vol_37_50_28_280=6.63199,rsv_vol_63_50_28_280=10199,rsv_vol_65_50_28_280=23688.4,rsv_vol_67_50_28_280=1852.15,sddp_alpha_0_27=1000
o,27,1,sddp_ecut_0_27_110_23,9.23448e+08,,rsv_vol_1_50_27_270=0,rsv_vol_6_50_27_270=-30.9372,rsv_vol_21_50_27_270=0,rsv_vol_28_50_27_270=0,rsv_vol_37_50_27_270=1.23183,rsv_vol_63_50_27_270=9289.17,rsv_vol_65_50_27_270=4392.88,rsv_vol_67_50_27_270=-256.569,sddp_alpha_0_26=1000
o,26,1,sddp_ecut_0_26_110_24,9.38607e+08,,rsv_vol_1_50_26_260=0,rsv_vol_6_50_26_260=-47.1974,rsv_vol_21_50_26_260=0,rsv_vol_28_50_26_260=0,rsv_vol_37_50_26_260=5.18722,rsv_vol_63_50_26_260=10361.7,rsv_vol_65_50_26_260=0,rsv_vol_67_50_26_260=17207.8,sddp_alpha_0_25=1000
o,25,1,sddp_ecut_0_25_110_25,8.2928e+08,,rsv_vol_1_50_25_250=0,rsv_vol_6_50_25_250=-63.968,rsv_vol_21_50_25_250=0,rsv_vol_28_50_25_250=0,rsv_vol_37_50_25_250=4.78176,rsv_vol_63_50_25_250=11019,rsv_vol_65_50_25_250=0,rsv_vol_67_50_25_250=18631.8,sddp_alpha_0_24=1000
o,24,1,sddp_ecut_0_24_110_26,9.00769e+08,,rsv_vol_1_50_24_240=0,rsv_vol_6_50_24_240=-146.75,rsv_vol_21_50_24_240=0,rsv_vol_28_50_24_240=0,rsv_vol_37_50_24_240=3.85428,rsv_vol_63_50_24_240=10337,rsv_vol_65_50_24_240=0,rsv_vol_67_50_24_240=17158.7,sddp_alpha_0_23=1000
o,23,1,sddp_ecut_0_23_110_27,8.7139e+08,,rsv_vol_1_50_23_230=0,rsv_vol_6_50_23_230=-115.323,rsv_vol_21_50_23_230=0,rsv_vol_28_50_23_230=0,rsv_vol_37_50_23_230=1.29822,rsv_vol_63_50_23_230=8882.42,rsv_vol_65_50_23_230=0,rsv_vol_67_50_23_230=6594.82,sddp_alpha_0_22=1000
o,22,1,sddp_ecut_0_22_110_28,2.25306e+08,,rsv_vol_1_50_22_220=0,rsv_vol_6_50_22_220=0.3573,rsv_vol_21_50_22_220=0,rsv_vol_28_50_22_220=0,rsv_vol_37_50_22_220=0.483474,rsv_vol_63_50_22_220=7.80866,rsv_vol_65_50_22_220=-16.6852,rsv_vol_67_50_22_220=2751.78,sddp_alpha_0_21=1000
o,21,1,sddp_ecut_0_21_110_29,1.97243e+08,,rsv_vol_1_50_21_210=0,rsv_vol_6_50_21_210=0.327868,rsv_vol_21_50_21_210=0,rsv_vol_28_50_21_210=0,rsv_vol_37_50_21_210=0.353737,rsv_vol_63_50_21_210=7.20799,rsv_vol_65_50_21_210=-16.6852,rsv_vol_67_50_21_210=1323.9,sddp_alpha_0_20=1000
o,20,1,sddp_ecut_0_20_110_30,2.24944e+08,,rsv_vol_1_50_20_200=0,rsv_vol_6_50_20_200=0.396313,rsv_vol_21_50_20_200=0,rsv_vol_28_50_20_200=0,rsv_vol_37_50_20_200=0.345962,rsv_vol_63_50_20_200=6.00666,rsv_vol_65_50_20_200=-50.0555,rsv_vol_67_50_20_200=1140.36,sddp_alpha_0_19=1000
o,19,1,sddp_ecut_0_19_110_31,1.9615e+08,,rsv_vol_1_50_19_190=0,rsv_vol_6_50_19_190=0.358616,rsv_vol_21_50_19_190=0,rsv_vol_28_50_19_190=0,rsv_vol_37_50_19_190=0.248175,rsv_vol_63_50_19_190=7.20799,rsv_vol_65_50_19_190=-50.0555,rsv_vol_67_50_19_190=392.776,sddp_alpha_0_18=1000
o,18,1,sddp_ecut_0_18_110_32,2.4088e+08,,rsv_vol_1_50_18_180=0,rsv_vol_6_50_18_180=0.402678,rsv_vol_21_50_18_180=0,rsv_vol_28_50_18_180=0,rsv_vol_37_50_18_180=0.414202,rsv_vol_63_50_18_180=7.26547,rsv_vol_65_50_18_180=-50.4547,rsv_vol_67_50_18_180=2041.26,sddp_alpha_0_17=1000
o,17,1,sddp_ecut_0_17_110_33,2.42099e+08,,rsv_vol_1_50_17_170=0,rsv_vol_6_50_17_170=0.412814,rsv_vol_21_50_17_170=0,rsv_vol_28_50_17_170=0,rsv_vol_37_50_17_170=0.503725,rsv_vol_63_50_17_170=7.26547,rsv_vol_65_50_17_170=-33.6364,rsv_vol_67_50_17_170=1572.26,sddp_alpha_0_16=1000
o,16,1,sddp_ecut_0_16_110_34,2.42624e+08,,rsv_vol_1_50_16_160=0,rsv_vol_6_50_16_160=0.418494,rsv_vol_21_50_16_160=0,rsv_vol_28_50_16_160=0,rsv_vol_37_50_16_160=0.488897,rsv_vol_63_50_16_160=6.66001,rsv_vol_65_50_16_160=0,rsv_vol_67_50_16_160=3249.37,sddp_alpha_0_15=1000
o,15,1,sddp_ecut_0_15_110_35,2.12073e+08,,rsv_vol_1_50_15_150=0,rsv_vol_6_50_15_150=0.375323,rsv_vol_21_50_15_150=0,rsv_vol_28_50_15_150=0,rsv_vol_37_50_15_150=0.336979,rsv_vol_63_50_15_150=4.23819,rsv_vol_65_50_15_150=-16.8182,rsv_vol_67_50_15_150=772.609,sddp_alpha_0_14=1000
o,14,1,sddp_ecut_0_14_110_36,2.51893e+08,,rsv_vol_1_50_14_140=0,rsv_vol_6_50_14_140=0.486347,rsv_vol_21_50_14_140=0,rsv_vol_28_50_14_140=0,rsv_vol_37_50_14_140=0.585543,rsv_vol_63_50_14_140=4.88227,rsv_vol_65_50_14_140=-16.9523,rsv_vol_67_50_14_140=5388.82,sddp_alpha_0_13=1000
o,13,1,sddp_ecut_0_13_110_37,2.17886e+08,,rsv_vol_1_50_13_130=0,rsv_vol_6_50_13_130=0.381142,rsv_vol_21_50_13_130=0,rsv_vol_28_50_13_130=0,rsv_vol_37_50_13_130=0.384669,rsv_vol_63_50_13_130=3.05443,rsv_vol_65_50_13_130=-16.9523,rsv_vol_67_50_13_130=1364.34,sddp_alpha_0_12=1000
o,12,1,sddp_ecut_0_12_110_38,2.49692e+08,,rsv_vol_1_50_12_120=0,rsv_vol_6_50_12_120=0.463542,rsv_vol_21_50_12_120=0,rsv_vol_28_50_12_120=0,rsv_vol_37_50_12_120=0.569366,rsv_vol_63_50_12_120=3.66341,rsv_vol_65_50_12_120=-33.9046,rsv_vol_67_50_12_120=4862.43,sddp_alpha_0_11=1000
o,11,1,sddp_ecut_0_11_110_39,2.19629e+08,,rsv_vol_1_50_11_110=0,rsv_vol_6_50_11_110=0.422289,rsv_vol_21_50_11_110=0,rsv_vol_28_50_11_110=0,rsv_vol_37_50_11_110=0.549519,rsv_vol_63_50_11_110=1.22057,rsv_vol_65_50_11_110=0,rsv_vol_67_50_11_110=1867.99,sddp_alpha_0_10=1000
o,10,1,sddp_ecut_0_10_110_40,2.60918e+08,,rsv_vol_1_50_10_100=0,rsv_vol_6_50_10_100=0.460434,rsv_vol_21_50_10_100=0,rsv_vol_28_50_10_100=0,rsv_vol_37_50_10_100=0.520056,rsv_vol_63_50_10_100=1.2303,rsv_vol_65_50_10_100=-34.175,rsv_vol_67_50_10_100=2725.03,sddp_alpha_0_9=1000
o,9,1,sddp_ecut_0_9_110_41,2.6257e+08,,rsv_vol_1_50_9_90=0,rsv_vol_6_50_9_90=0.471838,rsv_vol_21_50_9_90=0,rsv_vol_28_50_9_90=0,rsv_vol_37_50_9_90=0.533764,rsv_vol_63_50_9_90=0,rsv_vol_65_50_9_90=-17.0875,rsv_vol_67_50_9_90=2030.46,sddp_alpha_0_8=1000
o,8,1,sddp_ecut_0_8_110_42,2.63448e+08,,rsv_vol_1_50_8_80=0,rsv_vol_6_50_8_80=0.479546,rsv_vol_21_50_8_80=0,rsv_vol_28_50_8_80=0,rsv_vol_37_50_8_80=0.774691,rsv_vol_63_50_8_80=0.00579216,rsv_vol_65_50_8_80=-17.0875,rsv_vol_67_50_8_80=4295.42,sddp_alpha_0_7=1000
o,7,1,sddp_ecut_0_7_110_43,2.31658e+08,,rsv_vol_1_50_7_70=0,rsv_vol_6_50_7_70=0.434487,rsv_vol_21_50_7_70=0,rsv_vol_28_50_7_70=0,rsv_vol_37_50_7_70=0.680909,rsv_vol_63_50_7_70=0.00517157,rsv_vol_65_50_7_70=-17.0875,rsv_vol_67_50_7_70=3123.81,sddp_alpha_0_6=1000
o,6,1,sddp_ecut_0_6_110_44,2.81814e+08,,rsv_vol_1_50_6_60=0,rsv_vol_6_50_6_60=0.528607,rsv_vol_21_50_6_60=0,rsv_vol_28_50_6_60=0,rsv_vol_37_50_6_60=0.936707,rsv_vol_63_50_6_60=0.00756529,rsv_vol_65_50_6_60=0,rsv_vol_67_50_6_60=5943.57,sddp_alpha_0_5=1000
o,5,1,sddp_ecut_0_5_110_45,2.81885e+08,,rsv_vol_1_50_5_50=0,rsv_vol_6_50_5_50=0.554327,rsv_vol_21_50_5_50=0,rsv_vol_28_50_5_50=0,rsv_vol_37_50_5_50=0.73746,rsv_vol_63_50_5_50=0.00649041,rsv_vol_65_50_5_50=0,rsv_vol_67_50_5_50=4823.92,sddp_alpha_0_4=1000
o,4,1,sddp_ecut_0_4_110_46,2.83267e+08,,rsv_vol_1_50_4_40=0,rsv_vol_6_50_4_40=0.554263,rsv_vol_21_50_4_40=0,rsv_vol_28_50_4_40=0,rsv_vol_37_50_4_40=0.812836,rsv_vol_63_50_4_40=0,rsv_vol_65_50_4_40=0,rsv_vol_67_50_4_40=2573.44,sddp_alpha_0_3=1000
o,3,1,sddp_ecut_0_3_110_47,2.50811e+08,,rsv_vol_1_50_3_30=0,rsv_vol_6_50_3_30=0.545396,rsv_vol_21_50_3_30=0,rsv_vol_28_50_3_30=0,rsv_vol_37_50_3_30=0.744395,rsv_vol_63_50_3_30=0,rsv_vol_65_50_3_30=-34.4475,rsv_vol_67_50_3_30=2830.48,sddp_alpha_0_2=1000
o,2,1,sddp_ecut_0_2_110_48,2.25338e+08,,rsv_vol_1_50_2_20=0,rsv_vol_6_50_2_20=0.707866,rsv_vol_21_50_2_20=0,rsv_vol_28_50_2_20=0,rsv_vol_37_50_2_20=0.488828,rsv_vol_63_50_2_20=0,rsv_vol_65_50_2_20=-69.4444,rsv_vol_67_50_2_20=6213.54,sddp_alpha_0_1=1000
o,1,1,sddp_ecut_0_1_110_49,2.65508e+08,,rsv_vol_1_50_1_10=0,rsv_vol_6_50_1_10=0.843154,rsv_vol_21_50_1_10=0,rsv_vol_28_50_1_10=0,rsv_vol_37_50_1_10=0.507562,rsv_vol_63_50_1_10=0,rsv_vol_65_50_1_10=-17.3611,rsv_vol_67_50_1_10=9920.79,sddp_alpha_0_0=1000
o,50,1,sddp_ecut_0_50_111_0,7.4197e+08,,rsv_vol_1_50_50_500=0,rsv_vol_6_50_50_500=1.94792,rsv_vol_21_50_50_500=0,rsv_vol_28_50_50_500=0,rsv_vol_37_50_50_500=2.90475,rsv_vol_63_50_50_500=9343.02,rsv_vol_65_50_50_500=35009.8,rsv_vol_67_50_50_500=15127.2,sddp_alpha_0_49=1000
o,49,1,sddp_ecut_0_49_111_1,5.94245e+08,,rsv_vol_1_50_49_490=0,rsv_vol_6_50_49_490=-12.3816,rsv_vol_21_50_49_490=0,rsv_vol_28_50_49_490=0,rsv_vol_37_50_49_490=1.87958,rsv_vol_63_50_49_490=8418.64,rsv_vol_65_50_49_490=0,rsv_vol_67_50_49_490=14416.9,sddp_alpha_0_48=1000
o,48,1,sddp_ecut_0_48_111_2,6.5112e+08,,rsv_vol_1_50_48_480=0,rsv_vol_6_50_48_480=-26.4146,rsv_vol_21_50_48_480=0,rsv_vol_28_50_48_480=0,rsv_vol_37_50_48_480=2.43005,rsv_vol_63_50_48_480=7621.99,rsv_vol_65_50_48_480=0,rsv_vol_67_50_48_480=13639.3,sddp_alpha_0_47=1000
o,47,1,sddp_ecut_0_47_111_3,6.4186e+08,,rsv_vol_1_50_47_470=0,rsv_vol_6_50_47_470=-95.2668,rsv_vol_21_50_47_470=0,rsv_vol_28_50_47_470=0,rsv_vol_37_50_47_470=1.45394,rsv_vol_63_50_47_470=7678.17,rsv_vol_65_50_47_470=0,rsv_vol_67_50_47_470=9022.1,sddp_alpha_0_46=1000
o,46,1,sddp_ecut_0_46_111_4,6.21959e+08,,rsv_vol_1_50_46_460=0,rsv_vol_6_50_46_460=-123.55,rsv_vol_21_50_46_460=0,rsv_vol_28_50_46_460=0,rsv_vol_37_50_46_460=1.76338,rsv_vol_63_50_46_460=7622.2,rsv_vol_65_50_46_460=0,rsv_vol_67_50_46_460=6941.93,sddp_alpha_0_45=1000
o,45,1,sddp_ecut_0_45_111_5,6.87401e+08,,rsv_vol_1_50_45_450=0,rsv_vol_6_50_45_450=0.839902,rsv_vol_21_50_45_450=0,rsv_vol_28_50_45_450=0,rsv_vol_37_50_45_450=2.51234,rsv_vol_63_50_45_450=7123.3,rsv_vol_65_50_45_450=0,rsv_vol_67_50_45_450=11127.6,sddp_alpha_0_44=1000
o,44,1,sddp_ecut_0_44_111_6,6.90026e+08,,rsv_vol_1_50_44_440=0,rsv_vol_6_50_44_440=1.09349,rsv_vol_21_50_44_440=0,rsv_vol_28_50_44_440=0,rsv_vol_37_50_44_440=2.27898,rsv_vol_63_50_44_440=7545.16,rsv_vol_65_50_44_440=-28.0204,rsv_vol_67_50_44_440=10508.2,sddp_alpha_0_43=1000
o,43,1,sddp_ecut_0_43_111_7,7.71882e+08,,rsv_vol_1_50_43_430=0,rsv_vol_6_50_43_430=1.45338,rsv_vol_21_50_43_430=0,rsv_vol_28_50_43_430=0,rsv_vol_37_50_43_430=2.45561,rsv_vol_63_50_43_430=6525.85,rsv_vol_65_50_43_430=-28.2438,rsv_vol_67_50_43_430=12635.8,sddp_alpha_0_42=1000
o,42,1,sddp_ecut_0_42_111_8,8.26884e+08,,rsv_vol_1_50_42_420=0,rsv_vol_6_50_42_420=2.01369,rsv_vol_21_50_42_420=0,rsv_vol_28_50_42_420=0,rsv_vol_37_50_42_420=3.00551,rsv_vol_63_50_42_420=8883.06,rsv_vol_65_50_42_420=-14.2345,rsv_vol_67_50_42_420=14733.5,sddp_alpha_0_41=1000
o,41,1,sddp_ecut_0_41_111_9,8.32332e+08,,rsv_vol_1_50_41_410=0,rsv_vol_6_50_41_410=1.89132,rsv_vol_21_50_41_410=0,rsv_vol_28_50_41_410=0,rsv_vol_37_50_41_410=2.95122,rsv_vol_63_50_41_410=6677.09,rsv_vol_65_50_41_410=4962.15,rsv_vol_67_50_41_410=11700.4,sddp_alpha_0_40=1000
o,40,1,sddp_ecut_0_40_111_10,8.47719e+08,,rsv_vol_1_50_40_400=0,rsv_vol_6_50_40_400=2.03587,rsv_vol_21_50_40_400=0,rsv_vol_28_50_40_400=0,rsv_vol_37_50_40_400=4.35808,rsv_vol_63_50_40_400=8532.25,rsv_vol_65_50_40_400=4695.37,rsv_vol_67_50_40_400=14517.1,sddp_alpha_0_39=1000
o,39,1,sddp_ecut_0_39_111_11,7.73673e+08,,rsv_vol_1_50_39_390=0,rsv_vol_6_50_39_390=1.80547,rsv_vol_21_50_39_390=0,rsv_vol_28_50_39_390=0,rsv_vol_37_50_39_390=3.81567,rsv_vol_63_50_39_390=8647.2,rsv_vol_65_50_39_390=4663.56,rsv_vol_67_50_39_390=15042.9,sddp_alpha_0_38=1000
o,38,1,sddp_ecut_0_38_111_12,7.79346e+08,,rsv_vol_1_50_38_380=0,rsv_vol_6_50_38_380=-12.7532,rsv_vol_21_50_38_380=0,rsv_vol_28_50_38_380=0,rsv_vol_37_50_38_380=2.83015,rsv_vol_63_50_38_380=9549.15,rsv_vol_65_50_38_380=12661.7,rsv_vol_67_50_38_380=-235.104,sddp_alpha_0_37=1000
o,37,1,sddp_ecut_0_37_111_13,6.45813e+08,,rsv_vol_1_50_37_370=0,rsv_vol_6_50_37_370=-13.6252,rsv_vol_21_50_37_370=0,rsv_vol_28_50_37_370=0,rsv_vol_37_50_37_370=2.23528,rsv_vol_63_50_37_370=9443.88,rsv_vol_65_50_37_370=0,rsv_vol_67_50_37_370=15930,sddp_alpha_0_36=1000
o,36,1,sddp_ecut_0_36_111_14,7.0939e+08,,rsv_vol_1_50_36_360=0,rsv_vol_6_50_36_360=-29.2047,rsv_vol_21_50_36_360=0,rsv_vol_28_50_36_360=0,rsv_vol_37_50_36_360=2.77566,rsv_vol_63_50_36_360=9090.91,rsv_vol_65_50_36_360=0,rsv_vol_67_50_36_360=15229.1,sddp_alpha_0_35=1000
o,35,1,sddp_ecut_0_35_111_15,7.38236e+08,,rsv_vol_1_50_35_350=0,rsv_vol_6_50_35_350=-105.102,rsv_vol_21_50_35_350=0,rsv_vol_28_50_35_350=0,rsv_vol_37_50_35_350=0.693072,rsv_vol_63_50_35_350=8573.34,rsv_vol_65_50_35_350=0,rsv_vol_67_50_35_350=3253.05,sddp_alpha_0_34=1000
o,34,1,sddp_ecut_0_34_111_16,7.15841e+08,,rsv_vol_1_50_34_340=0,rsv_vol_6_50_34_340=-29.8209,rsv_vol_21_50_34_340=0,rsv_vol_28_50_34_340=0,rsv_vol_37_50_34_340=1.1029,rsv_vol_63_50_34_340=9189.82,rsv_vol_65_50_34_340=0,rsv_vol_67_50_34_340=1639.13,sddp_alpha_0_33=1000
o,33,1,sddp_ecut_0_33_111_17,7.85711e+08,,rsv_vol_1_50_33_330=0,rsv_vol_6_50_33_330=1.41522,rsv_vol_21_50_33_330=0,rsv_vol_28_50_33_330=0,rsv_vol_37_50_33_330=2.15555,rsv_vol_63_50_33_330=7432.22,rsv_vol_65_50_33_330=0,rsv_vol_67_50_33_330=7990.96,sddp_alpha_0_32=1000
o,32,1,sddp_ecut_0_32_111_18,7.86227e+08,,rsv_vol_1_50_32_320=0,rsv_vol_6_50_32_320=1.50884,rsv_vol_21_50_32_320=0,rsv_vol_28_50_32_320=0,rsv_vol_37_50_32_320=1.93903,rsv_vol_63_50_32_320=4402.97,rsv_vol_65_50_32_320=0,rsv_vol_67_50_32_320=8573.67,sddp_alpha_0_31=1000
o,31,1,sddp_ecut_0_31_111_19,8.80882e+08,,rsv_vol_1_50_31_310=0,rsv_vol_6_50_31_310=1.86777,rsv_vol_21_50_31_310=0,rsv_vol_28_50_31_310=0,rsv_vol_37_50_31_310=2.48662,rsv_vol_63_50_31_310=1807.29,rsv_vol_65_50_31_310=-15.5341,rsv_vol_67_50_31_310=12724.6,sddp_alpha_0_30=1000
o,30,1,sddp_ecut_0_30_111_20,9.50338e+08,,rsv_vol_1_50_30_300=0,rsv_vol_6_50_30_300=2.42933,rsv_vol_21_50_30_300=0,rsv_vol_28_50_30_300=0,rsv_vol_37_50_30_300=3.57529,rsv_vol_63_50_30_300=8717.49,rsv_vol_65_50_30_300=-31.3159,rsv_vol_67_50_30_300=16476.2,sddp_alpha_0_29=1000
o,29,1,sddp_ecut_0_29_111_21,9.75418e+08,,rsv_vol_1_50_29_290=0,rsv_vol_6_50_29_290=3.07721,rsv_vol_21_50_29_290=0,rsv_vol_28_50_29_290=0,rsv_vol_37_50_29_290=2.22383,rsv_vol_63_50_29_290=8648.77,rsv_vol_65_50_29_290=15585.7,rsv_vol_67_50_29_290=3619.72,sddp_alpha_0_28=1000
o,28,1,sddp_ecut_0_28_111_22,1.03339e+09,,rsv_vol_1_50_28_280=0,rsv_vol_6_50_28_280=3.41761,rsv_vol_21_50_28_280=0,rsv_vol_28_50_28_280=0,rsv_vol_37_50_28_280=6.63199,rsv_vol_63_50_28_280=10199,rsv_vol_65_50_28_280=23688.4,rsv_vol_67_50_28_280=1852.15,sddp_alpha_0_27=1000
o,27,1,sddp_ecut_0_27_111_23,9.23448e+08,,rsv_vol_1_50_27_270=0,rsv_vol_6_50_27_270=-30.9372,rsv_vol_21_50_27_270=0,rsv_vol_28_50_27_270=0,rsv_vol_37_50_27_270=1.23183,rsv_vol_63_50_27_270=9289.17,rsv_vol_65_50_27_270=4392.88,rsv_vol_67_50_27_270=-256.569,sddp_alpha_0_26=1000
o,26,1,sddp_ecut_0_26_111_24,9.38607e+08,,rsv_vol_1_50_26_260=0,rsv_vol_6_50_26_260=-47.1974,rsv_vol_21_50_26_260=0,rsv_vol_28_50_26_260=0,rsv_vol_37_50_26_260=5.18722,rsv_vol_63_50_26_260=10361.7,rsv_vol_65_50_26_260=0,rsv_vol_67_50_26_260=17207.8,sddp_alpha_0_25=1000
o,25,1,sddp_ecut_0_25_111_25,8.2928e+08,,rsv_vol_1_50_25_250=0,rsv_vol_6_50_25_250=-63.968,rsv_vol_21_50_25_250=0,rsv_vol_28_50_25_250=0,rsv_vol_37_50_25_250=4.78176,rsv_vol_63_50_25_250=11019,rsv_vol_65_50_25_250=0,rsv_vol_67_50_25_250=18631.8,sddp_alpha_0_24=1000
o,24,1,sddp_ecut_0_24_111_26,9.00769e+08,,rsv_vol_1_50_24_240=0,rsv_vol_6_50_24_240=-146.75,rsv_vol_21_50_24_240=0,rsv_vol_28_50_24_240=0,rsv_vol_37_50_24_240=3.85428,rsv_vol_63_50_24_240=10337,rsv_vol_65_50_24_240=0,rsv_vol_67_50_24_240=17158.7,sddp_alpha_0_23=1000
o,23,1,sddp_ecut_0_23_111_27,8.7139e+08,,rsv_vol_1_50_23_230=0,rsv_vol_6_50_23_230=-115.323,rsv_vol_21_50_23_230=0,rsv_vol_28_50_23_230=0,rsv_vol_37_50_23_230=1.29822,rsv_vol_63_50_23_230=8882.42,rsv_vol_65_50_23_230=0,rsv_vol_67_50_23_230=6594.82,sddp_alpha_0_22=1000
o,22,1,sddp_ecut_0_22_111_28,2.25306e+08,,rsv_vol_1_50_22_220=0,rsv_vol_6_50_22_220=0.3573,rsv_vol_21_50_22_220=0,rsv_vol_28_50_22_220=0,rsv_vol_37_50_22_220=0.483474,rsv_vol_63_50_22_220=7.80866,rsv_vol_65_50_22_220=-16.6852,rsv_vol_67_50_22_220=2751.78,sddp_alpha_0_21=1000
o,21,1,sddp_ecut_0_21_111_29,1.97243e+08,,rsv_vol_1_50_21_210=0,rsv_vol_6_50_21_210=0.327868,rsv_vol_21_50_21_210=0,rsv_vol_28_50_21_210=0,rsv_vol_37_50_21_210=0.353737,rsv_vol_63_50_21_210=7.20799,rsv_vol_65_50_21_210=-16.6852,rsv_vol_67_50_21_210=1323.9,sddp_alpha_0_20=1000
o,20,1,sddp_ecut_0_20_111_30,2.24944e+08,,rsv_vol_1_50_20_200=0,rsv_vol_6_50_20_200=0.396313,rsv_vol_21_50_20_200=0,rsv_vol_28_50_20_200=0,rsv_vol_37_50_20_200=0.345962,rsv_vol_63_50_20_200=6.00666,rsv_vol_65_50_20_200=-50.0555,rsv_vol_67_50_20_200=1140.36,sddp_alpha_0_19=1000
o,19,1,sddp_ecut_0_19_111_31,1.9615e+08,,rsv_vol_1_50_19_190=0,rsv_vol_6_50_19_190=0.358616,rsv_vol_21_50_19_190=0,rsv_vol_28_50_19_190=0,rsv_vol_37_50_19_190=0.248175,rsv_vol_63_50_19_190=7.20799,rsv_vol_65_50_19_190=-50.0555,rsv_vol_67_50_19_190=392.776,sddp_alpha_0_18=1000
o,18,1,sddp_ecut_0_18_111_32,2.4088e+08,,rsv_vol_1_50_18_180=0,rsv_vol_6_50_18_180=0.402678,rsv_vol_21_50_18_180=0,rsv_vol_28_50_18_180=0,rsv_vol_37_50_18_180=0.414202,rsv_vol_63_50_18_180=7.26547,rsv_vol_65_50_18_180=-50.4547,rsv_vol_67_50_18_180=2041.26,sddp_alpha_0_17=1000
o,17,1,sddp_ecut_0_17_111_33,2.42099e+08,,rsv_vol_1_50_17_170=0,rsv_vol_6_50_17_170=0.412814,rsv_vol_21_50_17_170=0,rsv_vol_28_50_17_170=0,rsv_vol_37_50_17_170=0.503725,rsv_vol_63_50_17_170=7.26547,rsv_vol_65_50_17_170=-33.6364,rsv_vol_67_50_17_170=1572.26,sddp_alpha_0_16=1000
o,16,1,sddp_ecut_0_16_111_34,2.42624e+08,,rsv_vol_1_50_16_160=0,rsv_vol_6_50_16_160=0.418494,rsv_vol_21_50_16_160=0,rsv_vol_28_50_16_160=0,rsv_vol_37_50_16_160=0.488897,rsv_vol_63_50_16_160=6.66001,rsv_vol_65_50_16_160=0,rsv_vol_67_50_16_160=3249.37,sddp_alpha_0_15=1000
o,15,1,sddp_ecut_0_15_111_35,2.12073e+08,,rsv_vol_1_50_15_150=0,rsv_vol_6_50_15_150=0.375323,rsv_vol_21_50_15_150=0,rsv_vol_28_50_15_150=0,rsv_vol_37_50_15_150=0.336979,rsv_vol_63_50_15_150=4.23819,rsv_vol_65_50_15_150=-16.8182,rsv_vol_67_50_15_150=772.609,sddp_alpha_0_14=1000
o,14,1,sddp_ecut_0_14_111_36,2.51893e+08,,rsv_vol_1_50_14_140=0,rsv_vol_6_50_14_140=0.486347,rsv_vol_21_50_14_140=0,rsv_vol_28_50_14_140=0,rsv_vol_37_50_14_140=0.585543,rsv_vol_63_50_14_140=4.88227,rsv_vol_65_50_14_140=-16.9523,rsv_vol_67_50_14_140=5388.82,sddp_alpha_0_13=1000
o,13,1,sddp_ecut_0_13_111_37,2.17886e+08,,rsv_vol_1_50_13_130=0,rsv_vol_6_50_13_130=0.381142,rsv_vol_21_50_13_130=0,rsv_vol_28_50_13_130=0,rsv_vol_37_50_13_130=0.384669,rsv_vol_63_50_13_130=3.05446,rsv_vol_65_50_13_130=-16.9523,rsv_vol_67_50_13_130=1364.34,sddp_alpha_0_12=1000
o,12,1,sddp_ecut_0_12_111_38,2.49692e+08,,rsv_vol_1_50_12_120=0,rsv_vol_6_50_12_120=0.463542,rsv_vol_21_50_12_120=0,rsv_vol_28_50_12_120=0,rsv_vol_37_50_12_120=0.569366,rsv_vol_63_50_12_120=3.66341,rsv_vol_65_50_12_120=-33.9046,rsv_vol_67_50_12_120=4862.43,sddp_alpha_0_11=1000
o,11,1,sddp_ecut_0_11_111_39,2.19629e+08,,rsv_vol_1_50_11_110=0,rsv_vol_6_50_11_110=0.422289,rsv_vol_21_50_11_110=0,rsv_vol_28_50_11_110=0,rsv_vol_37_50_11_110=0.549519,rsv_vol_63_50_11_110=1.22057,rsv_vol_65_50_11_110=0,rsv_vol_67_50_11_110=1867.99,sddp_alpha_0_10=1000
o,10,1,sddp_ecut_0_10_111_40,2.60918e+08,,rsv_vol_1_50_10_100=0,rsv_vol_6_50_10_100=0.460434,rsv_vol_21_50_10_100=0,rsv_vol_28_50_10_100=0,rsv_vol_37_50_10_100=0.520056,rsv_vol_63_50_10_100=1.2303,rsv_vol_65_50_10_100=-34.175,rsv_vol_67_50_10_100=2725.03,sddp_alpha_0_9=1000
o,9,1,sddp_ecut_0_9_111_41,2.6257e+08,,rsv_vol_1_50_9_90=0,rsv_vol_6_50_9_90=0.471838,rsv_vol_21_50_9_90=0,rsv_vol_28_50_9_90=0,rsv_vol_37_50_9_90=0.533764,rsv_vol_63_50_9_90=0,rsv_vol_65_50_9_90=-17.0875,rsv_vol_67_50_9_90=2030.46,sddp_alpha_0_8=1000
o,8,1,sddp_ecut_0_8_111_42,2.63448e+08,,rsv_vol_1_50_8_80=0,rsv_vol_6_50_8_80=0.479546,rsv_vol_21_50_8_80=0,rsv_vol_28_50_8_80=0,rsv_vol_37_50_8_80=0.774691,rsv_vol_63_50_8_80=0.00579216,rsv_vol_65_50_8_80=-17.0875,rsv_vol_67_50_8_80=4295.42,sddp_alpha_0_7=1000
o,7,1,sddp_ecut_0_7_111_43,2.31658e+08,,rsv_vol_1_50_7_70=0,rsv_vol_6_50_7_70=0.434487,rsv_vol_21_50_7_70=0,rsv_vol_28_50_7_70=0,rsv_vol_37_50_7_70=0.680909,rsv_vol_63_50_7_70=0.00517157,rsv_vol_65_50_7_70=-17.0875,rsv_vol_67_50_7_70=3123.81,sddp_alpha_0_6=1000
o,6,1,sddp_ecut_0_6_111_44,2.81814e+08,,rsv_vol_1_50_6_60=0,rsv_vol_6_50_6_60=0.528607,rsv_vol_21_50_6_60=0,rsv_vol_28_50_6_60=0,rsv_vol_37_50_6_60=0.936707,rsv_vol_63_50_6_60=0.00755909,rsv_vol_65_50_6_60=0,rsv_vol_67_50_6_60=5943.57,sddp_alpha_0_5=1000
o,5,1,sddp_ecut_0_5_111_45,2.81885e+08,,rsv_vol_1_50_5_50=0,rsv_vol_6_50_5_50=0.554327,rsv_vol_21_50_5_50=0,rsv_vol_28_50_5_50=0,rsv_vol_37_50_5_50=0.73746,rsv_vol_63_50_5_50=0.00649041,rsv_vol_65_50_5_50=0,rsv_vol_67_50_5_50=4823.92,sddp_alpha_0_4=1000
o,4,1,sddp_ecut_0_4_111_46,2.83267e+08,,rsv_vol_1_50_4_40=0,rsv_vol_6_50_4_40=0.554263,rsv_vol_21_50_4_40=0,rsv_vol_28_50_4_40=0,rsv_vol_37_50_4_40=0.812836,rsv_vol_63_50_4_40=0,rsv_vol_65_50_4_40=0,rsv_vol_67_50_4_40=2573.44,sddp_alpha_0_3=1000
o,3,1,sddp_ecut_0_3_111_47,2.50811e+08,,rsv_vol_1_50_3_30=0,rsv_vol_6_50_3_30=0.545396,rsv_vol_21_50_3_30=0,rsv_vol_28_50_3_30=0,rsv_vol_37_50_3_30=0.744395,rsv_vol_63_50_3_30=0,rsv_vol_65_50_3_30=-34.4475,rsv_vol_67_50_3_30=2830.48,sddp_alpha_0_2=1000
o,2,1,sddp_ecut_0_2_111_48,2.25338e+08,,rsv_vol_1_50_2_20=0,rsv_vol_6_50_2_20=0.707866,rsv_vol_21_50_2_20=0,rsv_vol_28_50_2_20=0,rsv_vol_37_50_2_20=0.488828,rsv_vol_63_50_2_20=0,rsv_vol_65_50_2_20=-69.4444,rsv_vol_67_50_2_20=6213.54,sddp_alpha_0_1=1000
o,1,1,sddp_ecut_0_1_111_49,2.65508e+08,,rsv_vol_1_50_1_10=0,rsv_vol_6_50_1_10=0.843154,rsv_vol_21_50_1_10=0,rsv_vol_28_50_1_10=0,rsv_vol_37_50_1_10=0.507562,rsv_vol_63_50_1_10=0,rsv_vol_65_50_1_10=-17.3611,rsv_vol_67_50_1_10=9920.79,sddp_alpha_0_0=1000
o,50,1,sddp_ecut_0_50_112_0,7.4197e+08,,rsv_vol_1_50_50_500=0,rsv_vol_6_50_50_500=1.94792,rsv_vol_21_50_50_500=0,rsv_vol_28_50_50_500=0,rsv_vol_37_50_50_500=2.90475,rsv_vol_63_50_50_500=9343.02,rsv_vol_65_50_50_500=35009.8,rsv_vol_67_50_50_500=15127.2,sddp_alpha_0_49=1000
o,49,1,sddp_ecut_0_49_112_1,5.94245e+08,,rsv_vol_1_50_49_490=0,rsv_vol_6_50_49_490=-12.3816,rsv_vol_21_50_49_490=0,rsv_vol_28_50_49_490=0,rsv_vol_37_50_49_490=1.87958,rsv_vol_63_50_49_490=8418.64,rsv_vol_65_50_49_490=0,rsv_vol_67_50_49_490=14416.9,sddp_alpha_0_48=1000
o,48,1,sddp_ecut_0_48_112_2,6.5112e+08,,rsv_vol_1_50_48_480=0,rsv_vol_6_50_48_480=-26.4146,rsv_vol_21_50_48_480=0,rsv_vol_28_50_48_480=0,rsv_vol_37_50_48_480=2.43005,rsv_vol_63_50_48_480=7621.99,rsv_vol_65_50_48_480=0,rsv_vol_67_50_48_480=13639.3,sddp_alpha_0_47=1000
o,47,1,sddp_ecut_0_47_112_3,6.4186e+08,,rsv_vol_1_50_47_470=0,rsv_vol_6_50_47_470=-95.2668,rsv_vol_21_50_47_470=0,rsv_vol_28_50_47_470=0,rsv_vol_37_50_47_470=1.45394,rsv_vol_63_50_47_470=7678.17,rsv_vol_65_50_47_470=0,rsv_vol_67_50_47_470=9022.1,sddp_alpha_0_46=1000
o,46,1,sddp_ecut_0_46_112_4,6.21959e+08,,rsv_vol_1_50_46_460=0,rsv_vol_6_50_46_460=-123.55,rsv_vol_21_50_46_460=0,rsv_vol_28_50_46_460=0,rsv_vol_37_50_46_460=1.76338,rsv_vol_63_50_46_460=7622.2,rsv_vol_65_50_46_460=0,rsv_vol_67_50_46_460=6941.93,sddp_alpha_0_45=1000
o,45,1,sddp_ecut_0_45_112_5,6.87401e+08,,rsv_vol_1_50_45_450=0,rsv_vol_6_50_45_450=0.839902,rsv_vol_21_50_45_450=0,rsv_vol_28_50_45_450=0,rsv_vol_37_50_45_450=2.51234,rsv_vol_63_50_45_450=7123.3,rsv_vol_65_50_45_450=0,rsv_vol_67_50_45_450=11127.6,sddp_alpha_0_44=1000
o,44,1,sddp_ecut_0_44_112_6,6.90026e+08,,rsv_vol_1_50_44_440=0,rsv_vol_6_50_44_440=1.09349,rsv_vol_21_50_44_440=0,rsv_vol_28_50_44_440=0,rsv_vol_37_50_44_440=2.27898,rsv_vol_63_50_44_440=7545.16,rsv_vol_65_50_44_440=-28.0204,rsv_vol_67_50_44_440=10508.2,sddp_alpha_0_43=1000
o,43,1,sddp_ecut_0_43_112_7,7.71882e+08,,rsv_vol_1_50_43_430=0,rsv_vol_6_50_43_430=1.45338,rsv_vol_21_50_43_430=0,rsv_vol_28_50_43_430=0,rsv_vol_37_50_43_430=2.45561,rsv_vol_63_50_43_430=6525.85,rsv_vol_65_50_43_430=-28.2438,rsv_vol_67_50_43_430=12635.8,sddp_alpha_0_42=1000
o,42,1,sddp_ecut_0_42_112_8,8.26884e+08,,rsv_vol_1_50_42_420=0,rsv_vol_6_50_42_420=2.01369,rsv_vol_21_50_42_420=0,rsv_vol_28_50_42_420=0,rsv_vol_37_50_42_420=3.00551,rsv_vol_63_50_42_420=8883.06,rsv_vol_65_50_42_420=-14.2345,rsv_vol_67_50_42_420=14733.5,sddp_alpha_0_41=1000
o,41,1,sddp_ecut_0_41_112_9,8.32332e+08,,rsv_vol_1_50_41_410=0,rsv_vol_6_50_41_410=1.89132,rsv_vol_21_50_41_410=0,rsv_vol_28_50_41_410=0,rsv_vol_37_50_41_410=2.95122,rsv_vol_63_50_41_410=6677.09,rsv_vol_65_50_41_410=4962.15,rsv_vol_67_50_41_410=11700.4,sddp_alpha_0_40=1000
o,40,1,sddp_ecut_0_40_112_10,8.47719e+08,,rsv_vol_1_50_40_400=0,rsv_vol_6_50_40_400=2.03587,rsv_vol_21_50_40_400=0,rsv_vol_28_50_40_400=0,rsv_vol_37_50_40_400=4.35808,rsv_vol_63_50_40_400=8532.25,rsv_vol_65_50_40_400=4695.37,rsv_vol_67_50_40_400=14517.1,sddp_alpha_0_39=1000
o,39,1,sddp_ecut_0_39_112_11,7.73673e+08,,rsv_vol_1_50_39_390=0,rsv_vol_6_50_39_390=1.80547,rsv_vol_21_50_39_390=0,rsv_vol_28_50_39_390=0,rsv_vol_37_50_39_390=3.81567,rsv_vol_63_50_39_390=8647.2,rsv_vol_65_50_39_390=4663.56,rsv_vol_67_50_39_390=15042.9,sddp_alpha_0_38=1000
o,38,1,sddp_ecut_0_38_112_12,7.79346e+08,,rsv_vol_1_50_38_380=0,rsv_vol_6_50_38_380=-12.7532,rsv_vol_21_50_38_380=0,rsv_vol_28_50_38_380=0,rsv_vol_37_50_38_380=2.83015,rsv_vol_63_50_38_380=9549.15,rsv_vol_65_50_38_380=12661.7,rsv_vol_67_50_38_380=-235.104,sddp_alpha_0_37=1000
o,37,1,sddp_ecut_0_37_112_13,6.45813e+08,,rsv_vol_1_50_37_370=0,rsv_vol_6_50_37_370=-13.6252,rsv_vol_21_50_37_370=0,rsv_vol_28_50_37_370=0,rsv_vol_37_50_37_370=2.23528,rsv_vol_63_50_37_370=9443.88,rsv_vol_65_50_37_370=0,rsv_vol_67_50_37_370=15930,sddp_alpha_0_36=1000
o,36,1,sddp_ecut_0_36_112_14,7.0939e+08,,rsv_vol_1_50_36_360=0,rsv_vol_6_50_36_360=-29.2047,rsv_vol_21_50_36_360=0,rsv_vol_28_50_36_360=0,rsv_vol_37_50_36_360=2.77566,rsv_vol_63_50_36_360=9090.91,rsv_vol_65_50_36_360=0,rsv_vol_67_50_36_360=15229.1,sddp_alpha_0_35=1000
o,35,1,sddp_ecut_0_35_112_15,7.38236e+08,,rsv_vol_1_50_35_350=0,rsv_vol_6_50_35_350=-105.102,rsv_vol_21_50_35_350=0,rsv_vol_28_50_35_350=0,rsv_vol_37_50_35_350=0.693072,rsv_vol_63_50_35_350=8573.34,rsv_vol_65_50_35_350=0,rsv_vol_67_50_35_350=3253.05,sddp_alpha_0_34=1000
o,34,1,sddp_ecut_0_34_112_16,7.15841e+08,,rsv_vol_1_50_34_340=0,rsv_vol_6_50_34_340=-29.8209,rsv_vol_21_50_34_340=0,rsv_vol_28_50_34_340=0,rsv_vol_37_50_34_340=1.1029,rsv_vol_63_50_34_340=9189.82,rsv_vol_65_50_34_340=0,rsv_vol_67_50_34_340=1639.13,sddp_alpha_0_33=1000
o,33,1,sddp_ecut_0_33_112_17,7.85711e+08,,rsv_vol_1_50_33_330=0,rsv_vol_6_50_33_330=1.41522,rsv_vol_21_50_33_330=0,rsv_vol_28_50_33_330=0,rsv_vol_37_50_33_330=2.15555,rsv_vol_63_50_33_330=7432.22,rsv_vol_65_50_33_330=0,rsv_vol_67_50_33_330=7990.96,sddp_alpha_0_32=1000
o,32,1,sddp_ecut_0_32_112_18,7.86227e+08,,rsv_vol_1_50_32_320=0,rsv_vol_6_50_32_320=1.50884,rsv_vol_21_50_32_320=0,rsv_vol_28_50_32_320=0,rsv_vol_37_50_32_320=1.93903,rsv_vol_63_50_32_320=4402.97,rsv_vol_65_50_32_320=0,rsv_vol_67_50_32_320=8573.67,sddp_alpha_0_31=1000
o,31,1,sddp_ecut_0_31_112_19,8.80882e+08,,rsv_vol_1_50_31_310=0,rsv_vol_6_50_31_310=1.86777,rsv_vol_21_50_31_310=0,rsv_vol_28_50_31_310=0,rsv_vol_37_50_31_310=2.48662,rsv_vol_63_50_31_310=1807.29,rsv_vol_65_50_31_310=-15.5341,rsv_vol_67_50_31_310=12724.6,sddp_alpha_0_30=1000
o,30,1,sddp_ecut_0_30_112_20,9.50338e+08,,rsv_vol_1_50_30_300=0,rsv_vol_6_50_30_300=2.42933,rsv_vol_21_50_30_300=0,rsv_vol_28_50_30_300=0,rsv_vol_37_50_30_300=3.57529,rsv_vol_63_50_30_300=8717.49,rsv_vol_65_50_30_300=-31.3159,rsv_vol_67_50_30_300=16476.2,sddp_alpha_0_29=1000
o,29,1,sddp_ecut_0_29_112_21,9.75418e+08,,rsv_vol_1_50_29_290=0,rsv_vol_6_50_29_290=3.07721,rsv_vol_21_50_29_290=0,rsv_vol_28_50_29_290=0,rsv_vol_37_50_29_290=2.22383,rsv_vol_63_50_29_290=8648.77,rsv_vol_65_50_29_290=15585.7,rsv_vol_67_50_29_290=3619.72,sddp_alpha_0_28=1000
o,28,1,sddp_ecut_0_28_112_22,1.03339e+09,,rsv_vol_1_50_28_280=0,rsv_vol_6_50_28_280=3.41761,rsv_vol_21_50_28_280=0,rsv_vol_28_50_28_280=0,rsv_vol_37_50_28_280=6.63199,rsv_vol_63_50_28_280=10199,rsv_vol_65_50_28_280=23688.4,rsv_vol_67_50_28_280=1852.15,sddp_alpha_0_27=1000
o,27,1,sddp_ecut_0_27_112_23,9.23448e+08,,rsv_vol_1_50_27_270=0,rsv_vol_6_50_27_270=-30.9372,rsv_vol_21_50_27_270=0,rsv_vol_28_50_27_270=0,rsv_vol_37_50_27_270=1.23183,rsv_vol_63_50_27_270=9289.17,rsv_vol_65_50_27_270=4392.88,rsv_vol_67_50_27_270=-256.569,sddp_alpha_0_26=1000
o,26,1,sddp_ecut_0_26_112_24,9.38607e+08,,rsv_vol_1_50_26_260=0,rsv_vol_6_50_26_260=-47.1974,rsv_vol_21_50_26_260=0,rsv_vol_28_50_26_260=0,rsv_vol_37_50_26_260=5.18722,rsv_vol_63_50_26_260=10361.7,rsv_vol_65_50_26_260=0,rsv_vol_67_50_26_260=17207.8,sddp_alpha_0_25=1000
o,25,1,sddp_ecut_0_25_112_25,8.2928e+08,,rsv_vol_1_50_25_250=0,rsv_vol_6_50_25_250=-63.968,rsv_vol_21_50_25_250=0,rsv_vol_28_50_25_250=0,rsv_vol_37_50_25_250=4.78176,rsv_vol_63_50_25_250=11019,rsv_vol_65_50_25_250=0,rsv_vol_67_50_25_250=18631.8,sddp_alpha_0_24=1000
o,24,1,sddp_ecut_0_24_112_26,9.00769e+08,,rsv_vol_1_50_24_240=0,rsv_vol_6_50_24_240=-146.75,rsv_vol_21_50_24_240=0,rsv_vol_28_50_24_240=0,rsv_vol_37_50_24_240=3.85428,rsv_vol_63_50_24_240=10337,rsv_vol_65_50_24_240=0,rsv_vol_67_50_24_240=17158.7,sddp_alpha_0_23=1000
o,23,1,sddp_ecut_0_23_112_27,8.7139e+08,,rsv_vol_1_50_23_230=0,rsv_vol_6_50_23_230=-115.323,rsv_vol_21_50_23_230=0,rsv_vol_28_50_23_230=0,rsv_vol_37_50_23_230=1.29822,rsv_vol_63_50_23_230=8882.42,rsv_vol_65_50_23_230=0,rsv_vol_67_50_23_230=6594.82,sddp_alpha_0_22=1000
o,22,1,sddp_ecut_0_22_112_28,2.25306e+08,,rsv_vol_1_50_22_220=0,rsv_vol_6_50_22_220=0.3573,rsv_vol_21_50_22_220=0,rsv_vol_28_50_22_220=0,rsv_vol_37_50_22_220=0.483474,rsv_vol_63_50_22_220=7.80866,rsv_vol_65_50_22_220=-16.6852,rsv_vol_67_50_22_220=2751.78,sddp_alpha_0_21=1000
o,21,1,sddp_ecut_0_21_112_29,1.97243e+08,,rsv_vol_1_50_21_210=0,rsv_vol_6_50_21_210=0.327868,rsv_vol_21_50_21_210=0,rsv_vol_28_50_21_210=0,rsv_vol_37_50_21_210=0.353737,rsv_vol_63_50_21_210=7.20799,rsv_vol_65_50_21_210=-16.6852,rsv_vol_67_50_21_210=1323.9,sddp_alpha_0_20=1000
o,20,1,sddp_ecut_0_20_112_30,2.24944e+08,,rsv_vol_1_50_20_200=0,rsv_vol_6_50_20_200=0.396313,rsv_vol_21_50_20_200=0,rsv_vol_28_50_20_200=0,rsv_vol_37_50_20_200=0.345962,rsv_vol_63_50_20_200=6.00666,rsv_vol_65_50_20_200=-50.0555,rsv_vol_67_50_20_200=1140.36,sddp_alpha_0_19=1000
o,19,1,sddp_ecut_0_19_112_31,1.9615e+08,,rsv_vol_1_50_19_190=0,rsv_vol_6_50_19_190=0.358616,rsv_vol_21_50_19_190=0,rsv_vol_28_50_19_190=0,rsv_vol_37_50_19_190=0.248175,rsv_vol_63_50_19_190=7.20799,rsv_vol_65_50_19_190=-50.0555,rsv_vol_67_50_19_190=392.776,sddp_alpha_0_18=1000
o,18,1,sddp_ecut_0_18_112_32,2.4088e+08,,rsv_vol_1_50_18_180=0,rsv_vol_6_50_18_180=0.402678,rsv_vol_21_50_18_180=0,rsv_vol_28_50_18_180=0,rsv_vol_37_50_18_180=0.414202,rsv_vol_63_50_18_180=7.26547,rsv_vol_65_50_18_180=-50.4547,rsv_vol_67_50_18_180=2041.26,sddp_alpha_0_17=1000
o,17,1,sddp_ecut_0_17_112_33,2.42099e+08,,rsv_vol_1_50_17_170=0,rsv_vol_6_50_17_170=0.412814,rsv_vol_21_50_17_170=0,rsv_vol_28_50_17_170=0,rsv_vol_37_50_17_170=0.503725,rsv_vol_63_50_17_170=7.26547,rsv_vol_65_50_17_170=-33.6364,rsv_vol_67_50_17_170=1572.26,sddp_alpha_0_16=1000
o,16,1,sddp_ecut_0_16_112_34,2.42624e+08,,rsv_vol_1_50_16_160=0,rsv_vol_6_50_16_160=0.418494,rsv_vol_21_50_16_160=0,rsv_vol_28_50_16_160=0,rsv_vol_37_50_16_160=0.488897,rsv_vol_63_50_16_160=6.66001,rsv_vol_65_50_16_160=0,rsv_vol_67_50_16_160=3249.37,sddp_alpha_0_15=1000
o,15,1,sddp_ecut_0_15_112_35,2.12073e+08,,rsv_vol_1_50_15_150=0,rsv_vol_6_50_15_150=0.375323,rsv_vol_21_50_15_150=0,rsv_vol_28_50_15_150=0,rsv_vol_37_50_15_150=0.336979,rsv_vol_63_50_15_150=4.23819,rsv_vol_65_50_15_150=-16.8182,rsv_vol_67_50_15_150=772.609,sddp_alpha_0_14=1000
o,14,1,sddp_ecut_0_14_112_36,2.51893e+08,,rsv_vol_1_50_14_140=0,rsv_vol_6_50_14_140=0.486347,rsv_vol_21_50_14_140=0,rsv_vol_28_50_14_140=0,rsv_vol_37_50_14_140=0.585543,rsv_vol_63_50_14_140=4.88227,rsv_vol_65_50_14_140=-16.9523,rsv_vol_67_50_14_140=5388.82,sddp_alpha_0_13=1000
o,13,1,sddp_ecut_0_13_112_37,2.17886e+08,,rsv_vol_1_50_13_130=0,rsv_vol_6_50_13_130=0.381142,rsv_vol_21_50_13_130=0,rsv_vol_28_50_13_130=0,rsv_vol_37_50_13_130=0.384669,rsv_vol_63_50_13_130=3.05448,rsv_vol_65_50_13_130=-16.9523,rsv_vol_67_50_13_130=1364.34,sddp_alpha_0_12=1000
o,12,1,sddp_ecut_0_12_112_38,2.49692e+08,,rsv_vol_1_50_12_120=0,rsv_vol_6_50_12_120=0.463542,rsv_vol_21_50_12_120=0,rsv_vol_28_50_12_120=0,rsv_vol_37_50_12_120=0.569366,rsv_vol_63_50_12_120=3.66341,rsv_vol_65_50_12_120=-33.9046,rsv_vol_67_50_12_120=4862.43,sddp_alpha_0_11=1000
o,11,1,sddp_ecut_0_11_112_39,2.19629e+08,,rsv_vol_1_50_11_110=0,rsv_vol_6_50_11_110=0.422289,rsv_vol_21_50_11_110=0,rsv_vol_28_50_11_110=0,rsv_vol_37_50_11_110=0.549519,rsv_vol_63_50_11_110=1.22057,rsv_vol_65_50_11_110=0,rsv_vol_67_50_11_110=1867.99,sddp_alpha_0_10=1000
o,10,1,sddp_ecut_0_10_112_40,2.60918e+08,,rsv_vol_1_50_10_100=0,rsv_vol_6_50_10_100=0.460434,rsv_vol_21_50_10_100=0,rsv_vol_28_50_10_100=0,rsv_vol_37_50_10_100=0.520056,rsv_vol_63_50_10_100=1.2303,rsv_vol_65_50_10_100=-34.175,rsv_vol_67_50_10_100=2725.03,sddp_alpha_0_9=1000
o,9,1,sddp_ecut_0_9_112_41,2.6257e+08,,rsv_vol_1_50_9_90=0,rsv_vol_6_50_9_90=0.471838,rsv_vol_21_50_9_90=0,rsv_vol_28_50_9_90=0,rsv_vol_37_50_9_90=0.533764,rsv_vol_63_50_9_90=0,rsv_vol_65_50_9_90=-17.0875,rsv_vol_67_50_9_90=2030.46,sddp_alpha_0_8=1000
o,8,1,sddp_ecut_0_8_112_42,2.63448e+08,,rsv_vol_1_50_8_80=0,rsv_vol_6_50_8_80=0.479546,rsv_vol_21_50_8_80=0,rsv_vol_28_50_8_80=0,rsv_vol_37_50_8_80=0.774691,rsv_vol_63_50_8_80=0.00579216,rsv_vol_65_50_8_80=-17.0875,rsv_vol_67_50_8_80=4295.42,sddp_alpha_0_7=1000
o,7,1,sddp_ecut_0_7_112_43,2.31658e+08,,rsv_vol_1_50_7_70=0,rsv_vol_6_50_7_70=0.434487,rsv_vol_21_50_7_70=0,rsv_vol_28_50_7_70=0,rsv_vol_37_50_7_70=0.680909,rsv_vol_63_50_7_70=0.00517157,rsv_vol_65_50_7_70=-17.0875,rsv_vol_67_50_7_70=3123.81,sddp_alpha_0_6=1000
o,6,1,sddp_ecut_0_6_112_44,2.81814e+08,,rsv_vol_1_50_6_60=0,rsv_vol_6_50_6_60=0.528607,rsv_vol_21_50_6_60=0,rsv_vol_28_50_6_60=0,rsv_vol_37_50_6_60=0.936707,rsv_vol_63_50_6_60=0.00755614,rsv_vol_65_50_6_60=0,rsv_vol_67_50_6_60=5943.57,sddp_alpha_0_5=1000
o,5,1,sddp_ecut_0_5_112_45,2.81885e+08,,rsv_vol_1_50_5_50=0,rsv_vol_6_50_5_50=0.554327,rsv_vol_21_50_5_50=0,rsv_vol_28_50_5_50=0,rsv_vol_37_50_5_50=0.73746,rsv_vol_63_50_5_50=0.00649041,rsv_vol_65_50_5_50=0,rsv_vol_67_50_5_50=4823.92,sddp_alpha_0_4=1000
o,4,1,sddp_ecut_0_4_112_46,2.83267e+08,,rsv_vol_1_50_4_40=0,rsv_vol_6_50_4_40=0.554263,rsv_vol_21_50_4_40=0,rsv_vol_28_50_4_40=0,rsv_vol_37_50_4_40=0.812836,rsv_vol_63_50_4_40=0,rsv_vol_65_50_4_40=0,rsv_vol_67_50_4_40=2573.44,sddp_alpha_0_3=1000
o,3,1,sddp_ecut_0_3_112_47,2.50811e+08,,rsv_vol_1_50_3_30=0,rsv_vol_6_50_3_30=0.545396,rsv_vol_21_50_3_30=0,rsv_vol_28_50_3_30=0,rsv_vol_37_50_3_30=0.744395,rsv_vol_63_50_3_30=0,rsv_vol_65_50_3_30=-34.4475,rsv_vol_67_50_3_30=2830.48,sddp_alpha_0_2=1000
o,2,1,sddp_ecut_0_2_112_48,2.25338e+08,,rsv_vol_1_50_2_20=0,rsv_vol_6_50_2_20=0.707866,rsv_vol_21_50_2_20=0,rsv_vol_28_50_2_20=0,rsv_vol_37_50_2_20=0.488828,rsv_vol_63_50_2_20=0,rsv_vol_65_50_2_20=-69.4444,rsv_vol_67_50_2_20=6213.54,sddp_alpha_0_1=1000
o,1,1,sddp_ecut_0_1_112_49,2.65508e+08,,rsv_vol_1_50_1_10=0,rsv_vol_6_50_1_10=0.843154,rsv_vol_21_50_1_10=0,rsv_vol_28_50_1_10=0,rsv_vol_37_50_1_10=0.507562,rsv_vol_63_50_1_10=0,rsv_vol_65_50_1_10=-17.3611,rsv_vol_67_50_1_10=9920.79,sddp_alpha_0_0=1000
o,50,1,sddp_ecut_0_50_113_0,7.4197e+08,,rsv_vol_1_50_50_500=0,rsv_vol_6_50_50_500=1.94792,rsv_vol_21_50_50_500=0,rsv_vol_28_50_50_500=0,rsv_vol_37_50_50_500=2.90475,rsv_vol_63_50_50_500=9343.02,rsv_vol_65_50_50_500=35009.8,rsv_vol_67_50_50_500=15127.2,sddp_alpha_0_49=1000
o,49,1,sddp_ecut_0_49_113_1,5.94245e+08,,rsv_vol_1_50_49_490=0,rsv_vol_6_50_49_490=-12.3816,rsv_vol_21_50_49_490=0,rsv_vol_28_50_49_490=0,rsv_vol_37_50_49_490=1.87958,rsv_vol_63_50_49_490=8418.64,rsv_vol_65_50_49_490=0,rsv_vol_67_50_49_490=14416.9,sddp_alpha_0_48=1000
o,48,1,sddp_ecut_0_48_113_2,6.5112e+08,,rsv_vol_1_50_48_480=0,rsv_vol_6_50_48_480=-26.4146,rsv_vol_21_50_48_480=0,rsv_vol_28_50_48_480=0,rsv_vol_37_50_48_480=2.43005,rsv_vol_63_50_48_480=7621.99,rsv_vol_65_50_48_480=0,rsv_vol_67_50_48_480=13639.3,sddp_alpha_0_47=1000
o,47,1,sddp_ecut_0_47_113_3,6.4186e+08,,rsv_vol_1_50_47_470=0,rsv_vol_6_50_47_470=-95.2668,rsv_vol_21_50_47_470=0,rsv_vol_28_50_47_470=0,rsv_vol_37_50_47_470=1.45394,rsv_vol_63_50_47_470=7678.17,rsv_vol_65_50_47_470=0,rsv_vol_67_50_47_470=9022.1,sddp_alpha_0_46=1000
o,46,1,sddp_ecut_0_46_113_4,6.21959e+08,,rsv_vol_1_50_46_460=0,rsv_vol_6_50_46_460=-123.55,rsv_vol_21_50_46_460=0,rsv_vol_28_50_46_460=0,rsv_vol_37_50_46_460=1.76338,rsv_vol_63_50_46_460=7622.2,rsv_vol_65_50_46_460=0,rsv_vol_67_50_46_460=6941.93,sddp_alpha_0_45=1000
o,45,1,sddp_ecut_0_45_113_5,6.87401e+08,,rsv_vol_1_50_45_450=0,rsv_vol_6_50_45_450=0.839902,rsv_vol_21_50_45_450=0,rsv_vol_28_50_45_450=0,rsv_vol_37_50_45_450=2.51234,rsv_vol_63_50_45_450=7123.3,rsv_vol_65_50_45_450=0,rsv_vol_67_50_45_450=11127.6,sddp_alpha_0_44=1000
o,44,1,sddp_ecut_0_44_113_6,6.90026e+08,,rsv_vol_1_50_44_440=0,rsv_vol_6_50_44_440=1.09349,rsv_vol_21_50_44_440=0,rsv_vol_28_50_44_440=0,rsv_vol_37_50_44_440=2.27898,rsv_vol_63_50_44_440=7545.16,rsv_vol_65_50_44_440=-28.0204,rsv_vol_67_50_44_440=10508.2,sddp_alpha_0_43=1000
o,43,1,sddp_ecut_0_43_113_7,7.71882e+08,,rsv_vol_1_50_43_430=0,rsv_vol_6_50_43_430=1.45338,rsv_vol_21_50_43_430=0,rsv_vol_28_50_43_430=0,rsv_vol_37_50_43_430=2.45561,rsv_vol_63_50_43_430=6525.85,rsv_vol_65_50_43_430=-28.2438,rsv_vol_67_50_43_430=12635.8,sddp_alpha_0_42=1000
o,42,1,sddp_ecut_0_42_113_8,8.26884e+08,,rsv_vol_1_50_42_420=0,rsv_vol_6_50_42_420=2.01369,rsv_vol_21_50_42_420=0,rsv_vol_28_50_42_420=0,rsv_vol_37_50_42_420=3.00551,rsv_vol_63_50_42_420=8883.06,rsv_vol_65_50_42_420=-14.2345,rsv_vol_67_50_42_420=14733.5,sddp_alpha_0_41=1000
o,41,1,sddp_ecut_0_41_113_9,8.32332e+08,,rsv_vol_1_50_41_410=0,rsv_vol_6_50_41_410=1.89132,rsv_vol_21_50_41_410=0,rsv_vol_28_50_41_410=0,rsv_vol_37_50_41_410=2.95122,rsv_vol_63_50_41_410=6677.09,rsv_vol_65_50_41_410=4962.15,rsv_vol_67_50_41_410=11700.4,sddp_alpha_0_40=1000
o,40,1,sddp_ecut_0_40_113_10,8.47719e+08,,rsv_vol_1_50_40_400=0,rsv_vol_6_50_40_400=2.03587,rsv_vol_21_50_40_400=0,rsv_vol_28_50_40_400=0,rsv_vol_37_50_40_400=4.35808,rsv_vol_63_50_40_400=8532.25,rsv_vol_65_50_40_400=4695.37,rsv_vol_67_50_40_400=14517.1,sddp_alpha_0_39=1000
o,39,1,sddp_ecut_0_39_113_11,7.73673e+08,,rsv_vol_1_50_39_390=0,rsv_vol_6_50_39_390=1.80547,rsv_vol_21_50_39_390=0,rsv_vol_28_50_39_390=0,rsv_vol_37_50_39_390=3.81567,rsv_vol_63_50_39_390=8647.2,rsv_vol_65_50_39_390=4663.56,rsv_vol_67_50_39_390=15042.9,sddp_alpha_0_38=1000
o,38,1,sddp_ecut_0_38_113_12,7.79346e+08,,rsv_vol_1_50_38_380=0,rsv_vol_6_50_38_380=-12.7532,rsv_vol_21_50_38_380=0,rsv_vol_28_50_38_380=0,rsv_vol_37_50_38_380=2.83015,rsv_vol_63_50_38_380=9549.15,rsv_vol_65_50_38_380=12661.7,rsv_vol_67_50_38_380=-235.104,sddp_alpha_0_37=1000
o,37,1,sddp_ecut_0_37_113_13,6.45813e+08,,rsv_vol_1_50_37_370=0,rsv_vol_6_50_37_370=-13.6252,rsv_vol_21_50_37_370=0,rsv_vol_28_50_37_370=0,rsv_vol_37_50_37_370=2.23528,rsv_vol_63_50_37_370=9443.88,rsv_vol_65_50_37_370=0,rsv_vol_67_50_37_370=15930,sddp_alpha_0_36=1000
o,36,1,sddp_ecut_0_36_113_14,7.0939e+08,,rsv_vol_1_50_36_360=0,rsv_vol_6_50_36_360=-29.2047,rsv_vol_21_50_36_360=0,rsv_vol_28_50_36_360=0,rsv_vol_37_50_36_360=2.77566,rsv_vol_63_50_36_360=9090.91,rsv_vol_65_50_36_360=0,rsv_vol_67_50_36_360=15229.1,sddp_alpha_0_35=1000
o,35,1,sddp_ecut_0_35_113_15,7.38236e+08,,rsv_vol_1_50_35_350=0,rsv_vol_6_50_35_350=-105.102,rsv_vol_21_50_35_350=0,rsv_vol_28_50_35_350=0,rsv_vol_37_50_35_350=0.693072,rsv_vol_63_50_35_350=8573.34,rsv_vol_65_50_35_350=0,rsv_vol_67_50_35_350=3253.05,sddp_alpha_0_34=1000
o,34,1,sddp_ecut_0_34_113_16,7.15841e+08,,rsv_vol_1_50_34_340=0,rsv_vol_6_50_34_340=-29.8209,rsv_vol_21_50_34_340=0,rsv_vol_28_50_34_340=0,rsv_vol_37_50_34_340=1.1029,rsv_vol_63_50_34_340=9189.82,rsv_vol_65_50_34_340=0,rsv_vol_67_50_34_340=1639.13,sddp_alpha_0_33=1000
o,33,1,sddp_ecut_0_33_113_17,7.85711e+08,,rsv_vol_1_50_33_330=0,rsv_vol_6_50_33_330=1.41522,rsv_vol_21_50_33_330=0,rsv_vol_28_50_33_330=0,rsv_vol_37_50_33_330=2.15555,rsv_vol_63_50_33_330=7432.22,rsv_vol_65_50_33_330=0,rsv_vol_67_50_33_330=7990.96,sddp_alpha_0_32=1000
o,32,1,sddp_ecut_0_32_113_18,7.86227e+08,,rsv_vol_1_50_32_320=0,rsv_vol_6_50_32_320=1.50884,rsv_vol_21_50_32_320=0,rsv_vol_28_50_32_320=0,rsv_vol_37_50_32_320=1.93903,rsv_vol_63_50_32_320=4402.97,rsv_vol_65_50_32_320=0,rsv_vol_67_50_32_320=8573.67,sddp_alpha_0_31=1000
o,31,1,sddp_ecut_0_31_113_19,8.80882e+08,,rsv_vol_1_50_31_310=0,rsv_vol_6_50_31_310=1.86777,rsv_vol_21_50_31_310=0,rsv_vol_28_50_31_310=0,rsv_vol_37_50_31_310=2.48662,rsv_vol_63_50_31_310=1807.29,rsv_vol_65_50_31_310=-15.5341,rsv_vol_67_50_31_310=12724.6,sddp_alpha_0_30=1000
o,30,1,sddp_ecut_0_30_113_20,9.50338e+08,,rsv_vol_1_50_30_300=0,rsv_vol_6_50_30_300=2.42933,rsv_vol_21_50_30_300=0,rsv_vol_28_50_30_300=0,rsv_vol_37_50_30_300=3.57529,rsv_vol_63_50_30_300=8717.49,rsv_vol_65_50_30_300=-31.3159,rsv_vol_67_50_30_300=16476.2,sddp_alpha_0_29=1000
o,29,1,sddp_ecut_0_29_113_21,9.75418e+08,,rsv_vol_1_50_29_290=0,rsv_vol_6_50_29_290=3.07721,rsv_vol_21_50_29_290=0,rsv_vol_28_50_29_290=0,rsv_vol_37_50_29_290=2.22383,rsv_vol_63_50_29_290=8648.77,rsv_vol_65_50_29_290=15585.7,rsv_vol_67_50_29_290=3619.72,sddp_alpha_0_28=1000
o,28,1,sddp_ecut_0_28_113_22,1.03339e+09,,rsv_vol_1_50_28_280=0,rsv_vol_6_50_28_280=3.41761,rsv_vol_21_50_28_280=0,rsv_vol_28_50_28_280=0,rsv_vol_37_50_28_280=6.63199,rsv_vol_63_50_28_280=10199,rsv_vol_65_50_28_280=23688.4,rsv_vol_67_50_28_280=1852.15,sddp_alpha_0_27=1000
o,27,1,sddp_ecut_0_27_113_23,9.23448e+08,,rsv_vol_1_50_27_270=0,rsv_vol_6_50_27_270=-30.9372,rsv_vol_21_50_27_270=0,rsv_vol_28_50_27_270=0,rsv_vol_37_50_27_270=1.23183,rsv_vol_63_50_27_270=9289.17,rsv_vol_65_50_27_270=4392.88,rsv_vol_67_50_27_270=-256.569,sddp_alpha_0_26=1000
o,26,1,sddp_ecut_0_26_113_24,9.38607e+08,,rsv_vol_1_50_26_260=0,rsv_vol_6_50_26_260=-47.1974,rsv_vol_21_50_26_260=0,rsv_vol_28_50_26_260=0,rsv_vol_37_50_26_260=5.18722,rsv_vol_63_50_26_260=10361.7,rsv_vol_65_50_26_260=0,rsv_vol_67_50_26_260=17207.8,sddp_alpha_0_25=1000
o,25,1,sddp_ecut_0_25_113_25,8.2928e+08,,rsv_vol_1_50_25_250=0,rsv_vol_6_50_25_250=-63.968,rsv_vol_21_50_25_250=0,rsv_vol_28_50_25_250=0,rsv_vol_37_50_25_250=4.78176,rsv_vol_63_50_25_250=11019,rsv_vol_65_50_25_250=0,rsv_vol_67_50_25_250=18631.8,sddp_alpha_0_24=1000
o,24,1,sddp_ecut_0_24_113_26,9.00769e+08,,rsv_vol_1_50_24_240=0,rsv_vol_6_50_24_240=-146.75,rsv_vol_21_50_24_240=0,rsv_vol_28_50_24_240=0,rsv_vol_37_50_24_240=3.85428,rsv_vol_63_50_24_240=10337,rsv_vol_65_50_24_240=0,rsv_vol_67_50_24_240=17158.7,sddp_alpha_0_23=1000
o,23,1,sddp_ecut_0_23_113_27,8.7139e+08,,rsv_vol_1_50_23_230=0,rsv_vol_6_50_23_230=-115.323,rsv_vol_21_50_23_230=0,rsv_vol_28_50_23_230=0,rsv_vol_37_50_23_230=1.29822,rsv_vol_63_50_23_230=8882.42,rsv_vol_65_50_23_230=0,rsv_vol_67_50_23_230=6594.82,sddp_alpha_0_22=1000
o,22,1,sddp_ecut_0_22_113_28,2.25306e+08,,rsv_vol_1_50_22_220=0,rsv_vol_6_50_22_220=0.3573,rsv_vol_21_50_22_220=0,rsv_vol_28_50_22_220=0,rsv_vol_37_50_22_220=0.483474,rsv_vol_63_50_22_220=7.80866,rsv_vol_65_50_22_220=-16.6852,rsv_vol_67_50_22_220=2751.78,sddp_alpha_0_21=1000
o,21,1,sddp_ecut_0_21_113_29,1.97243e+08,,rsv_vol_1_50_21_210=0,rsv_vol_6_50_21_210=0.327868,rsv_vol_21_50_21_210=0,rsv_vol_28_50_21_210=0,rsv_vol_37_50_21_210=0.353737,rsv_vol_63_50_21_210=7.20799,rsv_vol_65_50_21_210=-16.6852,rsv_vol_67_50_21_210=1323.9,sddp_alpha_0_20=1000
o,20,1,sddp_ecut_0_20_113_30,2.24944e+08,,rsv_vol_1_50_20_200=0,rsv_vol_6_50_20_200=0.396313,rsv_vol_21_50_20_200=0,rsv_vol_28_50_20_200=0,rsv_vol_37_50_20_200=0.345962,rsv_vol_63_50_20_200=6.00666,rsv_vol_65_50_20_200=-50.0555,rsv_vol_67_50_20_200=1140.36,sddp_alpha_0_19=1000
o,19,1,sddp_ecut_0_19_113_31,1.9615e+08,,rsv_vol_1_50_19_190=0,rsv_vol_6_50_19_190=0.358616,rsv_vol_21_50_19_190=0,rsv_vol_28_50_19_190=0,rsv_vol_37_50_19_190=0.248175,rsv_vol_63_50_19_190=7.20799,rsv_vol_65_50_19_190=-50.0555,rsv_vol_67_50_19_190=392.776,sddp_alpha_0_18=1000
o,18,1,sddp_ecut_0_18_113_32,2.4088e+08,,rsv_vol_1_50_18_180=0,rsv_vol_6_50_18_180=0.402678,rsv_vol_21_50_18_180=0,rsv_vol_28_50_18_180=0,rsv_vol_37_50_18_180=0.414202,rsv_vol_63_50_18_180=7.26547,rsv_vol_65_50_18_180=-50.4547,rsv_vol_67_50_18_180=2041.26,sddp_alpha_0_17=1000
o,17,1,sddp_ecut_0_17_113_33,2.42099e+08,,rsv_vol_1_50_17_170=0,rsv_vol_6_50_17_170=0.412814,rsv_vol_21_50_17_170=0,rsv_vol_28_50_17_170=0,rsv_vol_37_50_17_170=0.503725,rsv_vol_63_50_17_170=7.26547,rsv_vol_65_50_17_170=-33.6364,rsv_vol_67_50_17_170=1572.26,sddp_alpha_0_16=1000
o,16,1,sddp_ecut_0_16_113_34,2.42624e+08,,rsv_vol_1_50_16_160=0,rsv_vol_6_50_16_160=0.418494,rsv_vol_21_50_16_160=0,rsv_vol_28_50_16_160=0,rsv_vol_37_50_16_160=0.488897,rsv_vol_63_50_16_160=6.66001,rsv_vol_65_50_16_160=0,rsv_vol_67_50_16_160=3249.37,sddp_alpha_0_15=1000
o,15,1,sddp_ecut_0_15_113_35,2.12073e+08,,rsv_vol_1_50_15_150=0,rsv_vol_6_50_15_150=0.375323,rsv_vol_21_50_15_150=0,rsv_vol_28_50_15_150=0,rsv_vol_37_50_15_150=0.336979,rsv_vol_63_50_15_150=4.23819,rsv_vol_65_50_15_150=-16.8182,rsv_vol_67_50_15_150=772.609,sddp_alpha_0_14=1000
o,14,1,sddp_ecut_0_14_113_36,2.51893e+08,,rsv_vol_1_50_14_140=0,rsv_vol_6_50_14_140=0.486347,rsv_vol_21_50_14_140=0,rsv_vol_28_50_14_140=0,rsv_vol_37_50_14_140=0.585543,rsv_vol_63_50_14_140=4.88227,rsv_vol_65_50_14_140=-16.9523,rsv_vol_67_50_14_140=5388.82,sddp_alpha_0_13=1000
o,13,1,sddp_ecut_0_13_113_37,2.17886e+08,,rsv_vol_1_50_13_130=0,rsv_vol_6_50_13_130=0.381142,rsv_vol_21_50_13_130=0,rsv_vol_28_50_13_130=0,rsv_vol_37_50_13_130=0.384669,rsv_vol_63_50_13_130=3.05446,rsv_vol_65_50_13_130=-16.9523,rsv_vol_67_50_13_130=1364.34,sddp_alpha_0_12=1000
o,12,1,sddp_ecut_0_12_113_38,2.49692e+08,,rsv_vol_1_50_12_120=0,rsv_vol_6_50_12_120=0.463542,rsv_vol_21_50_12_120=0,rsv_vol_28_50_12_120=0,rsv_vol_37_50_12_120=0.569366,rsv_vol_63_50_12_120=3.66341,rsv_vol_65_50_12_120=-33.9046,rsv_vol_67_50_12_120=4862.43,sddp_alpha_0_11=1000
o,11,1,sddp_ecut_0_11_113_39,2.19629e+08,,rsv_vol_1_50_11_110=0,rsv_vol_6_50_11_110=0.422289,rsv_vol_21_50_11_110=0,rsv_vol_28_50_11_110=0,rsv_vol_37_50_11_110=0.549519,rsv_vol_63_50_11_110=1.22057,rsv_vol_65_50_11_110=0,rsv_vol_67_50_11_110=1867.99,sddp_alpha_0_10=1000
o,10,1,sddp_ecut_0_10_113_40,2.60918e+08,,rsv_vol_1_50_10_100=0,rsv_vol_6_50_10_100=0.460434,rsv_vol_21_50_10_100=0,rsv_vol_28_50_10_100=0,rsv_vol_37_50_10_100=0.520056,rsv_vol_63_50_10_100=1.2303,rsv_vol_65_50_10_100=-34.175,rsv_vol_67_50_10_100=2725.03,sddp_alpha_0_9=1000
o,9,1,sddp_ecut_0_9_113_41,2.6257e+08,,rsv_vol_1_50_9_90=0,rsv_vol_6_50_9_90=0.471838,rsv_vol_21_50_9_90=0,rsv_vol_28_50_9_90=0,rsv_vol_37_50_9_90=0.533764,rsv_vol_63_50_9_90=0,rsv_vol_65_50_9_90=-17.0875,rsv_vol_67_50_9_90=2030.46,sddp_alpha_0_8=1000
o,8,1,sddp_ecut_0_8_113_42,2.63448e+08,,rsv_vol_1_50_8_80=0,rsv_vol_6_50_8_80=0.479546,rsv_vol_21_50_8_80=0,rsv_vol_28_50_8_80=0,rsv_vol_37_50_8_80=0.774691,rsv_vol_63_50_8_80=0.00579216,rsv_vol_65_50_8_80=-17.0875,rsv_vol_67_50_8_80=4295.42,sddp_alpha_0_7=1000
o,7,1,sddp_ecut_0_7_113_43,2.31658e+08,,rsv_vol_1_50_7_70=0,rsv_vol_6_50_7_70=0.434487,rsv_vol_21_50_7_70=0,rsv_vol_28_50_7_70=0,rsv_vol_37_50_7_70=0.680909,rsv_vol_63_50_7_70=0.00517157,rsv_vol_65_50_7_70=-17.0875,rsv_vol_67_50_7_70=3123.81,sddp_alpha_0_6=1000
o,6,1,sddp_ecut_0_6_113_44,2.81814e+08,,rsv_vol_1_50_6_60=0,rsv_vol_6_50_6_60=0.528607,rsv_vol_21_50_6_60=0,rsv_vol_28_50_6_60=0,rsv_vol_37_50_6_60=0.936707,rsv_vol_63_50_6_60=0.00756529,rsv_vol_65_50_6_60=0,rsv_vol_67_50_6_60=5943.57,sddp_alpha_0_5=1000
o,5,1,sddp_ecut_0_5_113_45,2.81885e+08,,rsv_vol_1_50_5_50=0,rsv_vol_6_50_5_50=0.554327,rsv_vol_21_50_5_50=0,rsv_vol_28_50_5_50=0,rsv_vol_37_50_5_50=0.73746,rsv_vol_63_50_5_50=0.00649041,rsv_vol_65_50_5_50=0,rsv_vol_67_50_5_50=4823.92,sddp_alpha_0_4=1000
o,4,1,sddp_ecut_0_4_113_46,2.83267e+08,,rsv_vol_1_50_4_40=0,rsv_vol_6_50_4_40=0.554263,rsv_vol_21_50_4_40=0,rsv_vol_28_50_4_40=0,rsv_vol_37_50_4_40=0.812836,rsv_vol_63_50_4_40=0,rsv_vol_65_50_4_40=0,rsv_vol_67_50_4_40=2573.44,sddp_alpha_0_3=1000
o,3,1,sddp_ecut_0_3_113_47,2.50811e+08,,rsv_vol_1_50_3_30=0,rsv_vol_6_50_3_30=0.545396,rsv_vol_21_50_3_30=0,rsv_vol_28_50_3_30=0,rsv_vol_37_50_3_30=0.744395,rsv_vol_63_50_3_30=0,rsv_vol_65_50_3_30=-34.4475,rsv_vol_67_50_3_30=2830.48,sddp_alpha_0_2=1000
o,2,1,sddp_ecut_0_2_113_48,2.25338e+08,,rsv_vol_1_50_2_20=0,rsv_vol_6_50_2_20=0.707866,rsv_vol_21_50_2_20=0,rsv_vol_28_50_2_20=0,rsv_vol_37_50_2_20=0.488828,rsv_vol_63_50_2_20=0,rsv_vol_65_50_2_20=-69.4444,rsv_vol_67_50_2_20=6213.54,sddp_alpha_0_1=1000
o,1,1,sddp_ecut_0_1_113_49,2.65508e+08,,rsv_vol_1_50_1_10=0,rsv_vol_6_50_1_10=0.843154,rsv_vol_21_50_1_10=0,rsv_vol_28_50_1_10=0,rsv_vol_37_50_1_10=0.507562,rsv_vol_63_50_1_10=0,rsv_vol_65_50_1_10=-17.3611,rsv_vol_67_50_1_10=9920.79,sddp_alpha_0_0=1000
o,50,1,sddp_ecut_0_50_114_0,7.4197e+08,,rsv_vol_1_50_50_500=0,rsv_vol_6_50_50_500=1.94792,rsv_vol_21_50_50_500=0,rsv_vol_28_50_50_500=0,rsv_vol_37_50_50_500=2.90475,rsv_vol_63_50_50_500=9343.02,rsv_vol_65_50_50_500=35009.8,rsv_vol_67_50_50_500=15127.2,sddp_alpha_0_49=1000
o,49,1,sddp_ecut_0_49_114_1,5.94245e+08,,rsv_vol_1_50_49_490=0,rsv_vol_6_50_49_490=-12.3816,rsv_vol_21_50_49_490=0,rsv_vol_28_50_49_490=0,rsv_vol_37_50_49_490=1.87958,rsv_vol_63_50_49_490=8418.64,rsv_vol_65_50_49_490=0,rsv_vol_67_50_49_490=14416.9,sddp_alpha_0_48=1000
o,48,1,sddp_ecut_0_48_114_2,6.5112e+08,,rsv_vol_1_50_48_480=0,rsv_vol_6_50_48_480=-26.4146,rsv_vol_21_50_48_480=0,rsv_vol_28_50_48_480=0,rsv_vol_37_50_48_480=2.43005,rsv_vol_63_50_48_480=7621.99,rsv_vol_65_50_48_480=0,rsv_vol_67_50_48_480=13639.3,sddp_alpha_0_47=1000
o,47,1,sddp_ecut_0_47_114_3,6.4186e+08,,rsv_vol_1_50_47_470=0,rsv_vol_6_50_47_470=-95.2668,rsv_vol_21_50_47_470=0,rsv_vol_28_50_47_470=0,rsv_vol_37_50_47_470=1.45394,rsv_vol_63_50_47_470=7678.17,rsv_vol_65_50_47_470=0,rsv_vol_67_50_47_470=9022.1,sddp_alpha_0_46=1000
o,46,1,sddp_ecut_0_46_114_4,6.21959e+08,,rsv_vol_1_50_46_460=0,rsv_vol_6_50_46_460=-123.55,rsv_vol_21_50_46_460=0,rsv_vol_28_50_46_460=0,rsv_vol_37_50_46_460=1.76338,rsv_vol_63_50_46_460=7622.2,rsv_vol_65_50_46_460=0,rsv_vol_67_50_46_460=6941.93,sddp_alpha_0_45=1000
o,45,1,sddp_ecut_0_45_114_5,6.87401e+08,,rsv_vol_1_50_45_450=0,rsv_vol_6_50_45_450=0.839902,rsv_vol_21_50_45_450=0,rsv_vol_28_50_45_450=0,rsv_vol_37_50_45_450=2.51234,rsv_vol_63_50_45_450=7123.3,rsv_vol_65_50_45_450=0,rsv_vol_67_50_45_450=11127.6,sddp_alpha_0_44=1000
o,44,1,sddp_ecut_0_44_114_6,6.90026e+08,,rsv_vol_1_50_44_440=0,rsv_vol_6_50_44_440=1.09349,rsv_vol_21_50_44_440=0,rsv_vol_28_50_44_440=0,rsv_vol_37_50_44_440=2.27898,rsv_vol_63_50_44_440=7545.16,rsv_vol_65_50_44_440=-28.0204,rsv_vol_67_50_44_440=10508.2,sddp_alpha_0_43=1000
o,43,1,sddp_ecut_0_43_114_7,7.71882e+08,,rsv_vol_1_50_43_430=0,rsv_vol_6_50_43_430=1.45338,rsv_vol_21_50_43_430=0,rsv_vol_28_50_43_430=0,rsv_vol_37_50_43_430=2.45561,rsv_vol_63_50_43_430=6525.85,rsv_vol_65_50_43_430=-28.2438,rsv_vol_67_50_43_430=12635.8,sddp_alpha_0_42=1000
o,42,1,sddp_ecut_0_42_114_8,8.26884e+08,,rsv_vol_1_50_42_420=0,rsv_vol_6_50_42_420=2.01369,rsv_vol_21_50_42_420=0,rsv_vol_28_50_42_420=0,rsv_vol_37_50_42_420=3.00551,rsv_vol_63_50_42_420=8883.06,rsv_vol_65_50_42_420=-14.2345,rsv_vol_67_50_42_420=14733.5,sddp_alpha_0_41=1000
o,41,1,sddp_ecut_0_41_114_9,8.32332e+08,,rsv_vol_1_50_41_410=0,rsv_vol_6_50_41_410=1.89132,rsv_vol_21_50_41_410=0,rsv_vol_28_50_41_410=0,rsv_vol_37_50_41_410=2.95122,rsv_vol_63_50_41_410=6677.09,rsv_vol_65_50_41_410=4962.15,rsv_vol_67_50_41_410=11700.4,sddp_alpha_0_40=1000
o,40,1,sddp_ecut_0_40_114_10,8.47719e+08,,rsv_vol_1_50_40_400=0,rsv_vol_6_50_40_400=2.03587,rsv_vol_21_50_40_400=0,rsv_vol_28_50_40_400=0,rsv_vol_37_50_40_400=4.35808,rsv_vol_63_50_40_400=8532.25,rsv_vol_65_50_40_400=4695.37,rsv_vol_67_50_40_400=14517.1,sddp_alpha_0_39=1000
o,39,1,sddp_ecut_0_39_114_11,7.73673e+08,,rsv_vol_1_50_39_390=0,rsv_vol_6_50_39_390=1.80547,rsv_vol_21_50_39_390=0,rsv_vol_28_50_39_390=0,rsv_vol_37_50_39_390=3.81567,rsv_vol_63_50_39_390=8647.2,rsv_vol_65_50_39_390=4663.56,rsv_vol_67_50_39_390=15042.9,sddp_alpha_0_38=1000
o,38,1,sddp_ecut_0_38_114_12,7.79346e+08,,rsv_vol_1_50_38_380=0,rsv_vol_6_50_38_380=-12.7532,rsv_vol_21_50_38_380=0,rsv_vol_28_50_38_380=0,rsv_vol_37_50_38_380=2.83015,rsv_vol_63_50_38_380=9549.15,rsv_vol_65_50_38_380=12661.7,rsv_vol_67_50_38_380=-235.104,sddp_alpha_0_37=1000
o,37,1,sddp_ecut_0_37_114_13,6.45813e+08,,rsv_vol_1_50_37_370=0,rsv_vol_6_50_37_370=-13.6252,rsv_vol_21_50_37_370=0,rsv_vol_28_50_37_370=0,rsv_vol_37_50_37_370=2.23528,rsv_vol_63_50_37_370=9443.88,rsv_vol_65_50_37_370=0,rsv_vol_67_50_37_370=15930,sddp_alpha_0_36=1000
o,36,1,sddp_ecut_0_36_114_14,7.0939e+08,,rsv_vol_1_50_36_360=0,rsv_vol_6_50_36_360=-29.2047,rsv_vol_21_50_36_360=0,rsv_vol_28_50_36_360=0,rsv_vol_37_50_36_360=2.77566,rsv_vol_63_50_36_360=9090.91,rsv_vol_65_50_36_360=0,rsv_vol_67_50_36_360=15229.1,sddp_alpha_0_35=1000
o,35,1,sddp_ecut_0_35_114_15,7.38236e+08,,rsv_vol_1_50_35_350=0,rsv_vol_6_50_35_350=-105.102,rsv_vol_21_50_35_350=0,rsv_vol_28_50_35_350=0,rsv_vol_37_50_35_350=0.693072,rsv_vol_63_50_35_350=8573.34,rsv_vol_65_50_35_350=0,rsv_vol_67_50_35_350=3253.05,sddp_alpha_0_34=1000
o,34,1,sddp_ecut_0_34_114_16,7.15841e+08,,rsv_vol_1_50_34_340=0,rsv_vol_6_50_34_340=-29.8209,rsv_vol_21_50_34_340=0,rsv_vol_28_50_34_340=0,rsv_vol_37_50_34_340=1.1029,rsv_vol_63_50_34_340=9189.82,rsv_vol_65_50_34_340=0,rsv_vol_67_50_34_340=1639.13,sddp_alpha_0_33=1000
o,33,1,sddp_ecut_0_33_114_17,7.85711e+08,,rsv_vol_1_50_33_330=0,rsv_vol_6_50_33_330=1.41522,rsv_vol_21_50_33_330=0,rsv_vol_28_50_33_330=0,rsv_vol_37_50_33_330=2.15555,rsv_vol_63_50_33_330=7432.22,rsv_vol_65_50_33_330=0,rsv_vol_67_50_33_330=7990.96,sddp_alpha_0_32=1000
o,32,1,sddp_ecut_0_32_114_18,7.86227e+08,,rsv_vol_1_50_32_320=0,rsv_vol_6_50_32_320=1.50884,rsv_vol_21_50_32_320=0,rsv_vol_28_50_32_320=0,rsv_vol_37_50_32_320=1.93903,rsv_vol_63_50_32_320=4402.97,rsv_vol_65_50_32_320=0,rsv_vol_67_50_32_320=8573.67,sddp_alpha_0_31=1000
o,31,1,sddp_ecut_0_31_114_19,8.80882e+08,,rsv_vol_1_50_31_310=0,rsv_vol_6_50_31_310=1.86777,rsv_vol_21_50_31_310=0,rsv_vol_28_50_31_310=0,rsv_vol_37_50_31_310=2.48662,rsv_vol_63_50_31_310=1807.29,rsv_vol_65_50_31_310=-15.5341,rsv_vol_67_50_31_310=12724.6,sddp_alpha_0_30=1000
o,30,1,sddp_ecut_0_30_114_20,9.50338e+08,,rsv_vol_1_50_30_300=0,rsv_vol_6_50_30_300=2.42933,rsv_vol_21_50_30_300=0,rsv_vol_28_50_30_300=0,rsv_vol_37_50_30_300=3.57529,rsv_vol_63_50_30_300=8717.49,rsv_vol_65_50_30_300=-31.3159,rsv_vol_67_50_30_300=16476.2,sddp_alpha_0_29=1000
o,29,1,sddp_ecut_0_29_114_21,9.75418e+08,,rsv_vol_1_50_29_290=0,rsv_vol_6_50_29_290=3.07721,rsv_vol_21_50_29_290=0,rsv_vol_28_50_29_290=0,rsv_vol_37_50_29_290=2.22383,rsv_vol_63_50_29_290=8648.77,rsv_vol_65_50_29_290=15585.7,rsv_vol_67_50_29_290=3619.72,sddp_alpha_0_28=1000
o,28,1,sddp_ecut_0_28_114_22,1.03339e+09,,rsv_vol_1_50_28_280=0,rsv_vol_6_50_28_280=3.41761,rsv_vol_21_50_28_280=0,rsv_vol_28_50_28_280=0,rsv_vol_37_50_28_280=6.63199,rsv_vol_63_50_28_280=10199,rsv_vol_65_50_28_280=23688.4,rsv_vol_67_50_28_280=1852.15,sddp_alpha_0_27=1000
o,27,1,sddp_ecut_0_27_114_23,9.23448e+08,,rsv_vol_1_50_27_270=0,rsv_vol_6_50_27_270=-30.9372,rsv_vol_21_50_27_270=0,rsv_vol_28_50_27_270=0,rsv_vol_37_50_27_270=1.23183,rsv_vol_63_50_27_270=9289.17,rsv_vol_65_50_27_270=4392.88,rsv_vol_67_50_27_270=-256.569,sddp_alpha_0_26=1000
o,26,1,sddp_ecut_0_26_114_24,9.38607e+08,,rsv_vol_1_50_26_260=0,rsv_vol_6_50_26_260=-47.1974,rsv_vol_21_50_26_260=0,rsv_vol_28_50_26_260=0,rsv_vol_37_50_26_260=5.18722,rsv_vol_63_50_26_260=10361.7,rsv_vol_65_50_26_260=0,rsv_vol_67_50_26_260=17207.8,sddp_alpha_0_25=1000
o,25,1,sddp_ecut_0_25_114_25,8.2928e+08,,rsv_vol_1_50_25_250=0,rsv_vol_6_50_25_250=-63.968,rsv_vol_21_50_25_250=0,rsv_vol_28_50_25_250=0,rsv_vol_37_50_25_250=4.78176,rsv_vol_63_50_25_250=11019,rsv_vol_65_50_25_250=0,rsv_vol_67_50_25_250=18631.8,sddp_alpha_0_24=1000
o,24,1,sddp_ecut_0_24_114_26,9.00769e+08,,rsv_vol_1_50_24_240=0,rsv_vol_6_50_24_240=-146.75,rsv_vol_21_50_24_240=0,rsv_vol_28_50_24_240=0,rsv_vol_37_50_24_240=3.85428,rsv_vol_63_50_24_240=10337,rsv_vol_65_50_24_240=0,rsv_vol_67_50_24_240=17158.7,sddp_alpha_0_23=1000
o,23,1,sddp_ecut_0_23_114_27,8.7139e+08,,rsv_vol_1_50_23_230=0,rsv_vol_6_50_23_230=-115.323,rsv_vol_21_50_23_230=0,rsv_vol_28_50_23_230=0,rsv_vol_37_50_23_230=1.29822,rsv_vol_63_50_23_230=8882.42,rsv_vol_65_50_23_230=0,rsv_vol_67_50_23_230=6594.82,sddp_alpha_0_22=1000
o,22,1,sddp_ecut_0_22_114_28,2.25306e+08,,rsv_vol_1_50_22_220=0,rsv_vol_6_50_22_220=0.3573,rsv_vol_21_50_22_220=0,rsv_vol_28_50_22_220=0,rsv_vol_37_50_22_220=0.483474,rsv_vol_63_50_22_220=7.80866,rsv_vol_65_50_22_220=-16.6852,rsv_vol_67_50_22_220=2751.78,sddp_alpha_0_21=1000
o,21,1,sddp_ecut_0_21_114_29,1.97243e+08,,rsv_vol_1_50_21_210=0,rsv_vol_6_50_21_210=0.327868,rsv_vol_21_50_21_210=0,rsv_vol_28_50_21_210=0,rsv_vol_37_50_21_210=0.353737,rsv_vol_63_50_21_210=7.20799,rsv_vol_65_50_21_210=-16.6852,rsv_vol_67_50_21_210=1323.9,sddp_alpha_0_20=1000
o,20,1,sddp_ecut_0_20_114_30,2.24944e+08,,rsv_vol_1_50_20_200=0,rsv_vol_6_50_20_200=0.396313,rsv_vol_21_50_20_200=0,rsv_vol_28_50_20_200=0,rsv_vol_37_50_20_200=0.345962,rsv_vol_63_50_20_200=6.00666,rsv_vol_65_50_20_200=-50.0555,rsv_vol_67_50_20_200=1140.36,sddp_alpha_0_19=1000
o,19,1,sddp_ecut_0_19_114_31,1.9615e+08,,rsv_vol_1_50_19_190=0,rsv_vol_6_50_19_190=0.358616,rsv_vol_21_50_19_190=0,rsv_vol_28_50_19_190=0,rsv_vol_37_50_19_190=0.248175,rsv_vol_63_50_19_190=7.20799,rsv_vol_65_50_19_190=-50.0555,rsv_vol_67_50_19_190=392.776,sddp_alpha_0_18=1000
o,18,1,sddp_ecut_0_18_114_32,2.4088e+08,,rsv_vol_1_50_18_180=0,rsv_vol_6_50_18_180=0.402678,rsv_vol_21_50_18_180=0,rsv_vol_28_50_18_180=0,rsv_vol_37_50_18_180=0.414202,rsv_vol_63_50_18_180=7.26547,rsv_vol_65_50_18_180=-50.4547,rsv_vol_67_50_18_180=2041.26,sddp_alpha_0_17=1000
o,17,1,sddp_ecut_0_17_114_33,2.42099e+08,,rsv_vol_1_50_17_170=0,rsv_vol_6_50_17_170=0.412814,rsv_vol_21_50_17_170=0,rsv_vol_28_50_17_170=0,rsv_vol_37_50_17_170=0.503725,rsv_vol_63_50_17_170=7.26547,rsv_vol_65_50_17_170=-33.6364,rsv_vol_67_50_17_170=1572.26,sddp_alpha_0_16=1000
o,16,1,sddp_ecut_0_16_114_34,2.42624e+08,,rsv_vol_1_50_16_160=0,rsv_vol_6_50_16_160=0.418494,rsv_vol_21_50_16_160=0,rsv_vol_28_50_16_160=0,rsv_vol_37_50_16_160=0.488897,rsv_vol_63_50_16_160=6.66001,rsv_vol_65_50_16_160=0,rsv_vol_67_50_16_160=3249.37,sddp_alpha_0_15=1000
o,15,1,sddp_ecut_0_15_114_35,2.12073e+08,,rsv_vol_1_50_15_150=0,rsv_vol_6_50_15_150=0.375323,rsv_vol_21_50_15_150=0,rsv_vol_28_50_15_150=0,rsv_vol_37_50_15_150=0.336979,rsv_vol_63_50_15_150=4.23819,rsv_vol_65_50_15_150=-16.8182,rsv_vol_67_50_15_150=772.609,sddp_alpha_0_14=1000
o,14,1,sddp_ecut_0_14_114_36,2.51893e+08,,rsv_vol_1_50_14_140=0,rsv_vol_6_50_14_140=0.486347,rsv_vol_21_50_14_140=0,rsv_vol_28_50_14_140=0,rsv_vol_37_50_14_140=0.585543,rsv_vol_63_50_14_140=4.88227,rsv_vol_65_50_14_140=-16.9523,rsv_vol_67_50_14_140=5388.82,sddp_alpha_0_13=1000
o,13,1,sddp_ecut_0_13_114_37,2.17886e+08,,rsv_vol_1_50_13_130=0,rsv_vol_6_50_13_130=0.381142,rsv_vol_21_50_13_130=0,rsv_vol_28_50_13_130=0,rsv_vol_37_50_13_130=0.384669,rsv_vol_63_50_13_130=3.05443,rsv_vol_65_50_13_130=-16.9523,rsv_vol_67_50_13_130=1364.34,sddp_alpha_0_12=1000
o,12,1,sddp_ecut_0_12_114_38,2.49692e+08,,rsv_vol_1_50_12_120=0,rsv_vol_6_50_12_120=0.463542,rsv_vol_21_50_12_120=0,rsv_vol_28_50_12_120=0,rsv_vol_37_50_12_120=0.569366,rsv_vol_63_50_12_120=3.66341,rsv_vol_65_50_12_120=-33.9046,rsv_vol_67_50_12_120=4862.43,sddp_alpha_0_11=1000
o,11,1,sddp_ecut_0_11_114_39,2.19629e+08,,rsv_vol_1_50_11_110=0,rsv_vol_6_50_11_110=0.422289,rsv_vol_21_50_11_110=0,rsv_vol_28_50_11_110=0,rsv_vol_37_50_11_110=0.549519,rsv_vol_63_50_11_110=1.22057,rsv_vol_65_50_11_110=0,rsv_vol_67_50_11_110=1867.99,sddp_alpha_0_10=1000
o,10,1,sddp_ecut_0_10_114_40,2.60918e+08,,rsv_vol_1_50_10_100=0,rsv_vol_6_50_10_100=0.460434,rsv_vol_21_50_10_100=0,rsv_vol_28_50_10_100=0,rsv_vol_37_50_10_100=0.520056,rsv_vol_63_50_10_100=1.2303,rsv_vol_65_50_10_100=-34.175,rsv_vol_67_50_10_100=2725.03,sddp_alpha_0_9=1000
o,9,1,sddp_ecut_0_9_114_41,2.6257e+08,,rsv_vol_1_50_9_90=0,rsv_vol_6_50_9_90=0.471838,rsv_vol_21_50_9_90=0,rsv_vol_28_50_9_90=0,rsv_vol_37_50_9_90=0.533764,rsv_vol_63_50_9_90=0,rsv_vol_65_50_9_90=-17.0875,rsv_vol_67_50_9_90=2030.46,sddp_alpha_0_8=1000
o,8,1,sddp_ecut_0_8_114_42,2.63448e+08,,rsv_vol_1_50_8_80=0,rsv_vol_6_50_8_80=0.479546,rsv_vol_21_50_8_80=0,rsv_vol_28_50_8_80=0,rsv_vol_37_50_8_80=0.774691,rsv_vol_63_50_8_80=0.00579216,rsv_vol_65_50_8_80=-17.0875,rsv_vol_67_50_8_80=4295.42,sddp_alpha_0_7=1000
o,7,1,sddp_ecut_0_7_114_43,2.31658e+08,,rsv_vol_1_50_7_70=0,rsv_vol_6_50_7_70=0.434487,rsv_vol_21_50_7_70=0,rsv_vol_28_50_7_70=0,rsv_vol_37_50_7_70=0.680909,rsv_vol_63_50_7_70=0.00517157,rsv_vol_65_50_7_70=-17.0875,rsv_vol_67_50_7_70=3123.81,sddp_alpha_0_6=1000
o,6,1,sddp_ecut_0_6_114_44,2.81814e+08,,rsv_vol_1_50_6_60=0,rsv_vol_6_50_6_60=0.528607,rsv_vol_21_50_6_60=0,rsv_vol_28_50_6_60=0,rsv_vol_37_50_6_60=0.936707,rsv_vol_63_50_6_60=0.00756529,rsv_vol_65_50_6_60=0,rsv_vol_67_50_6_60=5943.57,sddp_alpha_0_5=1000
o,5,1,sddp_ecut_0_5_114_45,2.81885e+08,,rsv_vol_1_50_5_50=0,rsv_vol_6_50_5_50=0.554327,rsv_vol_21_50_5_50=0,rsv_vol_28_50_5_50=0,rsv_vol_37_50_5_50=0.73746,rsv_vol_63_50_5_50=0.00649041,rsv_vol_65_50_5_50=0,rsv_vol_67_50_5_50=4823.92,sddp_alpha_0_4=1000
o,4,1,sddp_ecut_0_4_114_46,2.83267e+08,,rsv_vol_1_50_4_40=0,rsv_vol_6_50_4_40=0.554263,rsv_vol_21_50_4_40=0,rsv_vol_28_50_4_40=0,rsv_vol_37_50_4_40=0.812836,rsv_vol_63_50_4_40=0,rsv_vol_65_50_4_40=0,rsv_vol_67_50_4_40=2573.44,sddp_alpha_0_3=1000
o,3,1,sddp_ecut_0_3_114_47,2.50811e+08,,rsv_vol_1_50_3_30=0,rsv_vol_6_50_3_30=0.545396,rsv_vol_21_50_3_30=0,rsv_vol_28_50_3_30=0,rsv_vol_37_50_3_30=0.744395,rsv_vol_63_50_3_30=0,rsv_vol_65_50_3_30=-34.4475,rsv_vol_67_50_3_30=2830.48,sddp_alpha_0_2=1000
o,2,1,sddp_ecut_0_2_114_48,2.25338e+08,,rsv_vol_1_50_2_20=0,rsv_vol_6_50_2_20=0.707866,rsv_vol_21_50_2_20=0,rsv_vol_28_50_2_20=0,rsv_vol_37_50_2_20=0.488828,rsv_vol_63_50_2_20=0,rsv_vol_65_50_2_20=-69.4444,rsv_vol_67_50_2_20=6213.54,sddp_alpha_0_1=1000
o,1,1,sddp_ecut_0_1_114_49,2.65508e+08,,rsv_vol_1_50_1_10=0,rsv_vol_6_50_1_10=0.843154,rsv_vol_21_50_1_10=0,rsv_vol_28_50_1_10=0,rsv_vol_37_50_1_10=0.507562,rsv_vol_63_50_1_10=0,rsv_vol_65_50_1_10=-17.3611,rsv_vol_67_50_1_10=9920.79,sddp_alpha_0_0=1000
o,50,1,sddp_ecut_0_50_115_0,7.4197e+08,,rsv_vol_1_50_50_500=0,rsv_vol_6_50_50_500=1.94792,rsv_vol_21_50_50_500=0,rsv_vol_28_50_50_500=0,rsv_vol_37_50_50_500=2.90475,rsv_vol_63_50_50_500=9343.02,rsv_vol_65_50_50_500=35009.8,rsv_vol_67_50_50_500=15127.2,sddp_alpha_0_49=1000
o,49,1,sddp_ecut_0_49_115_1,5.94245e+08,,rsv_vol_1_50_49_490=0,rsv_vol_6_50_49_490=-12.3816,rsv_vol_21_50_49_490=0,rsv_vol_28_50_49_490=0,rsv_vol_37_50_49_490=1.87958,rsv_vol_63_50_49_490=8418.64,rsv_vol_65_50_49_490=0,rsv_vol_67_50_49_490=14416.9,sddp_alpha_0_48=1000
o,48,1,sddp_ecut_0_48_115_2,6.5112e+08,,rsv_vol_1_50_48_480=0,rsv_vol_6_50_48_480=-26.4146,rsv_vol_21_50_48_480=0,rsv_vol_28_50_48_480=0,rsv_vol_37_50_48_480=2.43005,rsv_vol_63_50_48_480=7621.99,rsv_vol_65_50_48_480=0,rsv_vol_67_50_48_480=13639.3,sddp_alpha_0_47=1000
o,47,1,sddp_ecut_0_47_115_3,6.4186e+08,,rsv_vol_1_50_47_470=0,rsv_vol_6_50_47_470=-95.2668,rsv_vol_21_50_47_470=0,rsv_vol_28_50_47_470=0,rsv_vol_37_50_47_470=1.45394,rsv_vol_63_50_47_470=7678.17,rsv_vol_65_50_47_470=0,rsv_vol_67_50_47_470=9022.1,sddp_alpha_0_46=1000
o,46,1,sddp_ecut_0_46_115_4,6.21959e+08,,rsv_vol_1_50_46_460=0,rsv_vol_6_50_46_460=-123.55,rsv_vol_21_50_46_460=0,rsv_vol_28_50_46_460=0,rsv_vol_37_50_46_460=1.76338,rsv_vol_63_50_46_460=7622.2,rsv_vol_65_50_46_460=0,rsv_vol_67_50_46_460=6941.93,sddp_alpha_0_45=1000
o,45,1,sddp_ecut_0_45_115_5,6.87401e+08,,rsv_vol_1_50_45_450=0,rsv_vol_6_50_45_450=0.839902,rsv_vol_21_50_45_450=0,rsv_vol_28_50_45_450=0,rsv_vol_37_50_45_450=2.51234,rsv_vol_63_50_45_450=7123.3,rsv_vol_65_50_45_450=0,rsv_vol_67_50_45_450=11127.6,sddp_alpha_0_44=1000
o,44,1,sddp_ecut_0_44_115_6,6.90026e+08,,rsv_vol_1_50_44_440=0,rsv_vol_6_50_44_440=1.09349,rsv_vol_21_50_44_440=0,rsv_vol_28_50_44_440=0,rsv_vol_37_50_44_440=2.27898,rsv_vol_63_50_44_440=7545.16,rsv_vol_65_50_44_440=-28.0204,rsv_vol_67_50_44_440=10508.2,sddp_alpha_0_43=1000
o,43,1,sddp_ecut_0_43_115_7,7.71882e+08,,rsv_vol_1_50_43_430=0,rsv_vol_6_50_43_430=1.45338,rsv_vol_21_50_43_430=0,rsv_vol_28_50_43_430=0,rsv_vol_37_50_43_430=2.45561,rsv_vol_63_50_43_430=6525.85,rsv_vol_65_50_43_430=-28.2438,rsv_vol_67_50_43_430=12635.8,sddp_alpha_0_42=1000
o,42,1,sddp_ecut_0_42_115_8,8.26884e+08,,rsv_vol_1_50_42_420=0,rsv_vol_6_50_42_420=2.01369,rsv_vol_21_50_42_420=0,rsv_vol_28_50_42_420=0,rsv_vol_37_50_42_420=3.00551,rsv_vol_63_50_42_420=8883.06,rsv_vol_65_50_42_420=-14.2345,rsv_vol_67_50_42_420=14733.5,sddp_alpha_0_41=1000
o,41,1,sddp_ecut_0_41_115_9,8.32332e+08,,rsv_vol_1_50_41_410=0,rsv_vol_6_50_41_410=1.89132,rsv_vol_21_50_41_410=0,rsv_vol_28_50_41_410=0,rsv_vol_37_50_41_410=2.95122,rsv_vol_63_50_41_410=6677.09,rsv_vol_65_50_41_410=4962.15,rsv_vol_67_50_41_410=11700.4,sddp_alpha_0_40=1000
o,40,1,sddp_ecut_0_40_115_10,8.47719e+08,,rsv_vol_1_50_40_400=0,rsv_vol_6_50_40_400=2.03587,rsv_vol_21_50_40_400=0,rsv_vol_28_50_40_400=0,rsv_vol_37_50_40_400=4.35808,rsv_vol_63_50_40_400=8532.25,rsv_vol_65_50_40_400=4695.37,rsv_vol_67_50_40_400=14517.1,sddp_alpha_0_39=1000
o,39,1,sddp_ecut_0_39_115_11,7.73673e+08,,rsv_vol_1_50_39_390=0,rsv_vol_6_50_39_390=1.80547,rsv_vol_21_50_39_390=0,rsv_vol_28_50_39_390=0,rsv_vol_37_50_39_390=3.81567,rsv_vol_63_50_39_390=8647.2,rsv_vol_65_50_39_390=4663.56,rsv_vol_67_50_39_390=15042.9,sddp_alpha_0_38=1000
o,38,1,sddp_ecut_0_38_115_12,7.79346e+08,,rsv_vol_1_50_38_380=0,rsv_vol_6_50_38_380=-12.7532,rsv_vol_21_50_38_380=0,rsv_vol_28_50_38_380=0,rsv_vol_37_50_38_380=2.83015,rsv_vol_63_50_38_380=9549.15,rsv_vol_65_50_38_380=12661.7,rsv_vol_67_50_38_380=-235.104,sddp_alpha_0_37=1000
o,37,1,sddp_ecut_0_37_115_13,6.45813e+08,,rsv_vol_1_50_37_370=0,rsv_vol_6_50_37_370=-13.6252,rsv_vol_21_50_37_370=0,rsv_vol_28_50_37_370=0,rsv_vol_37_50_37_370=2.23528,rsv_vol_63_50_37_370=9443.88,rsv_vol_65_50_37_370=0,rsv_vol_67_50_37_370=15930,sddp_alpha_0_36=1000
o,36,1,sddp_ecut_0_36_115_14,7.0939e+08,,rsv_vol_1_50_36_360=0,rsv_vol_6_50_36_360=-29.2047,rsv_vol_21_50_36_360=0,rsv_vol_28_50_36_360=0,rsv_vol_37_50_36_360=2.77566,rsv_vol_63_50_36_360=9090.91,rsv_vol_65_50_36_360=0,rsv_vol_67_50_36_360=15229.1,sddp_alpha_0_35=1000
o,35,1,sddp_ecut_0_35_115_15,7.38236e+08,,rsv_vol_1_50_35_350=0,rsv_vol_6_50_35_350=-105.102,rsv_vol_21_50_35_350=0,rsv_vol_28_50_35_350=0,rsv_vol_37_50_35_350=0.693072,rsv_vol_63_50_35_350=8573.34,rsv_vol_65_50_35_350=0,rsv_vol_67_50_35_350=3253.05,sddp_alpha_0_34=1000
o,34,1,sddp_ecut_0_34_115_16,7.15841e+08,,rsv_vol_1_50_34_340=0,rsv_vol_6_50_34_340=-29.8209,rsv_vol_21_50_34_340=0,rsv_vol_28_50_34_340=0,rsv_vol_37_50_34_340=1.1029,rsv_vol_63_50_34_340=9189.82,rsv_vol_65_50_34_340=0,rsv_vol_67_50_34_340=1639.13,sddp_alpha_0_33=1000
o,33,1,sddp_ecut_0_33_115_17,7.85711e+08,,rsv_vol_1_50_33_330=0,rsv_vol_6_50_33_330=1.41522,rsv_vol_21_50_33_330=0,rsv_vol_28_50_33_330=0,rsv_vol_37_50_33_330=2.15555,rsv_vol_63_50_33_330=7432.22,rsv_vol_65_50_33_330=0,rsv_vol_67_50_33_330=7990.96,sddp_alpha_0_32=1000
o,32,1,sddp_ecut_0_32_115_18,7.86227e+08,,rsv_vol_1_50_32_320=0,rsv_vol_6_50_32_320=1.50884,rsv_vol_21_50_32_320=0,rsv_vol_28_50_32_320=0,rsv_vol_37_50_32_320=1.93903,rsv_vol_63_50_32_320=4402.97,rsv_vol_65_50_32_320=0,rsv_vol_67_50_32_320=8573.67,sddp_alpha_0_31=1000
o,31,1,sddp_ecut_0_31_115_19,8.80882e+08,,rsv_vol_1_50_31_310=0,rsv_vol_6_50_31_310=1.86777,rsv_vol_21_50_31_310=0,rsv_vol_28_50_31_310=0,rsv_vol_37_50_31_310=2.48662,rsv_vol_63_50_31_310=1807.29,rsv_vol_65_50_31_310=-15.5341,rsv_vol_67_50_31_310=12724.6,sddp_alpha_0_30=1000
o,30,1,sddp_ecut_0_30_115_20,9.50338e+08,,rsv_vol_1_50_30_300=0,rsv_vol_6_50_30_300=2.42933,rsv_vol_21_50_30_300=0,rsv_vol_28_50_30_300=0,rsv_vol_37_50_30_300=3.57529,rsv_vol_63_50_30_300=8717.49,rsv_vol_65_50_30_300=-31.3159,rsv_vol_67_50_30_300=16476.2,sddp_alpha_0_29=1000
o,29,1,sddp_ecut_0_29_115_21,9.75418e+08,,rsv_vol_1_50_29_290=0,rsv_vol_6_50_29_290=3.07721,rsv_vol_21_50_29_290=0,rsv_vol_28_50_29_290=0,rsv_vol_37_50_29_290=2.22383,rsv_vol_63_50_29_290=8648.77,rsv_vol_65_50_29_290=15585.7,rsv_vol_67_50_29_290=3619.72,sddp_alpha_0_28=1000
o,28,1,sddp_ecut_0_28_115_22,1.03339e+09,,rsv_vol_1_50_28_280=0,rsv_vol_6_50_28_280=3.41761,rsv_vol_21_50_28_280=0,rsv_vol_28_50_28_280=0,rsv_vol_37_50_28_280=6.63199,rsv_vol_63_50_28_280=10199,rsv_vol_65_50_28_280=23688.4,rsv_vol_67_50_28_280=1852.15,sddp_alpha_0_27=1000
o,27,1,sddp_ecut_0_27_115_23,9.23448e+08,,rsv_vol_1_50_27_270=0,rsv_vol_6_50_27_270=-30.9372,rsv_vol_21_50_27_270=0,rsv_vol_28_50_27_270=0,rsv_vol_37_50_27_270=1.23183,rsv_vol_63_50_27_270=9289.17,rsv_vol_65_50_27_270=4392.88,rsv_vol_67_50_27_270=-256.569,sddp_alpha_0_26=1000
o,26,1,sddp_ecut_0_26_115_24,9.38607e+08,,rsv_vol_1_50_26_260=0,rsv_vol_6_50_26_260=-47.1974,rsv_vol_21_50_26_260=0,rsv_vol_28_50_26_260=0,rsv_vol_37_50_26_260=5.18722,rsv_vol_63_50_26_260=10361.7,rsv_vol_65_50_26_260=0,rsv_vol_67_50_26_260=17207.8,sddp_alpha_0_25=1000
o,25,1,sddp_ecut_0_25_115_25,8.2928e+08,,rsv_vol_1_50_25_250=0,rsv_vol_6_50_25_250=-63.968,rsv_vol_21_50_25_250=0,rsv_vol_28_50_25_250=0,rsv_vol_37_50_25_250=4.78176,rsv_vol_63_50_25_250=11019,rsv_vol_65_50_25_250=0,rsv_vol_67_50_25_250=18631.8,sddp_alpha_0_24=1000
o,24,1,sddp_ecut_0_24_115_26,9.00769e+08,,rsv_vol_1_50_24_240=0,rsv_vol_6_50_24_240=-146.75,rsv_vol_21_50_24_240=0,rsv_vol_28_50_24_240=0,rsv_vol_37_50_24_240=3.85428,rsv_vol_63_50_24_240=10337,rsv_vol_65_50_24_240=0,rsv_vol_67_50_24_240=17158.7,sddp_alpha_0_23=1000
o,23,1,sddp_ecut_0_23_115_27,8.7139e+08,,rsv_vol_1_50_23_230=0,rsv_vol_6_50_23_230=-115.323,rsv_vol_21_50_23_230=0,rsv_vol_28_50_23_230=0,rsv_vol_37_50_23_230=1.29822,rsv_vol_63_50_23_230=8882.42,rsv_vol_65_50_23_230=0,rsv_vol_67_50_23_230=6594.82,sddp_alpha_0_22=1000
o,22,1,sddp_ecut_0_22_115_28,2.25306e+08,,rsv_vol_1_50_22_220=0,rsv_vol_6_50_22_220=0.3573,rsv_vol_21_50_22_220=0,rsv_vol_28_50_22_220=0,rsv_vol_37_50_22_220=0.483474,rsv_vol_63_50_22_220=7.80866,rsv_vol_65_50_22_220=-16.6852,rsv_vol_67_50_22_220=2751.78,sddp_alpha_0_21=1000
o,21,1,sddp_ecut_0_21_115_29,1.97243e+08,,rsv_vol_1_50_21_210=0,rsv_vol_6_50_21_210=0.327868,rsv_vol_21_50_21_210=0,rsv_vol_28_50_21_210=0,rsv_vol_37_50_21_210=0.353737,rsv_vol_63_50_21_210=7.20799,rsv_vol_65_50_21_210=-16.6852,rsv_vol_67_50_21_210=1323.9,sddp_alpha_0_20=1000
o,20,1,sddp_ecut_0_20_115_30,2.24944e+08,,rsv_vol_1_50_20_200=0,rsv_vol_6_50_20_200=0.396313,rsv_vol_21_50_20_200=0,rsv_vol_28_50_20_200=0,rsv_vol_37_50_20_200=0.345962,rsv_vol_63_50_20_200=6.00666,rsv_vol_65_50_20_200=-50.0555,rsv_vol_67_50_20_200=1140.36,sddp_alpha_0_19=1000
o,19,1,sddp_ecut_0_19_115_31,1.9615e+08,,rsv_vol_1_50_19_190=0,rsv_vol_6_50_19_190=0.358616,rsv_vol_21_50_19_190=0,rsv_vol_28_50_19_190=0,rsv_vol_37_50_19_190=0.248175,rsv_vol_63_50_19_190=7.20799,rsv_vol_65_50_19_190=-50.0555,rsv_vol_67_50_19_190=392.776,sddp_alpha_0_18=1000
o,18,1,sddp_ecut_0_18_115_32,2.4088e+08,,rsv_vol_1_50_18_180=0,rsv_vol_6_50_18_180=0.402678,rsv_vol_21_50_18_180=0,rsv_vol_28_50_18_180=0,rsv_vol_37_50_18_180=0.414202,rsv_vol_63_50_18_180=7.26547,rsv_vol_65_50_18_180=-50.4547,rsv_vol_67_50_18_180=2041.26,sddp_alpha_0_17=1000
o,17,1,sddp_ecut_0_17_115_33,2.42099e+08,,rsv_vol_1_50_17_170=0,rsv_vol_6_50_17_170=0.412814,rsv_vol_21_50_17_170=0,rsv_vol_28_50_17_170=0,rsv_vol_37_50_17_170=0.503725,rsv_vol_63_50_17_170=7.26547,rsv_vol_65_50_17_170=-33.6364,rsv_vol_67_50_17_170=1572.26,sddp_alpha_0_16=1000
o,16,1,sddp_ecut_0_16_115_34,2.42624e+08,,rsv_vol_1_50_16_160=0,rsv_vol_6_50_16_160=0.418494,rsv_vol_21_50_16_160=0,rsv_vol_28_50_16_160=0,rsv_vol_37_50_16_160=0.488897,rsv_vol_63_50_16_160=6.66001,rsv_vol_65_50_16_160=0,rsv_vol_67_50_16_160=3249.37,sddp_alpha_0_15=1000
o,15,1,sddp_ecut_0_15_115_35,2.12073e+08,,rsv_vol_1_50_15_150=0,rsv_vol_6_50_15_150=0.375323,rsv_vol_21_50_15_150=0,rsv_vol_28_50_15_150=0,rsv_vol_37_50_15_150=0.336979,rsv_vol_63_50_15_150=4.23819,rsv_vol_65_50_15_150=-16.8182,rsv_vol_67_50_15_150=772.609,sddp_alpha_0_14=1000
o,14,1,sddp_ecut_0_14_115_36,2.51893e+08,,rsv_vol_1_50_14_140=0,rsv_vol_6_50_14_140=0.486347,rsv_vol_21_50_14_140=0,rsv_vol_28_50_14_140=0,rsv_vol_37_50_14_140=0.585543,rsv_vol_63_50_14_140=4.88227,rsv_vol_65_50_14_140=-16.9523,rsv_vol_67_50_14_140=5388.82,sddp_alpha_0_13=1000
o,13,1,sddp_ecut_0_13_115_37,2.17886e+08,,rsv_vol_1_50_13_130=0,rsv_vol_6_50_13_130=0.381142,rsv_vol_21_50_13_130=0,rsv_vol_28_50_13_130=0,rsv_vol_37_50_13_130=0.384669,rsv_vol_63_50_13_130=3.05443,rsv_vol_65_50_13_130=-16.9523,rsv_vol_67_50_13_130=1364.34,sddp_alpha_0_12=1000
o,12,1,sddp_ecut_0_12_115_38,2.49692e+08,,rsv_vol_1_50_12_120=0,rsv_vol_6_50_12_120=0.463542,rsv_vol_21_50_12_120=0,rsv_vol_28_50_12_120=0,rsv_vol_37_50_12_120=0.569366,rsv_vol_63_50_12_120=3.66341,rsv_vol_65_50_12_120=-33.9046,rsv_vol_67_50_12_120=4862.43,sddp_alpha_0_11=1000
o,11,1,sddp_ecut_0_11_115_39,2.19629e+08,,rsv_vol_1_50_11_110=0,rsv_vol_6_50_11_110=0.422289,rsv_vol_21_50_11_110=0,rsv_vol_28_50_11_110=0,rsv_vol_37_50_11_110=0.549519,rsv_vol_63_50_11_110=1.22057,rsv_vol_65_50_11_110=0,rsv_vol_67_50_11_110=1867.99,sddp_alpha_0_10=1000
o,10,1,sddp_ecut_0_10_115_40,2.60918e+08,,rsv_vol_1_50_10_100=0,rsv_vol_6_50_10_100=0.460434,rsv_vol_21_50_10_100=0,rsv_vol_28_50_10_100=0,rsv_vol_37_50_10_100=0.520056,rsv_vol_63_50_10_100=1.2303,rsv_vol_65_50_10_100=-34.175,rsv_vol_67_50_10_100=2725.03,sddp_alpha_0_9=1000
o,9,1,sddp_ecut_0_9_115_41,2.6257e+08,,rsv_vol_1_50_9_90=0,rsv_vol_6_50_9_90=0.471838,rsv_vol_21_50_9_90=0,rsv_vol_28_50_9_90=0,rsv_vol_37_50_9_90=0.533764,rsv_vol_63_50_9_90=0,rsv_vol_65_50_9_90=-17.0875,rsv_vol_67_50_9_90=2030.46,sddp_alpha_0_8=1000
o,8,1,sddp_ecut_0_8_115_42,2.63448e+08,,rsv_vol_1_50_8_80=0,rsv_vol_6_50_8_80=0.479546,rsv_vol_21_50_8_80=0,rsv_vol_28_50_8_80=0,rsv_vol_37_50_8_80=0.774691,rsv_vol_63_50_8_80=0.00579216,rsv_vol_65_50_8_80=-17.0875,rsv_vol_67_50_8_80=4295.42,sddp_alpha_0_7=1000
o,7,1,sddp_ecut_0_7_115_43,2.31658e+08,,rsv_vol_1_50_7_70=0,rsv_vol_6_50_7_70=0.434487,rsv_vol_21_50_7_70=0,rsv_vol_28_50_7_70=0,rsv_vol_37_50_7_70=0.680909,rsv_vol_63_50_7_70=0.00517157,rsv_vol_65_50_7_70=-17.0875,rsv_vol_67_50_7_70=3123.81,sddp_alpha_0_6=1000
o,6,1,sddp_ecut_0_6_115_44,2.81814e+08,,rsv_vol_1_50_6_60=0,rsv_vol_6_50_6_60=0.528607,rsv_vol_21_50_6_60=0,rsv_vol_28_50_6_60=0,rsv_vol_37_50_6_60=0.936707,rsv_vol_63_50_6_60=0.00756529,rsv_vol_65_50_6_60=0,rsv_vol_67_50_6_60=5943.57,sddp_alpha_0_5=1000
o,5,1,sddp_ecut_0_5_115_45,2.81885e+08,,rsv_vol_1_50_5_50=0,rsv_vol_6_50_5_50=0.554327,rsv_vol_21_50_5_50=0,rsv_vol_28_50_5_50=0,rsv_vol_37_50_5_50=0.73746,rsv_vol_63_50_5_50=0.00649041,rsv_vol_65_50_5_50=0,rsv_vol_67_50_5_50=4823.92,sddp_alpha_0_4=1000
o,4,1,sddp_ecut_0_4_115_46,2.83267e+08,,rsv_vol_1_50_4_40=0,rsv_vol_6_50_4_40=0.554263,rsv_vol_21_50_4_40=0,rsv_vol_28_50_4_40=0,rsv_vol_37_50_4_40=0.812836,rsv_vol_63_50_4_40=0,rsv_vol_65_50_4_40=0,rsv_vol_67_50_4_40=2573.44,sddp_alpha_0_3=1000
o,3,1,sddp_ecut_0_3_115_47,2.50811e+08,,rsv_vol_1_50_3_30=0,rsv_vol_6_50_3_30=0.545396,rsv_vol_21_50_3_30=0,rsv_vol_28_50_3_30=0,rsv_vol_37_50_3_30=0.744395,rsv_vol_63_50_3_30=0,rsv_vol_65_50_3_30=-34.4475,rsv_vol_67_50_3_30=2830.48,sddp_alpha_0_2=1000
o,2,1,sddp_ecut_0_2_115_48,2.25338e+08,,rsv_vol_1_50_2_20=0,rsv_vol_6_50_2_20=0.707866,rsv_vol_21_50_2_20=0,rsv_vol_28_50_2_20=0,rsv_vol_37_50_2_20=0.488828,rsv_vol_63_50_2_20=0,rsv_vol_65_50_2_20=-69.4444,rsv_vol_67_50_2_20=6213.54,sddp_alpha_0_1=1000
o,1,1,sddp_ecut_0_1_115_49,2.65508e+08,,rsv_vol_1_50_1_10=0,rsv_vol_6_50_1_10=0.843154,rsv_vol_21_50_1_10=0,rsv_vol_28_50_1_10=0,rsv_vol_37_50_1_10=0.507562,rsv_vol_63_50_1_10=0,rsv_vol_65_50_1_10=-17.3611,rsv_vol_67_50_1_10=9920.79,sddp_alpha_0_0=1000
